No.,X,Y,Z,Lv,x,y,u',v',Tcp,duv,λd,Pe,L*,a*,b*,Le,Peak,380nm,381nm,382nm,383nm,384nm,385nm,386nm,387nm,388nm,389nm,390nm,391nm,392nm,393nm,394nm,395nm,396nm,397nm,398nm,399nm,400nm,401nm,402nm,403nm,404nm,405nm,406nm,407nm,408nm,409nm,410nm,411nm,412nm,413nm,414nm,415nm,416nm,417nm,418nm,419nm,420nm,421nm,422nm,423nm,424nm,425nm,426nm,427nm,428nm,429nm,430nm,431nm,432nm,433nm,434nm,435nm,436nm,437nm,438nm,439nm,440nm,441nm,442nm,443nm,444nm,445nm,446nm,447nm,448nm,449nm,450nm,451nm,452nm,453nm,454nm,455nm,456nm,457nm,458nm,459nm,460nm,461nm,462nm,463nm,464nm,465nm,466nm,467nm,468nm,469nm,470nm,471nm,472nm,473nm,474nm,475nm,476nm,477nm,478nm,479nm,480nm,481nm,482nm,483nm,484nm,485nm,486nm,487nm,488nm,489nm,490nm,491nm,492nm,493nm,494nm,495nm,496nm,497nm,498nm,499nm,500nm,501nm,502nm,503nm,504nm,505nm,506nm,507nm,508nm,509nm,510nm,511nm,512nm,513nm,514nm,515nm,516nm,517nm,518nm,519nm,520nm,521nm,522nm,523nm,524nm,525nm,526nm,527nm,528nm,529nm,530nm,531nm,532nm,533nm,534nm,535nm,536nm,537nm,538nm,539nm,540nm,541nm,542nm,543nm,544nm,545nm,546nm,547nm,548nm,549nm,550nm,551nm,552nm,553nm,554nm,555nm,556nm,557nm,558nm,559nm,560nm,561nm,562nm,563nm,564nm,565nm,566nm,567nm,568nm,569nm,570nm,571nm,572nm,573nm,574nm,575nm,576nm,577nm,578nm,579nm,580nm,581nm,582nm,583nm,584nm,585nm,586nm,587nm,588nm,589nm,590nm,591nm,592nm,593nm,594nm,595nm,596nm,597nm,598nm,599nm,600nm,601nm,602nm,603nm,604nm,605nm,606nm,607nm,608nm,609nm,610nm,611nm,612nm,613nm,614nm,615nm,616nm,617nm,618nm,619nm,620nm,621nm,622nm,623nm,624nm,625nm,626nm,627nm,628nm,629nm,630nm,631nm,632nm,633nm,634nm,635nm,636nm,637nm,638nm,639nm,640nm,641nm,642nm,643nm,644nm,645nm,646nm,647nm,648nm,649nm,650nm,651nm,652nm,653nm,654nm,655nm,656nm,657nm,658nm,659nm,660nm,661nm,662nm,663nm,664nm,665nm,666nm,667nm,668nm,669nm,670nm,671nm,672nm,673nm,674nm,675nm,676nm,677nm,678nm,679nm,680nm,681nm,682nm,683nm,684nm,685nm,686nm,687nm,688nm,689nm,690nm,691nm,692nm,693nm,694nm,695nm,696nm,697nm,698nm,699nm,700nm,701nm,702nm,703nm,704nm,705nm,706nm,707nm,708nm,709nm,710nm,711nm,712nm,713nm,714nm,715nm,716nm,717nm,718nm,719nm,720nm,721nm,722nm,723nm,724nm,725nm,726nm,727nm,728nm,729nm,730nm,731nm,732nm,733nm,734nm,735nm,736nm,737nm,738nm,739nm,740nm,741nm,742nm,743nm,744nm,745nm,746nm,747nm,748nm,749nm,750nm,751nm,752nm,753nm,754nm,755nm,756nm,757nm,758nm,759nm,760nm,761nm,762nm,763nm,764nm,765nm,766nm,767nm,768nm,769nm,770nm,771nm,772nm,773nm,774nm,775nm,776nm,777nm,778nm,779nm,780nm,SYNC MODE,SYNC FRAME,SPEED MODE,DARK SETTING,IN-ND,CMF,ANGLE,WHITE POINT_Y,WHITE POINT_x,WHITE POINT_y,ACC,AVERAGING TIMES,INTEGRATION TIME,MEASUREMENT TIME,USER CH,NEGATIVE VALUE,DATE,TIME,ERR CODE,WARM-UP,TEMP. CHANGED,LONG TIME,INSTRUMENT,SERIAL NO,FW VERSION
1,1.51909622E+03,8.81521479E+02,7.85284460E+00,8.81521479E+02,0.63073066,0.36600883,0.41152649,0.53731372,----,----,601.401776,99.1544448,223.626929,205.442107,327.504158,3.08681945E+00,596,-1.12E-05,-2.04E-05,-1.47E-05,9.79193919E-06,1.44754940E-05,1.53250967E-05,-9.29E-06,-2.55E-05,1.07515898E-05,2.89118016E-05,8.58984913E-06,-7.84E-06,-1.41E-05,1.26648029E-05,1.73513649E-06,1.74986951E-06,-7.84E-06,-1.14E-05,1.14044742E-05,-5.22E-06,-2.89E-06,-3.80E-06,-1.72E-05,-1.77E-06,1.70470321E-05,1.91664503E-06,6.09050221E-06,-4.38E-06,5.72133968E-06,6.94867367E-06,1.27279254E-05,1.26453301E-06,4.29856482E-06,9.61042133E-07,6.99928114E-06,3.24497387E-06,4.90751199E-06,6.29834221E-06,-1.39E-05,2.16531635E-06,-7.95E-07,5.21685115E-06,-1.37E-05,1.43022344E-05,5.05408752E-06,5.78747131E-06,1.67839898E-05,-8.92E-06,-2.01E-06,-5.98E-08,9.60258967E-06,7.93521485E-06,-3.23E-06,1.50216692E-06,-1.57E-06,-1.16E-05,-8.30E-07,-1.15E-06,1.78861342E-06,-5.48E-06,-9.81E-07,1.35672144E-05,3.86961119E-06,1.08237991E-05,1.99401293E-05,2.56817166E-05,2.15448508E-05,3.35500008E-05,3.00029224E-05,5.05004609E-05,6.08996415E-05,6.41904626E-05,6.87326974E-05,8.56281913E-05,9.41529070E-05,1.01468941E-04,1.06512976E-04,9.14927659E-05,1.02381382E-04,1.10416317E-04,9.83150094E-05,1.11118170E-04,9.04794724E-05,8.97699138E-05,9.62293634E-05,8.10870552E-05,7.70653642E-05,8.00944763E-05,7.99967747E-05,7.92944629E-05,8.36808395E-05,8.18307963E-05,8.15113381E-05,8.09105259E-05,8.97538994E-05,8.79270956E-05,9.54212956E-05,9.90716144E-05,1.04833278E-04,1.05631654E-04,1.07150066E-04,1.18726064E-04,1.24760845E-04,1.48091523E-04,1.69600622E-04,1.93310814E-04,2.24379110E-04,2.56871834E-04,2.85008486E-04,3.35790159E-04,3.73177900E-04,4.16862633E-04,4.52359323E-04,4.88776714E-04,5.22935647E-04,5.52212878E-04,5.87529910E-04,6.28976792E-04,6.38253288E-04,6.66756416E-04,6.55137526E-04,6.55959768E-04,6.45038206E-04,6.27895235E-04,5.93438395E-04,5.89136092E-04,5.86557609E-04,5.86213137E-04,5.82710374E-04,5.69228258E-04,5.58796397E-04,5.80293476E-04,5.70015342E-04,5.62566740E-04,5.66025439E-04,5.66854025E-04,5.69196825E-04,5.74231963E-04,5.57720487E-04,5.51869569E-04,5.59191802E-04,5.51324803E-04,5.51571080E-04,5.53783379E-04,5.57018036E-04,5.59871260E-04,5.63153240E-04,5.66571543E-04,5.86445851E-04,5.96399128E-04,6.33663440E-04,6.62216102E-04,7.17483636E-04,7.38228497E-04,7.66950368E-04,8.00397189E-04,8.45857954E-04,8.97831982E-04,9.33399249E-04,1.00735447E-03,1.04782742E-03,1.09303335E-03,1.14375714E-03,1.19622506E-03,1.25212467E-03,1.28112116E-03,1.25756860E-03,1.20584283E-03,1.17952959E-03,1.19725650E-03,1.23994856E-03,1.25680538E-03,1.28363434E-03,1.26999361E-03,1.23540952E-03,1.21213472E-03,1.16984406E-03,1.13176857E-03,1.08539639E-03,1.05176587E-03,9.94409085E-04,9.80652985E-04,9.54741670E-04,9.52241535E-04,9.49418580E-04,9.60603589E-04,9.83762788E-04,1.03762979E-03,1.11023139E-03,1.21885724E-03,1.38769706E-03,1.65168522E-03,2.02824990E-03,2.45807716E-03,3.05417506E-03,3.82576766E-03,4.79072612E-03,6.05870271E-03,7.55186891E-03,9.33784712E-03,1.14644859E-02,1.39112184E-02,1.68234818E-02,1.98739376E-02,2.31252741E-02,2.64015887E-02,2.96471622E-02,3.28782126E-02,3.60342450E-02,3.89410183E-02,4.13723886E-02,4.34248969E-02,4.50388901E-02,4.63716537E-02,4.73186895E-02,4.77866717E-02,4.80942540E-02,4.80446257E-02,4.78414223E-02,4.73298654E-02,4.67386916E-02,4.60062623E-02,4.53187786E-02,4.45876382E-02,4.36610132E-02,4.30331267E-02,4.23835255E-02,4.17462066E-02,4.12761979E-02,4.07169461E-02,4.02390771E-02,3.97099778E-02,3.92426476E-02,3.87607180E-02,3.83995622E-02,3.78914289E-02,3.75797860E-02,3.71159576E-02,3.65903452E-02,3.61314863E-02,3.56644541E-02,3.51985283E-02,3.47919650E-02,3.44186798E-02,3.40507254E-02,3.36161330E-02,3.31577882E-02,3.29128914E-02,3.25926654E-02,3.22847851E-02,3.19546685E-02,3.16567495E-02,3.13852951E-02,3.10020782E-02,3.08039337E-02,3.03740129E-02,3.01191695E-02,2.97001172E-02,2.94700377E-02,2.90946700E-02,2.88190059E-02,2.86434945E-02,2.84515880E-02,2.82565746E-02,2.80714314E-02,2.79714055E-02,2.78308541E-02,2.76445076E-02,2.75206510E-02,2.73173824E-02,2.71802265E-02,2.69466396E-02,2.67094318E-02,2.64839064E-02,2.62562558E-02,2.59866081E-02,2.57229637E-02,2.54372731E-02,2.51751952E-02,2.47920640E-02,2.44895108E-02,2.40478683E-02,2.33807806E-02,2.25715023E-02,2.14362666E-02,2.00125258E-02,1.83574762E-02,1.65075958E-02,1.45516628E-02,1.25708682E-02,1.06933443E-02,8.99347197E-03,7.34836049E-03,6.02474762E-03,4.88335406E-03,3.96553241E-03,3.19861155E-03,2.60881730E-03,2.09737313E-03,1.69088296E-03,1.38991105E-03,1.12797110E-03,9.38783225E-04,7.81716313E-04,6.39785896E-04,5.46495372E-04,4.67715232E-04,3.89304972E-04,3.33024829E-04,2.87496048E-04,2.54032784E-04,2.29312180E-04,2.06455952E-04,1.65664140E-04,1.59112460E-04,1.31673165E-04,1.19648103E-04,1.17519485E-04,1.08314409E-04,9.82743804E-05,8.53718302E-05,8.52664816E-05,6.94460905E-05,7.70748084E-05,7.85481170E-05,6.67256900E-05,6.90455854E-05,5.10363061E-05,5.11710896E-05,4.18026575E-05,6.14839009E-05,5.56475497E-05,5.80748456E-05,5.53292666E-05,4.79026494E-05,5.95225501E-05,7.13655973E-05,5.33483835E-05,5.20589347E-05,4.62362914E-05,4.39654505E-05,6.05926507E-05,5.03810479E-05,5.43213791E-05,6.56065895E-05,5.06707584E-05,5.96020982E-05,6.37363482E-05,5.61166453E-05,5.45695439E-05,7.04222111E-05,7.68586760E-05,6.96720235E-05,5.09956662E-05,6.12511139E-05,4.54050423E-05,4.99712478E-05,2.84244652E-05,5.26847471E-05,3.40003317E-05,2.68709409E-05,3.40508559E-05,3.24026223E-05,2.75863640E-05,1.20150207E-05,1.84516866E-05,3.91899521E-05,9.36409288E-06,2.13298845E-05,9.03470482E-06,3.16648366E-05,6.22476509E-05,3.41978957E-05,-1.28E-05,1.42183462E-05,2.54582164E-06,6.47601723E-08,1.89022630E-05,1.10719827E-06,2.52607933E-05,1.36678809E-05,1.23825293E-05,2.02201136E-06,-1.10E-05,1.26512468E-05,2.61688183E-05,4.69026691E-06,4.58133900E-06,1.22694100E-05,-4.72E-05,1.79609942E-05,2.69512147E-05,6.05935456E-05,2.05805691E-06,-1.05E-05,3.70089947E-05,3.85923431E-06,-1.18E-05,1.53403616E-05,7.50627942E-06,-4.54E-05,INT SYNC:059.94[Hz],DOUBLE FRAME,NORMAL,STANDARD DARK,TWO,CIE1931 (2°),1°,100,0.33333333,0.33333333,NONE,1,633967,1963079,OFF,TRUE,2024/03/25,16:43:51,OK00,----,----,----,CS-3000HDR,3001075,1.00.0008
2,2.10029811E+02,2.27484347E+02,1.13644312E+02,2.27484347E+02,0.38106973,0.41273855,0.21197853,0.51658879,4214.4773,0.01579213,572.003427,38.2713713,136.560403,-17.2680667,54.3239101,6.26700522E-01,591,9.68864924E-07,-2.36E-06,8.74148782E-07,2.14585680E-06,9.15591102E-07,5.59345040E-07,2.76447213E-06,-5.51E-07,1.91883055E-06,1.42868021E-06,6.32453634E-07,2.51761094E-06,-1.31E-06,-4.98E-07,9.17076022E-07,-1.93E-06,6.59299360E-07,7.52655012E-07,1.20634320E-06,-2.80E-07,5.12962401E-07,-5.84E-07,1.10663632E-06,-1.37E-06,3.29411790E-07,1.94219027E-07,7.45217562E-07,-6.52E-07,-2.19E-06,1.45033843E-08,1.70684291E-06,-1.76E-06,-1.79E-07,3.54806900E-07,-8.23E-07,-2.76E-07,5.62901960E-07,1.05941361E-07,-1.48E-06,-7.74E-07,-2.80E-07,-8.93E-07,1.45891079E-07,-2.45E-07,-7.76E-07,-1.31E-06,8.30845693E-07,-3.78E-07,-2.00E-06,-2.10E-07,-1.72E-06,-1.97E-06,-9.83E-07,-2.84E-06,-2.49E-06,-1.73E-06,-1.88E-06,8.97193999E-08,3.67435359E-06,1.30592671E-05,2.43824397E-05,4.67770660E-05,8.28000193E-05,1.34415764E-04,2.14413318E-04,3.12964898E-04,4.39972355E-04,5.95995691E-04,7.93955813E-04,9.96660208E-04,1.21844560E-03,1.44369388E-03,1.70254300E-03,1.94004318E-03,2.15971982E-03,2.36694026E-03,2.58458662E-03,2.74898065E-03,2.87744822E-03,2.95490073E-03,2.99118995E-03,2.99918954E-03,2.99502560E-03,2.99821422E-03,3.01510491E-03,3.06271482E-03,3.10540828E-03,3.16947256E-03,3.24912462E-03,3.30546754E-03,3.36988387E-03,3.41066718E-03,3.43524804E-03,3.42750549E-03,3.38661112E-03,3.31336563E-03,3.22494889E-03,3.12022516E-03,3.02522839E-03,2.94678868E-03,2.90486123E-03,2.89906492E-03,2.90983473E-03,2.94456119E-03,2.99307471E-03,3.02545866E-03,3.05221952E-03,3.06798657E-03,3.06073134E-03,3.01877642E-03,2.98021175E-03,2.92700087E-03,2.86820158E-03,2.81488453E-03,2.76217144E-03,2.72192177E-03,2.70822621E-03,2.72063445E-03,2.71222810E-03,2.67898850E-03,2.59597204E-03,2.48827715E-03,2.35711411E-03,2.24050763E-03,2.13284674E-03,2.05381308E-03,2.00847653E-03,1.97328115E-03,1.95629778E-03,1.93393871E-03,1.91938633E-03,1.90915039E-03,1.90975040E-03,1.90841884E-03,1.91435241E-03,1.92439696E-03,1.93159387E-03,1.92327576E-03,1.91314158E-03,1.91106787E-03,1.90964481E-03,1.91063003E-03,1.91342633E-03,1.92006258E-03,1.92008750E-03,1.91756827E-03,1.92561606E-03,1.93810102E-03,1.96484337E-03,2.01300089E-03,2.08526244E-03,2.18359008E-03,2.29341025E-03,2.41197133E-03,2.52503343E-03,2.63770786E-03,2.76415655E-03,2.90375738E-03,3.05808405E-03,3.22598033E-03,3.38408304E-03,3.53883160E-03,3.71420919E-03,3.90125392E-03,4.08514077E-03,4.13598027E-03,4.04680613E-03,3.92214954E-03,3.87577014E-03,3.96664860E-03,4.10849554E-03,4.21395293E-03,4.26228810E-03,4.23872937E-03,4.16956609E-03,4.06320300E-03,3.91306961E-03,3.77217145E-03,3.63133219E-03,3.48571013E-03,3.36284097E-03,3.24948062E-03,3.14945844E-03,3.07336124E-03,3.00970091E-03,2.95875850E-03,2.91953632E-03,2.89792335E-03,2.90052150E-03,2.92605581E-03,2.98143364E-03,3.06685548E-03,3.17640183E-03,3.29503976E-03,3.41012329E-03,3.51066538E-03,3.60103720E-03,3.67033994E-03,3.74032813E-03,3.80890397E-03,3.89116840E-03,3.97892157E-03,4.09010146E-03,4.20910120E-03,4.35057562E-03,4.46903007E-03,4.58077202E-03,4.69238032E-03,4.76929173E-03,4.84274887E-03,4.88700392E-03,4.89626499E-03,4.86366823E-03,4.79383022E-03,4.70716739E-03,4.59296023E-03,4.45465790E-03,4.29820921E-03,4.13169712E-03,3.97780910E-03,3.82010615E-03,3.67753045E-03,3.54124489E-03,3.41881672E-03,3.28484294E-03,3.16390814E-03,3.05228378E-03,2.95183505E-03,2.85290927E-03,2.77490099E-03,2.70973914E-03,2.64722668E-03,2.60159350E-03,2.56172311E-03,2.53077433E-03,2.49521248E-03,2.47527543E-03,2.45193485E-03,2.43292982E-03,2.42443150E-03,2.41257530E-03,2.41169217E-03,2.42385990E-03,2.43225577E-03,2.43836758E-03,2.44249823E-03,2.44851271E-03,2.44297669E-03,2.43878225E-03,2.42389576E-03,2.40664324E-03,2.38596345E-03,2.36331066E-03,2.33492116E-03,2.31001945E-03,2.27905391E-03,2.24704458E-03,2.20941450E-03,2.17115320E-03,2.12639570E-03,2.08892627E-03,2.04764144E-03,2.00848607E-03,1.97439361E-03,1.94492971E-03,1.90951815E-03,1.88552693E-03,1.86568545E-03,1.84892467E-03,1.83317845E-03,1.82073761E-03,1.80042838E-03,1.79238780E-03,1.77191757E-03,1.75998430E-03,1.75065082E-03,1.73911022E-03,1.72845274E-03,1.71477441E-03,1.70668727E-03,1.69150531E-03,1.66892423E-03,1.63138076E-03,1.58456725E-03,1.51106413E-03,1.41600543E-03,1.29509799E-03,1.16596848E-03,1.03157107E-03,8.90695839E-04,7.54577573E-04,6.32426410E-04,5.13795763E-04,4.19771939E-04,3.36158409E-04,2.70198827E-04,2.17276116E-04,1.74119239E-04,1.38126416E-04,1.10715046E-04,8.82864115E-05,7.24399433E-05,5.87896429E-05,4.79270675E-05,4.12219742E-05,3.24313733E-05,2.84184007E-05,2.25689619E-05,1.85465633E-05,1.61520275E-05,1.40942320E-05,1.23286482E-05,1.11771333E-05,9.79336164E-06,7.59012073E-06,7.95251617E-06,6.61799913E-06,7.56970485E-06,8.03092644E-06,6.40702774E-06,8.16580086E-06,6.53237839E-06,7.12514611E-06,6.85270061E-06,7.53703398E-06,7.24810616E-06,7.32180843E-06,8.43894304E-06,8.66464052E-06,9.53647032E-06,1.03376306E-05,1.03607899E-05,1.07949818E-05,1.28465445E-05,1.27884368E-05,1.34764059E-05,1.28895063E-05,1.50899386E-05,1.52001121E-05,1.58983548E-05,1.52262792E-05,1.68185925E-05,1.66910795E-05,1.65269830E-05,1.63832628E-05,1.68509832E-05,1.84316123E-05,1.76093235E-05,2.01138901E-05,1.89628372E-05,1.91444524E-05,1.79839499E-05,2.03051750E-05,2.14726388E-05,1.98181096E-05,1.73440094E-05,1.73888202E-05,1.61611715E-05,1.88811846E-05,1.57882369E-05,1.61222742E-05,1.46135972E-05,1.40311768E-05,1.39062586E-05,1.13450369E-05,1.12421903E-05,9.65693835E-06,8.55690541E-06,1.05565414E-05,8.43409634E-06,8.97739574E-06,8.32954447E-06,7.00548935E-06,5.12342876E-06,6.21035406E-06,4.69934457E-06,6.00354406E-06,4.31488797E-06,2.61234936E-06,4.31181388E-06,4.68021153E-06,4.87304078E-06,5.23280460E-06,4.21235654E-06,2.66200368E-06,3.36660150E-06,3.44054388E-06,6.95261451E-06,7.11132088E-06,1.42073475E-06,4.32175011E-06,2.59518470E-06,2.54760289E-06,9.12778262E-08,3.01651221E-06,4.80068866E-06,3.23020504E-06,1.16397609E-06,-5.01E-07,1.14873365E-06,3.55521166E-07,INT SYNC:059.94[Hz],DOUBLE FRAME,NORMAL,STANDARD DARK,ONE,CIE1931 (2°),1°,100,0.33333333,0.33333333,NONE,1,266934,2225072,OFF,TRUE,2024/03/25,16:43:57,OK00,----,----,----,CS-3000HDR,3001075,1.00.0008
3,1.52128014E+03,8.79064754E+02,7.42730849E+00,8.79064754E+02,0.63182063,0.36509465,0.41312378,0.53712379,----,----,601.616991,99.2060802,223.404115,206.995645,328.695825,3.08761670E+00,597,1.93181768E-05,-1.81E-05,1.16410556E-05,1.59236442E-05,2.35116531E-05,-9.58E-06,-2.01E-05,-1.81E-05,1.34378242E-05,1.15815874E-05,3.55929842E-05,6.21294521E-06,-5.13E-06,4.13403177E-06,2.29969592E-05,-9.06E-06,9.77484524E-06,-4.16E-06,6.92053572E-06,3.70823500E-07,2.43251793E-06,-1.77E-06,-1.78E-05,-4.48E-06,9.31818522E-06,9.08450420E-06,1.19111528E-05,5.03223964E-06,6.84329962E-08,-1.20E-05,8.64271260E-06,-1.11E-05,9.34365971E-08,6.85102395E-06,1.23904056E-05,8.11230893E-06,1.30628096E-05,4.42928513E-06,3.34893480E-06,-1.19E-06,-4.87E-07,2.79543002E-07,5.16447744E-06,1.17865347E-05,1.25344786E-05,4.54169822E-06,5.53134305E-06,8.20557943E-06,8.70641202E-07,-7.71E-06,-4.40E-06,1.00321677E-05,8.63005425E-06,4.50760763E-06,-1.01E-05,7.64016386E-06,5.72383897E-06,1.20205846E-06,4.79202845E-06,-1.36E-06,-3.48E-06,1.63136679E-06,8.29644796E-06,-1.40E-06,8.25980078E-06,1.47161263E-05,1.98333910E-05,3.28659116E-05,4.98232366E-05,5.23315211E-05,5.07508885E-05,6.82645186E-05,6.98833319E-05,8.51194054E-05,9.40105892E-05,9.57370503E-05,1.06369618E-04,9.83982973E-05,1.09745575E-04,1.04830506E-04,1.13892493E-04,9.68655077E-05,8.80051448E-05,8.81041124E-05,8.64051472E-05,8.27336698E-05,8.42630616E-05,7.60229814E-05,8.00226480E-05,8.88634604E-05,7.96156892E-05,8.17047985E-05,7.54628054E-05,7.76760935E-05,8.24876188E-05,9.01014937E-05,9.32145340E-05,1.04580948E-04,1.02706246E-04,9.62496779E-05,1.03941631E-04,1.17404947E-04,1.29739812E-04,1.42378587E-04,1.50353691E-04,1.65138888E-04,2.09294172E-04,2.24288291E-04,2.56461761E-04,2.87086470E-04,3.33017437E-04,3.60678911E-04,3.93479422E-04,4.37526702E-04,4.74102475E-04,5.03717049E-04,5.19615598E-04,5.47381060E-04,5.86390204E-04,5.94258541E-04,5.97953273E-04,5.88060357E-04,5.60117420E-04,5.53896243E-04,5.44714159E-04,5.31648053E-04,5.25759941E-04,5.14774118E-04,5.24063944E-04,5.07166493E-04,5.08434139E-04,5.13079984E-04,5.01615868E-04,5.01982577E-04,4.94005217E-04,5.02115814E-04,5.01077448E-04,4.98901471E-04,4.80874267E-04,4.99048911E-04,4.86091070E-04,4.80645540E-04,5.03285206E-04,4.90424107E-04,4.76749614E-04,4.93416388E-04,4.96290624E-04,4.96118795E-04,5.23948518E-04,5.38189779E-04,5.57152205E-04,5.90187788E-04,6.19844417E-04,6.58444595E-04,6.92646136E-04,7.25637190E-04,7.39109353E-04,8.06919648E-04,8.43009504E-04,8.92810524E-04,9.45578620E-04,9.82277677E-04,1.00554060E-03,1.07724138E-03,1.11526286E-03,1.13951915E-03,1.09603233E-03,1.07086683E-03,1.04953267E-03,1.07702764E-03,1.08977477E-03,1.12585106E-03,1.13133085E-03,1.12163241E-03,1.11142581E-03,1.06793363E-03,1.03296794E-03,1.00565352E-03,9.57587326E-04,9.19042097E-04,8.86111346E-04,8.64441972E-04,8.48680851E-04,8.49831617E-04,8.46705982E-04,8.58880579E-04,8.82309920E-04,9.38429090E-04,1.01555395E-03,1.13226625E-03,1.30345696E-03,1.54278579E-03,1.88970845E-03,2.36101774E-03,2.95951962E-03,3.73981730E-03,4.69424669E-03,5.95703535E-03,7.45869428E-03,9.28481016E-03,1.13785220E-02,1.38459057E-02,1.67851504E-02,1.98494382E-02,2.30735559E-02,2.63941213E-02,2.96934154E-02,3.29154730E-02,3.61638889E-02,3.89817357E-02,4.13836241E-02,4.35544848E-02,4.51884754E-02,4.65223938E-02,4.74506319E-02,4.79838848E-02,4.82042767E-02,4.82247472E-02,4.79765013E-02,4.74650115E-02,4.68718819E-02,4.61162403E-02,4.53413874E-02,4.46153693E-02,4.38953303E-02,4.31858785E-02,4.25400101E-02,4.19358052E-02,4.14040722E-02,4.07722145E-02,4.02893983E-02,3.98554690E-02,3.93149182E-02,3.89413685E-02,3.85301746E-02,3.80729847E-02,3.75831276E-02,3.72164883E-02,3.67567725E-02,3.62628549E-02,3.58138829E-02,3.53268683E-02,3.49525437E-02,3.45781147E-02,3.41081470E-02,3.37125510E-02,3.34425978E-02,3.30881625E-02,3.27751860E-02,3.24304551E-02,3.20935138E-02,3.17413062E-02,3.14985588E-02,3.11071780E-02,3.08089331E-02,3.04691233E-02,3.01098153E-02,2.98724473E-02,2.95731537E-02,2.92408522E-02,2.89544296E-02,2.87617408E-02,2.85718869E-02,2.83118393E-02,2.81747282E-02,2.79978495E-02,2.79026590E-02,2.77450178E-02,2.76110247E-02,2.74922140E-02,2.73144040E-02,2.70335730E-02,2.67693698E-02,2.65427977E-02,2.63782050E-02,2.60359682E-02,2.57652290E-02,2.55632531E-02,2.52370555E-02,2.50049010E-02,2.45470256E-02,2.40848940E-02,2.34561842E-02,2.26792172E-02,2.15485189E-02,2.00233199E-02,1.84203442E-02,1.66035388E-02,1.46656828E-02,1.26264971E-02,1.07567245E-02,9.01210122E-03,7.33071612E-03,6.02946989E-03,4.88330284E-03,3.97734949E-03,3.22799268E-03,2.63611483E-03,2.09192350E-03,1.67205802E-03,1.37414096E-03,1.13252352E-03,9.23633284E-04,7.74783664E-04,6.40698185E-04,5.39033965E-04,4.67338803E-04,3.98343633E-04,3.43934313E-04,2.95867620E-04,2.54621264E-04,2.11381106E-04,1.97785586E-04,1.85660756E-04,1.48853986E-04,1.41127035E-04,1.23492340E-04,1.13375070E-04,1.11839130E-04,9.29024827E-05,8.87429997E-05,8.27292170E-05,6.89417211E-05,7.24926722E-05,7.80544724E-05,7.33767447E-05,6.62104285E-05,6.28346752E-05,5.75789454E-05,6.90599627E-05,4.25299149E-05,4.90649436E-05,5.13814557E-05,4.38094648E-05,4.89752056E-05,4.92897998E-05,6.11957148E-05,5.85324269E-05,5.80467458E-05,6.38427300E-05,6.54860050E-05,6.04324741E-05,5.92258475E-05,6.78048746E-05,7.14296402E-05,6.01965512E-05,5.67474162E-05,5.32836602E-05,6.50630027E-05,5.58423999E-05,7.93732834E-05,5.12120860E-05,3.60212834E-05,5.81110035E-05,4.85952914E-05,5.29733261E-05,4.28498461E-05,5.15133579E-05,3.78845507E-05,5.07420773E-05,4.06661748E-05,2.73373480E-05,4.60722404E-05,4.02185360E-05,2.24904306E-05,1.65923921E-05,3.14472527E-06,3.32554227E-05,2.76739356E-05,2.17726283E-05,1.52841567E-05,1.73000717E-05,2.23466159E-05,1.10877054E-05,2.30005535E-05,-2.08E-06,-1.63E-05,2.87300845E-05,1.32483792E-05,4.48718165E-05,-1.98E-05,-5.30E-06,1.55331072E-05,1.66655645E-05,1.65709462E-05,-2.94E-05,-3.42E-06,-8.63E-06,1.01342821E-05,-1.02E-05,8.66197843E-06,2.58847012E-05,1.20872819E-05,2.55631505E-07,4.33344303E-06,3.65193046E-05,3.62905448E-05,-2.37E-05,-4.79E-05,1.41844998E-06,8.51377081E-07,INT SYNC:059.94[Hz],DOUBLE FRAME,NORMAL,STANDARD DARK,TWO,CIE1931 (2°),1°,100,0.33333333,0.33333333,NONE,1,600601,2895669,OFF,TRUE,2024/03/25,16:44:01,OK00,----,----,----,CS-3000HDR,3001075,1.00.0008
4,2.25483778E+02,2.23945052E+02,1.03929647E+02,2.23945052E+02,0.40748229,0.40470158,0.2314762,0.51726732,3563.50512,0.00554044,578.530322,43.780225,135.765065,1.49482484,59.0777266,6.35036619E-01,592,3.28189276E-06,1.80295974E-08,1.19548270E-06,2.21384111E-09,-1.00E-07,-9.46E-07,2.78667216E-07,9.26847292E-07,-2.29E-08,8.52883453E-09,1.84452389E-07,1.21447852E-06,-6.16E-07,-6.16E-07,5.99847340E-07,1.37640438E-06,-6.03E-07,4.30232319E-07,2.02774481E-06,-4.49E-07,-4.90E-07,3.50894886E-08,9.39913150E-07,3.95045163E-07,6.23475273E-07,2.32377170E-06,7.47262561E-07,-4.83E-07,-1.10E-06,-9.66E-08,-2.59E-07,-1.20E-06,-1.52E-06,-5.49E-07,-4.26E-07,-3.54E-07,-3.30E-08,-2.10E-06,-1.20E-06,-4.63E-07,-3.88E-07,-9.49E-07,-1.72E-06,5.52448853E-07,-2.90E-07,-1.50E-06,-1.02E-06,4.83234572E-08,-2.98E-08,-1.14E-06,-1.47E-06,-1.26E-06,-1.11E-06,-2.69E-06,-2.59E-06,-2.64E-06,-8.45E-07,1.01001535E-06,3.39921530E-06,1.10410674E-05,2.27364726E-05,4.45480873E-05,7.46991936E-05,1.25243401E-04,1.96200170E-04,2.88947602E-04,4.07891086E-04,5.53428952E-04,7.30956963E-04,9.14021628E-04,1.12191192E-03,1.33551343E-03,1.57028041E-03,1.78763352E-03,1.99225894E-03,2.18187529E-03,2.38024653E-03,2.53099785E-03,2.65099807E-03,2.72260047E-03,2.75017531E-03,2.74681882E-03,2.75073061E-03,2.76093301E-03,2.76132487E-03,2.80209607E-03,2.84549897E-03,2.90718535E-03,2.97291181E-03,3.03220400E-03,3.09283100E-03,3.13394098E-03,3.14990245E-03,3.14492756E-03,3.10786185E-03,3.03647597E-03,2.95199966E-03,2.85538938E-03,2.75770528E-03,2.69509712E-03,2.65801675E-03,2.64801737E-03,2.65179714E-03,2.68515456E-03,2.71848845E-03,2.75386241E-03,2.78648874E-03,2.78122979E-03,2.76411115E-03,2.72454089E-03,2.68312264E-03,2.63134437E-03,2.57888064E-03,2.52895453E-03,2.47588195E-03,2.43958971E-03,2.42430344E-03,2.43208511E-03,2.42538680E-03,2.39143614E-03,2.31999066E-03,2.22675060E-03,2.10792618E-03,1.99343660E-03,1.89593318E-03,1.82616629E-03,1.78328948E-03,1.74601935E-03,1.73251552E-03,1.71249930E-03,1.69337727E-03,1.68637966E-03,1.68224412E-03,1.68458209E-03,1.68933626E-03,1.69554434E-03,1.70196558E-03,1.69700070E-03,1.68978900E-03,1.68114214E-03,1.68057182E-03,1.68372819E-03,1.68687524E-03,1.69292372E-03,1.69194525E-03,1.69694272E-03,1.69758522E-03,1.71290513E-03,1.73849193E-03,1.78485957E-03,1.84569787E-03,1.93372869E-03,2.03327625E-03,2.13445164E-03,2.24103988E-03,2.34325160E-03,2.45466549E-03,2.57832767E-03,2.71164323E-03,2.86174659E-03,3.00269108E-03,3.14581068E-03,3.29231122E-03,3.45961726E-03,3.62447207E-03,3.67135904E-03,3.59401223E-03,3.47401900E-03,3.43234115E-03,3.51751456E-03,3.62419686E-03,3.73009569E-03,3.76141956E-03,3.75212543E-03,3.68104409E-03,3.57536972E-03,3.45668243E-03,3.32463067E-03,3.19602946E-03,3.07215191E-03,2.96682538E-03,2.86510983E-03,2.77519575E-03,2.71092635E-03,2.65710941E-03,2.61227880E-03,2.57832953E-03,2.56267772E-03,2.56549870E-03,2.59693805E-03,2.65325163E-03,2.73595192E-03,2.84484541E-03,2.95760017E-03,3.08010378E-03,3.19336401E-03,3.29329632E-03,3.40288412E-03,3.50935454E-03,3.62169114E-03,3.75435385E-03,3.89955635E-03,4.09239717E-03,4.29583434E-03,4.50622151E-03,4.71380912E-03,4.92855906E-03,5.12217265E-03,5.28967753E-03,5.44387801E-03,5.57084987E-03,5.64061850E-03,5.65484958E-03,5.65070752E-03,5.58792986E-03,5.48868719E-03,5.35974931E-03,5.19941468E-03,5.01751900E-03,4.84325318E-03,4.67579626E-03,4.50992631E-03,4.34067985E-03,4.19390667E-03,4.02872218E-03,3.88052384E-03,3.75119294E-03,3.62116355E-03,3.50294658E-03,3.40830674E-03,3.32316477E-03,3.24170385E-03,3.18670645E-03,3.13341455E-03,3.09876492E-03,3.05164931E-03,3.02812294E-03,3.00374394E-03,2.97771045E-03,2.95556523E-03,2.95056240E-03,2.95135798E-03,2.95759714E-03,2.97106802E-03,2.98268883E-03,2.99608312E-03,2.99746054E-03,2.99929827E-03,2.99515435E-03,2.97663687E-03,2.95931753E-03,2.94259517E-03,2.91444105E-03,2.88586016E-03,2.84982356E-03,2.81882822E-03,2.78018741E-03,2.73591815E-03,2.69011711E-03,2.63249641E-03,2.59143487E-03,2.53763027E-03,2.48568296E-03,2.43794452E-03,2.39408924E-03,2.35607615E-03,2.32281908E-03,2.29558069E-03,2.28009839E-03,2.25024624E-03,2.22931174E-03,2.20760494E-03,2.18959129E-03,2.17314018E-03,2.15244270E-03,2.12627649E-03,2.12073186E-03,2.10593012E-03,2.07947707E-03,2.06934498E-03,2.05228035E-03,2.02045799E-03,1.97472819E-03,1.91892940E-03,1.82425755E-03,1.71029568E-03,1.57155085E-03,1.41825376E-03,1.24735327E-03,1.08078879E-03,9.18529404E-04,7.67512305E-04,6.21447572E-04,5.07072778E-04,4.09549189E-04,3.30385345E-04,2.64781906E-04,2.12525163E-04,1.71803636E-04,1.32687026E-04,1.09794841E-04,8.76494596E-05,7.15791102E-05,5.79280859E-05,4.68824001E-05,3.99577984E-05,3.49072070E-05,2.80506811E-05,2.28310982E-05,1.96378896E-05,1.79830313E-05,1.58514104E-05,1.31560173E-05,1.15105386E-05,1.10497467E-05,1.01749456E-05,9.05499019E-06,9.13696476E-06,8.48190393E-06,6.86020439E-06,6.55894200E-06,6.95627205E-06,8.69962787E-06,8.78966148E-06,8.69300493E-06,8.20229161E-06,8.90772935E-06,7.69567760E-06,8.82455697E-06,1.03145512E-05,8.77905859E-06,1.09967241E-05,1.18673452E-05,1.14031272E-05,1.31710167E-05,1.41427054E-05,1.46760331E-05,1.39117201E-05,1.61788539E-05,1.55334183E-05,1.43767720E-05,1.73155204E-05,1.62778269E-05,1.57909708E-05,1.69860014E-05,1.79409035E-05,1.99728511E-05,1.85351728E-05,1.91633844E-05,2.11074312E-05,2.02174979E-05,2.19055128E-05,2.23978932E-05,1.98349171E-05,2.17915658E-05,2.01892090E-05,1.79923500E-05,1.55278613E-05,1.54070240E-05,1.77029870E-05,1.58015755E-05,1.36575427E-05,1.45676968E-05,1.34086213E-05,1.05890249E-05,1.27989824E-05,9.72458383E-06,7.40578162E-06,6.55090980E-06,7.78943104E-06,7.22736786E-06,6.79444202E-06,8.96609072E-06,4.98858662E-06,3.29033332E-06,3.63763615E-06,6.63585115E-06,2.98125383E-06,4.36632581E-06,6.81675829E-06,-1.41E-06,3.42545604E-06,3.60980926E-06,1.40006094E-07,1.75469017E-06,2.83516351E-06,2.00943214E-06,3.19543460E-06,3.99497821E-06,2.81613916E-06,-2.86E-07,2.40010809E-06,2.90777075E-06,3.04926039E-06,2.11133147E-06,1.76192668E-06,2.28334829E-06,1.13757267E-06,-3.35E-06,1.81687972E-06,5.38665688E-07,INT SYNC:059.94[Hz],DOUBLE FRAME,NORMAL,STANDARD DARK,ONE,CIE1931 (2°),1°,100,0.33333333,0.33333333,NONE,1,233567,2159825,OFF,TRUE,2024/03/25,16:44:07,OK00,----,----,----,CS-3000HDR,3001075,1.00.0008
5,1.51957305E+03,8.75274347E+02,7.01129931E+00,8.75274347E+02,0.63266547,0.36441542,0.41434269,0.5369883,----,----,601.776738,99.2549541,223.059527,208.017357,329.701566,3.08141428E+00,596,-7.02E-07,-2.30E-05,-1.85E-05,1.15830235E-05,2.47805547E-05,7.36381799E-06,-6.36E-06,1.94831537E-05,-2.29E-05,-8.95E-07,9.25113454E-06,1.70696936E-07,-8.66E-06,9.04419380E-07,8.18869648E-06,8.36731397E-06,-2.25E-06,-1.63E-05,1.10984374E-05,1.18285070E-05,2.78896118E-06,6.02786031E-06,-6.07E-06,-3.08E-06,-2.63E-06,2.26715692E-05,-3.30E-06,7.09947790E-06,9.42639417E-07,-9.64E-06,-7.82E-07,-9.76E-06,8.42810550E-06,4.15008435E-06,3.25177143E-06,-8.40E-06,-9.14E-07,8.66868049E-06,4.31683566E-06,-7.58E-07,6.07221000E-06,7.30225156E-06,3.20689128E-06,-1.37E-06,1.40194902E-06,-7.85E-07,-1.51E-06,-4.88E-07,3.78332857E-06,1.22719184E-05,1.67847429E-06,6.17064279E-06,6.74614512E-06,-2.31E-06,-7.17E-06,-4.30E-07,-6.98E-06,-2.17E-06,6.79953064E-06,-4.92E-06,6.55917620E-06,-9.08E-07,8.11068367E-06,1.51474705E-05,1.40516404E-05,1.61160769E-05,1.65573656E-05,3.53601099E-05,3.17088416E-05,4.79975934E-05,5.70486736E-05,7.15907372E-05,7.49733299E-05,7.79433394E-05,8.61851804E-05,9.27394940E-05,1.09481167E-04,8.93255856E-05,1.10653455E-04,1.10855195E-04,8.85366608E-05,1.03971630E-04,8.73219396E-05,9.28840673E-05,8.74583129E-05,8.13296283E-05,9.08299044E-05,8.75356345E-05,7.49025567E-05,8.10645142E-05,8.65188849E-05,7.94061052E-05,6.83491453E-05,7.84227886E-05,8.89284784E-05,8.95867997E-05,8.48277778E-05,9.12142059E-05,9.03508771E-05,9.41012913E-05,1.00390032E-04,9.96279705E-05,1.20587240E-04,1.21068864E-04,1.42487348E-04,1.56040114E-04,1.91027400E-04,2.02442083E-04,2.34438005E-04,2.68561591E-04,3.11115058E-04,3.34535493E-04,3.56298639E-04,3.85188236E-04,4.19378048E-04,4.44597972E-04,4.75539506E-04,5.02561161E-04,5.19138994E-04,5.44678827E-04,5.45597111E-04,5.21999493E-04,5.12275321E-04,5.02481067E-04,4.94528620E-04,4.85787110E-04,4.73913300E-04,4.65235411E-04,4.65318997E-04,4.64014622E-04,4.64660756E-04,4.55492671E-04,4.56357811E-04,4.52627632E-04,4.48742445E-04,4.42470395E-04,4.45125304E-04,4.36258473E-04,4.37241164E-04,4.39119001E-04,4.42435150E-04,4.32289555E-04,4.42871766E-04,4.41854529E-04,4.44445119E-04,4.45576414E-04,4.52970446E-04,4.46894323E-04,4.68430895E-04,4.77752357E-04,5.08807541E-04,5.38609456E-04,5.65085676E-04,5.96796628E-04,6.23077969E-04,6.44238666E-04,6.83090067E-04,7.24815298E-04,7.66067067E-04,8.14016152E-04,8.43248097E-04,8.87907634E-04,9.39223857E-04,9.68208129E-04,9.94002679E-04,1.01982418E-03,9.88710439E-04,9.56388132E-04,9.53712966E-04,9.59953235E-04,9.84581304E-04,1.01716665E-03,1.01226417E-03,1.00779417E-03,9.84890503E-04,9.76661337E-04,9.25685221E-04,9.02432948E-04,8.55323917E-04,8.22421571E-04,7.98216439E-04,7.70476297E-04,7.70644518E-04,7.64205353E-04,7.71445222E-04,7.78293586E-04,8.20071960E-04,8.62942776E-04,9.34515498E-04,1.05434633E-03,1.22257927E-03,1.47786131E-03,1.81606947E-03,2.26759654E-03,2.84996536E-03,3.60990176E-03,4.58805589E-03,5.86299924E-03,7.37719284E-03,9.19564813E-03,1.13026137E-02,1.37747722E-02,1.67238973E-02,1.97616108E-02,2.30316799E-02,2.63421014E-02,2.96449494E-02,3.29330862E-02,3.61028723E-02,3.89812626E-02,4.14870419E-02,4.35296297E-02,4.51914631E-02,4.65499312E-02,4.74369191E-02,4.80475910E-02,4.83427495E-02,4.81829681E-02,4.79262248E-02,4.74370532E-02,4.68787514E-02,4.61760350E-02,4.54283915E-02,4.46456224E-02,4.39338014E-02,4.31107953E-02,4.24427353E-02,4.19270433E-02,4.13679406E-02,4.08281349E-02,4.03183922E-02,3.98023911E-02,3.93093564E-02,3.89295332E-02,3.85072865E-02,3.79867293E-02,3.76508683E-02,3.71826701E-02,3.67510952E-02,3.62705551E-02,3.57937217E-02,3.53245176E-02,3.49323079E-02,3.45474556E-02,3.41711715E-02,3.37714069E-02,3.34022753E-02,3.30507047E-02,3.27054337E-02,3.24456207E-02,3.20695378E-02,3.18363979E-02,3.14788669E-02,3.11718546E-02,3.08372173E-02,3.05811744E-02,3.02824043E-02,2.98781861E-02,2.95500308E-02,2.93445345E-02,2.89737452E-02,2.87119485E-02,2.85098609E-02,2.83552818E-02,2.81849355E-02,2.80468985E-02,2.78999154E-02,2.77847312E-02,2.77021304E-02,2.74786763E-02,2.73084175E-02,2.70381086E-02,2.67845001E-02,2.65834369E-02,2.64076795E-02,2.60813367E-02,2.57961638E-02,2.55437735E-02,2.52229925E-02,2.49530338E-02,2.45930143E-02,2.41582375E-02,2.34656762E-02,2.26144604E-02,2.15828568E-02,2.00948454E-02,1.84439756E-02,1.65695231E-02,1.45849399E-02,1.25815244E-02,1.07585397E-02,9.01942234E-03,7.38295587E-03,6.01214077E-03,4.90329228E-03,3.96799203E-03,3.23567679E-03,2.59890198E-03,2.11572624E-03,1.68247742E-03,1.39744522E-03,1.13213412E-03,9.36451892E-04,7.84929725E-04,6.54284668E-04,5.48285781E-04,4.75757290E-04,3.91523616E-04,3.45918030E-04,2.88033043E-04,2.50326266E-04,2.32125778E-04,2.09718753E-04,1.69046543E-04,1.57779214E-04,1.38173345E-04,1.21479134E-04,1.19241886E-04,1.04203551E-04,9.91257111E-05,8.27462281E-05,9.40314712E-05,6.66119158E-05,7.85862940E-05,7.76658926E-05,7.03947735E-05,6.89649969E-05,4.92750150E-05,4.80524977E-05,6.02505279E-05,5.09643687E-05,5.55416700E-05,5.10477112E-05,5.67494244E-05,6.71905073E-05,4.61231430E-05,6.39218342E-05,4.85658129E-05,7.38100280E-05,5.20356589E-05,3.90605055E-05,5.77562059E-05,5.84847294E-05,4.69202751E-05,3.94177550E-05,4.88954211E-05,5.63400172E-05,5.34612591E-05,5.69580916E-05,7.13864647E-05,5.58331594E-05,5.14344865E-05,5.50315090E-05,5.40565852E-05,4.46909289E-05,6.57033597E-05,4.19069183E-05,3.23708919E-05,3.68789479E-05,2.86305294E-05,3.17027952E-05,3.72901413E-05,4.81367206E-05,1.68012575E-05,1.57100676E-05,1.66017762E-05,4.24682257E-05,3.39856888E-05,1.67614544E-05,-6.71E-06,4.42819000E-05,3.48240028E-05,-1.00E-05,-2.64E-06,2.18538680E-05,3.55148768E-05,8.21431604E-06,3.94947601E-05,-5.54E-06,1.13674214E-05,4.18704767E-05,1.74653251E-05,-7.47E-07,1.08569402E-05,2.12922187E-05,1.19639190E-05,1.68709539E-05,3.48898757E-05,-4.98E-06,-1.30E-05,2.14689044E-05,4.89773702E-05,-1.19E-05,2.85979309E-06,-2.98E-06,2.97304596E-05,1.30939834E-05,2.28353747E-05,1.25616425E-05,1.79925919E-05,3.68350520E-05,INT SYNC:059.94[Hz],DOUBLE FRAME,NORMAL,STANDARD DARK,TWO,CIE1931 (2°),1°,100,0.33333333,0.33333333,NONE,1,600601,2886227,OFF,TRUE,2024/03/25,16:44:11,OK00,----,----,----,CS-3000HDR,3001075,1.00.0008
6,2.44020805E+02,2.21702612E+02,8.99725350E+01,2.21702612E+02,0.43912648,0.39896388,0.25422292,0.5196862,2921.28898,-0.00232907,584.013477,51.5526185,135.256806,21.1816891,67.7093642,6.45097166E-01,593,3.96561836E-06,2.66780557E-06,-2.35E-06,2.14862467E-07,-2.89E-07,-2.31E-06,1.60593636E-08,-2.77E-06,3.35302559E-07,2.29691045E-06,9.12358303E-07,4.64383220E-07,-6.56E-07,5.58083400E-07,1.79058691E-06,-1.89E-06,-6.52E-07,-1.32E-06,1.86962416E-06,-5.70E-07,3.71087680E-07,1.57250622E-06,9.48458450E-08,-3.46E-06,1.18637286E-06,2.61822777E-07,-1.29E-06,-2.79E-07,1.51467248E-06,1.04743783E-07,-1.67E-07,-8.56E-07,-4.36E-07,-4.99E-08,-5.64E-09,1.28648225E-07,1.87234389E-06,5.13662712E-07,-2.20E-07,-1.34E-06,-1.02E-06,-4.28E-07,-1.01E-06,-2.81E-06,-1.59E-07,-1.01E-06,-1.21E-06,-9.01E-07,-2.15E-06,-1.87E-06,-1.98E-06,-1.26E-06,-1.30E-06,-1.64E-06,-1.01E-06,-8.86E-07,-1.40E-06,-3.48E-07,3.58998136E-06,1.22112779E-05,1.99800525E-05,3.85192470E-05,6.66671331E-05,1.08694316E-04,1.71820531E-04,2.51999387E-04,3.53853218E-04,4.77501831E-04,6.35246222E-04,8.00315232E-04,9.76622454E-04,1.16798130E-03,1.36558223E-03,1.55566749E-03,1.73084717E-03,1.90185453E-03,2.07317341E-03,2.20313179E-03,2.29852740E-03,2.35881167E-03,2.37884489E-03,2.38509872E-03,2.37761904E-03,2.36528669E-03,2.38679023E-03,2.41641025E-03,2.45753885E-03,2.51775282E-03,2.57315347E-03,2.62431568E-03,2.67641502E-03,2.70915846E-03,2.71958206E-03,2.73204315E-03,2.67876685E-03,2.61593936E-03,2.54959217E-03,2.45513371E-03,2.38009053E-03,2.32018018E-03,2.28536967E-03,2.27546901E-03,2.29137461E-03,2.31337175E-03,2.34829425E-03,2.37643206E-03,2.39748135E-03,2.40486464E-03,2.38208869E-03,2.35549454E-03,2.31444649E-03,2.26759887E-03,2.22208328E-03,2.17467151E-03,2.13514594E-03,2.10529170E-03,2.10242788E-03,2.10860930E-03,2.09629885E-03,2.07189447E-03,2.00980413E-03,1.93436025E-03,1.83924986E-03,1.73611485E-03,1.64861872E-03,1.58850418E-03,1.54375914E-03,1.51653530E-03,1.49456575E-03,1.48294773E-03,1.46784191E-03,1.45491213E-03,1.45562366E-03,1.45030895E-03,1.45530701E-03,1.45809562E-03,1.46116083E-03,1.46501698E-03,1.46057934E-03,1.45106611E-03,1.44924468E-03,1.44985260E-03,1.45480235E-03,1.46161311E-03,1.45896419E-03,1.46197993E-03,1.47035311E-03,1.48537837E-03,1.50022621E-03,1.53918273E-03,1.60336727E-03,1.67090073E-03,1.76297233E-03,1.85499759E-03,1.94437860E-03,2.02653324E-03,2.12950329E-03,2.24019540E-03,2.36030365E-03,2.48611555E-03,2.60862103E-03,2.72824150E-03,2.86354730E-03,3.00861383E-03,3.14617925E-03,3.18244775E-03,3.11771943E-03,3.01879249E-03,2.98728351E-03,3.04118753E-03,3.14976508E-03,3.22171650E-03,3.25284177E-03,3.24098975E-03,3.17685283E-03,3.09331343E-03,2.97320425E-03,2.86980974E-03,2.75417417E-03,2.64608487E-03,2.55606836E-03,2.46802066E-03,2.39154790E-03,2.33566226E-03,2.29446264E-03,2.25917320E-03,2.22747517E-03,2.21503689E-03,2.22092238E-03,2.25789356E-03,2.30958126E-03,2.38891528E-03,2.50537321E-03,2.61487206E-03,2.74303765E-03,2.87159579E-03,2.98986398E-03,3.12121189E-03,3.26905423E-03,3.43177724E-03,3.63110122E-03,3.86027480E-03,4.12126957E-03,4.41340730E-03,4.71507013E-03,5.02357120E-03,5.32245915E-03,5.61717991E-03,5.89664653E-03,6.14944892E-03,6.35691872E-03,6.50432892E-03,6.59087719E-03,6.62611006E-03,6.60514925E-03,6.53629005E-03,6.42439723E-03,6.26253011E-03,6.06246991E-03,5.86957298E-03,5.67470258E-03,5.47364168E-03,5.27849095E-03,5.10239368E-03,4.91346885E-03,4.73511964E-03,4.56268713E-03,4.41327598E-03,4.27516690E-03,4.13196487E-03,4.04247269E-03,3.93623207E-03,3.86338006E-03,3.80641245E-03,3.74630513E-03,3.69391381E-03,3.65581526E-03,3.62412282E-03,3.60034406E-03,3.58024472E-03,3.55841289E-03,3.55807366E-03,3.56486766E-03,3.59157193E-03,3.61050246E-03,3.62393586E-03,3.63139249E-03,3.63037316E-03,3.63282580E-03,3.61041585E-03,3.59556451E-03,3.57090100E-03,3.54560209E-03,3.51531478E-03,3.48339160E-03,3.43730603E-03,3.39838071E-03,3.34087806E-03,3.29347746E-03,3.22896172E-03,3.16746510E-03,3.10893706E-03,3.05205118E-03,2.99420930E-03,2.93803774E-03,2.88853212E-03,2.85396818E-03,2.81202490E-03,2.77540158E-03,2.74161738E-03,2.71896832E-03,2.68557528E-03,2.65763118E-03,2.63100443E-03,2.60661659E-03,2.58013001E-03,2.55816430E-03,2.53788056E-03,2.50786426E-03,2.49342876E-03,2.46984256E-03,2.42651883E-03,2.37107114E-03,2.29867129E-03,2.19775480E-03,2.04343931E-03,1.89229567E-03,1.69959688E-03,1.49837148E-03,1.29854842E-03,1.10711658E-03,9.15261800E-04,7.46283098E-04,6.09717797E-04,4.90615144E-04,3.96952091E-04,3.17003694E-04,2.54876184E-04,2.03930162E-04,1.62621582E-04,1.34678121E-04,1.08733046E-04,8.81726883E-05,7.27341612E-05,5.73898506E-05,4.93271255E-05,4.18698837E-05,3.47272289E-05,2.84126108E-05,2.48799370E-05,2.24767373E-05,1.78908485E-05,1.77279035E-05,1.47784685E-05,1.36381805E-05,1.22686133E-05,1.04289657E-05,1.05162026E-05,1.05058689E-05,1.08758704E-05,9.89490673E-06,1.06137040E-05,7.79256607E-06,7.82648567E-06,8.64336107E-06,9.33133560E-06,1.10098745E-05,1.02044760E-05,1.00001889E-05,1.33189287E-05,1.30042454E-05,1.24479693E-05,1.28794536E-05,1.29501659E-05,1.29370519E-05,1.54324189E-05,1.40730453E-05,2.02395822E-05,1.76238100E-05,1.66642385E-05,1.60414238E-05,1.77387719E-05,1.73679964E-05,1.85382250E-05,2.02229894E-05,1.87333826E-05,2.03442378E-05,2.11811785E-05,1.87597234E-05,2.22175877E-05,2.00855520E-05,1.83647244E-05,1.95141783E-05,1.90795563E-05,1.95343237E-05,1.94171917E-05,1.62291853E-05,1.51238319E-05,1.72780638E-05,1.44683690E-05,1.41877308E-05,1.61399967E-05,1.26342766E-05,1.27047879E-05,1.02621188E-05,1.11551090E-05,1.04779328E-05,7.09827464E-06,1.05887639E-05,7.44583076E-06,6.86520934E-06,6.83820053E-06,6.38870688E-06,2.45362071E-06,2.17281240E-06,4.33422383E-06,4.33911055E-06,5.79990410E-06,4.16227658E-06,4.55012514E-06,1.89711989E-06,4.45307887E-06,4.56727435E-07,2.50986568E-06,1.85616739E-06,4.78986476E-06,8.50541255E-06,6.38618076E-06,1.32001878E-06,3.63676372E-06,7.78457377E-07,6.83526378E-06,7.07947265E-07,6.15834642E-06,3.40117185E-06,2.18791024E-06,4.41163002E-06,2.15578166E-06,-6.79E-07,6.55299891E-06,-8.85E-07,INT SYNC:059.94[Hz],DOUBLE FRAME,NORMAL,STANDARD DARK,ONE,CIE1931 (2°),1°,100,0.33333333,0.33333333,NONE,1,200200,2094221,OFF,TRUE,2024/03/25,16:44:17,OK00,----,----,----,CS-3000HDR,3001075,1.00.0008
7,1.51804203E+03,8.72163340E+02,6.77118326E+00,8.72163340E+02,0.63331534,0.36385977,0.41531009,0.53686987,----,----,601.905942,99.2825499,222.775959,208.823568,330.165063,3.07530373E+00,596,1.11824265E-05,-6.02E-06,-9.48E-06,1.33087087E-05,4.02873411E-05,-2.33E-05,-1.48E-05,1.26254236E-05,-2.17E-06,4.71614931E-06,-2.24E-05,-1.78E-05,5.68120959E-06,-2.64E-06,-1.14E-06,1.48362187E-06,-1.50E-05,-2.94E-06,1.26698042E-05,-6.10E-06,-1.49E-05,1.10178962E-05,-6.47E-06,1.37175743E-06,1.09288694E-05,-7.52E-07,1.24942198E-05,4.58894374E-06,8.52545600E-06,1.02536314E-05,1.37596862E-05,-2.50E-06,-4.22E-06,-4.54E-06,2.18249152E-05,-1.91E-06,6.54438418E-06,-4.98E-06,-1.45E-05,-5.62E-06,-4.56E-06,2.60572597E-06,1.00679790E-05,-4.82E-06,-4.92E-07,-2.49E-06,8.35804167E-06,-7.74E-06,4.74956778E-06,3.06372567E-06,2.03623102E-07,2.49177833E-06,6.80227504E-06,-3.43E-07,-2.82E-06,7.59694814E-08,3.44932369E-06,-2.40E-07,2.31486069E-06,1.35693599E-05,-5.93E-06,1.23611035E-05,4.59931653E-06,8.57355099E-06,1.95358825E-05,2.58116906E-05,2.69030406E-05,3.34212091E-05,3.38451500E-05,5.21203692E-05,5.35255022E-05,7.06783321E-05,6.67374479E-05,9.25598215E-05,9.30352835E-05,9.08426227E-05,1.04839237E-04,1.04336519E-04,1.03224498E-04,1.08648601E-04,1.07593587E-04,9.31557224E-05,9.07568683E-05,8.78828796E-05,9.33449192E-05,7.41897020E-05,8.33398153E-05,7.92788123E-05,7.99015179E-05,8.23753653E-05,8.74177931E-05,8.25247189E-05,6.60584919E-05,8.12447179E-05,8.15066596E-05,8.84603724E-05,8.56657571E-05,8.06571916E-05,9.46064247E-05,9.19527665E-05,8.77800485E-05,9.86778541E-05,1.07788430E-04,1.20472527E-04,1.33598136E-04,1.48158462E-04,1.70269079E-04,1.90487219E-04,2.15997337E-04,2.47719610E-04,2.68623699E-04,3.02156899E-04,3.30573122E-04,3.53483658E-04,3.86754313E-04,4.08233056E-04,4.36247326E-04,4.64144541E-04,4.73152439E-04,4.93190892E-04,4.96635679E-04,4.88021557E-04,4.79742390E-04,4.60677751E-04,4.49426036E-04,4.50868218E-04,4.37534560E-04,4.23021498E-04,4.21370671E-04,4.16497292E-04,4.15282761E-04,4.07147018E-04,4.02865087E-04,4.07691346E-04,4.06568812E-04,3.98133823E-04,3.99542216E-04,4.02923615E-04,4.02843289E-04,3.97252617E-04,4.00366494E-04,3.97485594E-04,4.05280152E-04,4.04290244E-04,4.02357342E-04,4.07649030E-04,4.08645923E-04,4.06043662E-04,4.15402290E-04,4.35305410E-04,4.57688002E-04,4.96413384E-04,5.21863112E-04,5.37734362E-04,5.66710660E-04,6.03111694E-04,6.33589108E-04,6.70662848E-04,6.97321142E-04,7.34266941E-04,7.77161040E-04,8.05194140E-04,8.46409588E-04,8.78557039E-04,9.28503054E-04,9.19529353E-04,9.14834265E-04,8.79734696E-04,8.66986287E-04,8.84030771E-04,9.05313995E-04,9.18104313E-04,9.35122604E-04,9.07869660E-04,8.98560684E-04,8.86861235E-04,8.39970773E-04,8.08979385E-04,7.78464775E-04,7.45402183E-04,7.17372459E-04,7.09889107E-04,7.08379492E-04,6.98902470E-04,6.99422555E-04,7.24067038E-04,7.43304088E-04,8.02827126E-04,8.91530537E-04,9.99983982E-04,1.18340342E-03,1.40012568E-03,1.76210864E-03,2.20090128E-03,2.80144508E-03,3.55605618E-03,4.50791093E-03,5.81182865E-03,7.32267834E-03,9.14668757E-03,1.12814084E-02,1.37243858E-02,1.66171752E-02,1.96950026E-02,2.29531843E-02,2.62957104E-02,2.95858569E-02,3.28787640E-02,3.61090414E-02,3.89294438E-02,4.14701067E-02,4.35216352E-02,4.51822467E-02,4.65012006E-02,4.74874973E-02,4.80282418E-02,4.83152643E-02,4.82349731E-02,4.79941927E-02,4.75041345E-02,4.68694866E-02,4.61894423E-02,4.54597361E-02,4.47050147E-02,4.39035520E-02,4.31453399E-02,4.24341746E-02,4.19485010E-02,4.13027555E-02,4.07961011E-02,4.02389057E-02,3.97154279E-02,3.93186845E-02,3.89457904E-02,3.85255590E-02,3.79516780E-02,3.76580358E-02,3.71239483E-02,3.67613398E-02,3.62764038E-02,3.58040929E-02,3.54100242E-02,3.49297971E-02,3.45510878E-02,3.41418982E-02,3.38315777E-02,3.33857648E-02,3.30793485E-02,3.27504911E-02,3.24137583E-02,3.21324430E-02,3.17850932E-02,3.15526053E-02,3.11360061E-02,3.08891796E-02,3.05469539E-02,3.02658305E-02,2.99249683E-02,2.95932777E-02,2.92549413E-02,2.89321430E-02,2.86978465E-02,2.85599381E-02,2.83340476E-02,2.82092132E-02,2.81031616E-02,2.79307663E-02,2.78514326E-02,2.76496988E-02,2.74354797E-02,2.72414126E-02,2.70657614E-02,2.68145148E-02,2.65608132E-02,2.63526700E-02,2.60923523E-02,2.57844999E-02,2.54858565E-02,2.53067352E-02,2.49443185E-02,2.45437734E-02,2.40725465E-02,2.34162193E-02,2.26411745E-02,2.14807373E-02,2.00369861E-02,1.84108634E-02,1.65915731E-02,1.46238552E-02,1.26370434E-02,1.07962964E-02,9.01734084E-03,7.35807139E-03,6.03846321E-03,4.91981022E-03,3.97426542E-03,3.21046845E-03,2.59819860E-03,2.11595302E-03,1.68381666E-03,1.37752667E-03,1.14362570E-03,9.36943223E-04,7.74234824E-04,6.62894396E-04,5.52510086E-04,4.58627124E-04,3.95772018E-04,3.43838736E-04,2.95261154E-04,2.55256542E-04,2.27554498E-04,2.02628129E-04,1.79570823E-04,1.63461373E-04,1.31187655E-04,1.26146828E-04,1.17980344E-04,1.08925895E-04,9.04972767E-05,1.02993021E-04,8.23936134E-05,8.27619588E-05,7.60608382E-05,8.32708101E-05,6.46201079E-05,6.05744281E-05,6.27051340E-05,5.80450287E-05,6.94684713E-05,6.15766112E-05,6.92182075E-05,5.21696056E-05,4.62759090E-05,4.91590508E-05,4.25201979E-05,3.63627150E-05,5.16006294E-05,5.77297287E-05,4.66412384E-05,6.55089170E-05,8.23994924E-05,7.31737236E-05,7.32145345E-05,5.38167442E-05,5.44901850E-05,7.21147662E-05,7.07123545E-05,5.25283758E-05,5.61860179E-05,5.58532302E-05,5.86366587E-05,5.82246757E-05,4.97020119E-05,4.32105553E-05,5.32524355E-05,4.36320079E-05,3.15268408E-05,3.25011024E-05,2.81577541E-05,2.21475420E-05,3.45729859E-05,3.31823030E-05,2.98747382E-05,2.04427633E-05,1.57897393E-05,2.60121360E-05,2.76664468E-05,2.66770312E-05,8.71432712E-06,1.62977922E-05,4.15897848E-05,3.89837951E-05,3.11175827E-05,1.42669587E-05,-2.41E-07,-4.49E-06,3.04547211E-06,3.51700260E-06,3.58379984E-05,-2.28E-05,-6.51E-06,1.63474378E-05,-2.32E-05,-3.41E-05,-7.78E-06,1.07777814E-05,2.04979733E-05,1.64776411E-05,-2.27E-05,8.75928617E-06,2.44967068E-05,-1.22E-05,-2.52E-05,-1.47E-05,4.00364115E-05,2.38996945E-05,1.72014006E-05,5.90798436E-06,-5.74E-05,-5.03E-05,INT SYNC:059.94[Hz],DOUBLE FRAME,NORMAL,STANDARD DARK,TWO,CIE1931 (2°),1°,100,0.33333333,0.33333333,NONE,1,600601,2891946,OFF,TRUE,2024/03/25,16:44:21,OK00,----,----,----,CS-3000HDR,3001075,1.00.0008
8,2.71551364E+02,2.24423579E+02,8.05249540E+01,2.24423579E+02,0.47103454,0.38928642,0.27998739,0.52063995,2387.6497,-0.00844595,589.110668,58.2077831,135.873086,42.9438898,75.7813761,6.76823678E-01,594,7.00667186E-08,-1.87E-07,1.81164737E-07,1.94750100E-06,4.29687873E-07,1.42042154E-06,3.60007539E-06,9.85518909E-07,1.03228024E-06,1.47799165E-06,-3.32E-06,1.46299328E-06,6.88453497E-07,-1.36E-06,-7.93E-08,-2.32E-06,-6.78E-08,-3.95E-06,1.79027211E-06,-1.95E-06,1.26986288E-06,-9.02E-07,1.01379783E-06,-2.21E-06,1.37554821E-06,2.50321825E-08,-2.77E-06,6.20877472E-07,2.92626100E-06,3.04000338E-07,3.75589906E-07,4.80122992E-07,-1.48E-06,3.65319153E-07,7.19432251E-07,-1.51E-06,-1.03E-06,6.74998262E-08,-2.47E-06,6.91188234E-07,1.68677929E-07,-2.14E-06,5.51945107E-07,-1.73E-06,3.77506097E-07,-7.43E-07,-1.40E-06,-1.32E-06,-1.63E-06,-1.64E-06,-1.98E-06,-2.39E-06,6.01424176E-07,-1.81E-06,-1.75E-06,-3.17E-06,6.46986223E-07,-1.91E-06,3.19438004E-06,7.06129822E-06,1.96118799E-05,3.43477768E-05,5.94400844E-05,9.95890950E-05,1.56264257E-04,2.28648627E-04,3.21737985E-04,4.32693138E-04,5.79365937E-04,7.25950173E-04,8.83975241E-04,1.05328823E-03,1.23427704E-03,1.41560566E-03,1.57258764E-03,1.71948888E-03,1.87128782E-03,1.98858045E-03,2.07819184E-03,2.13680160E-03,2.13678926E-03,2.14914395E-03,2.13186862E-03,2.13265768E-03,2.15164153E-03,2.17844849E-03,2.21124408E-03,2.25899834E-03,2.32805009E-03,2.37030629E-03,2.41096760E-03,2.43351585E-03,2.46035052E-03,2.44333758E-03,2.41306098E-03,2.35753506E-03,2.28034589E-03,2.20998446E-03,2.12518428E-03,2.07746075E-03,2.04990595E-03,2.03162199E-03,2.03958875E-03,2.06256774E-03,2.09711958E-03,2.11685034E-03,2.13344651E-03,2.11881334E-03,2.10099784E-03,2.06240965E-03,2.02588062E-03,1.96926575E-03,1.93217967E-03,1.88637886E-03,1.83626194E-03,1.81147561E-03,1.80799165E-03,1.79964909E-03,1.79909798E-03,1.77525636E-03,1.72326784E-03,1.65163667E-03,1.56627840E-03,1.47921254E-03,1.39705231E-03,1.34245958E-03,1.30918389E-03,1.27939158E-03,1.26470276E-03,1.24880276E-03,1.23885134E-03,1.22650235E-03,1.21911441E-03,1.21600716E-03,1.21987902E-03,1.22533168E-03,1.22426823E-03,1.22309139E-03,1.21723476E-03,1.20933040E-03,1.21191388E-03,1.21960242E-03,1.22368184E-03,1.21778366E-03,1.22722273E-03,1.22995814E-03,1.23355363E-03,1.23841234E-03,1.25909189E-03,1.29358191E-03,1.34682085E-03,1.41400611E-03,1.48403691E-03,1.57106761E-03,1.64100481E-03,1.71141070E-03,1.80045341E-03,1.89480849E-03,1.99211715E-03,2.10174057E-03,2.20968784E-03,2.31217570E-03,2.42487667E-03,2.55029881E-03,2.65949103E-03,2.69952184E-03,2.64377310E-03,2.55715405E-03,2.52226833E-03,2.56818137E-03,2.65124906E-03,2.71482137E-03,2.74768332E-03,2.72766268E-03,2.67003477E-03,2.60048150E-03,2.50628614E-03,2.40620202E-03,2.30656634E-03,2.21573166E-03,2.13806215E-03,2.06514588E-03,2.00227415E-03,1.95479533E-03,1.91368361E-03,1.89757056E-03,1.88046636E-03,1.86898559E-03,1.88158813E-03,1.91315613E-03,1.96964713E-03,2.04790244E-03,2.15112790E-03,2.27087503E-03,2.40875385E-03,2.54799332E-03,2.69676605E-03,2.87633529E-03,3.07183457E-03,3.29881976E-03,3.56114050E-03,3.87531077E-03,4.24470194E-03,4.63351840E-03,5.04757045E-03,5.47336554E-03,5.89623861E-03,6.31512050E-03,6.70428947E-03,7.06728175E-03,7.38003151E-03,7.62714585E-03,7.78927421E-03,7.89789204E-03,7.92370923E-03,7.88316596E-03,7.78074656E-03,7.60626653E-03,7.40929646E-03,7.18768407E-03,6.96402974E-03,6.73111062E-03,6.50493242E-03,6.28186110E-03,6.05224073E-03,5.84760401E-03,5.63588226E-03,5.45433722E-03,5.26858727E-03,5.08721266E-03,4.96221427E-03,4.84852726E-03,4.74009942E-03,4.65865107E-03,4.59554419E-03,4.51818714E-03,4.47471393E-03,4.43524495E-03,4.39385045E-03,4.35649324E-03,4.34506172E-03,4.34063701E-03,4.35288949E-03,4.35926719E-03,4.38341452E-03,4.41375608E-03,4.42845421E-03,4.44021588E-03,4.43400582E-03,4.43031034E-03,4.40619839E-03,4.38804599E-03,4.36116522E-03,4.30464931E-03,4.28387569E-03,4.23951354E-03,4.18634526E-03,4.12032194E-03,4.07043751E-03,3.99816968E-03,3.92833771E-03,3.84792266E-03,3.77934589E-03,3.70195135E-03,3.64218932E-03,3.56828514E-03,3.51756974E-03,3.47908516E-03,3.43124685E-03,3.38866981E-03,3.34364153E-03,3.30960006E-03,3.26053239E-03,3.22317099E-03,3.19013512E-03,3.16045759E-03,3.12826713E-03,3.10286321E-03,3.06801475E-03,3.03601171E-03,2.99526285E-03,2.94444175E-03,2.88602570E-03,2.79648183E-03,2.66440073E-03,2.48788670E-03,2.28815759E-03,2.06470513E-03,1.82154810E-03,1.57323002E-03,1.33981684E-03,1.11453666E-03,9.07438400E-04,7.42788718E-04,6.06580114E-04,4.85430763E-04,3.88383894E-04,3.09728581E-04,2.51043180E-04,2.02416064E-04,1.61746066E-04,1.31760142E-04,1.07249944E-04,8.99138395E-05,7.48746170E-05,6.05791829E-05,5.06509641E-05,4.16890289E-05,3.66191234E-05,3.01385953E-05,2.51175134E-05,2.32237562E-05,2.01181738E-05,1.93536489E-05,1.70286676E-05,1.47997907E-05,1.22346974E-05,1.14038003E-05,9.79339529E-06,1.12781372E-05,1.18254738E-05,1.16094261E-05,9.11994175E-06,1.06610041E-05,1.24103717E-05,9.75302100E-06,1.08947706E-05,1.18736316E-05,1.10400160E-05,9.76458705E-06,1.18422649E-05,1.10838046E-05,1.25786255E-05,1.32362575E-05,1.66149584E-05,1.62227116E-05,1.51977902E-05,1.85941972E-05,1.87905516E-05,1.87602545E-05,1.83607135E-05,1.98352591E-05,1.67689414E-05,1.77604215E-05,1.87711485E-05,1.91147665E-05,2.03203945E-05,1.99923961E-05,2.03281415E-05,2.00225368E-05,2.03227501E-05,2.14560423E-05,1.86803318E-05,1.95651774E-05,1.80795651E-05,2.00133109E-05,1.67344333E-05,1.52813409E-05,1.98783273E-05,1.74962133E-05,1.65369274E-05,1.45648391E-05,1.16042520E-05,1.31753332E-05,1.01391006E-05,1.09338089E-05,1.09384810E-05,1.08347631E-05,8.51486766E-06,5.84413738E-06,6.60377236E-06,7.03922933E-06,5.95294159E-06,7.04852800E-06,2.42826513E-06,3.32673198E-06,6.51369692E-06,1.58269188E-06,3.76660955E-06,3.41910618E-06,7.91650655E-06,7.45811803E-06,2.43272871E-06,1.58491821E-06,-1.96E-08,8.04141280E-07,9.04768513E-07,1.01753085E-06,1.88982995E-06,-9.25E-07,1.40230406E-06,5.09229903E-06,-3.38E-07,-2.66E-06,-7.81E-07,3.12654402E-06,6.04591719E-07,3.23955601E-06,-9.96E-08,-4.87E-07,-7.81E-07,INT SYNC:059.94[Hz],DOUBLE FRAME,NORMAL,STANDARD DARK,ONE,CIE1931 (2°),1°,100,0.33333333,0.33333333,NONE,1,166834,2021034,OFF,TRUE,2024/03/25,16:44:26,OK00,----,----,----,CS-3000HDR,3001075,1.00.0008
9,1.51362433E+03,8.67294893E+02,6.49050084E+00,8.67294893E+02,0.63400275,0.36327861,0.41633071,0.53674703,----,----,602.042955,99.3137111,222.330845,209.540055,330.539926,3.06362958E+00,596,-4.03E-06,-2.09E-05,-2.85E-06,1.68292754E-05,7.02789350E-07,1.51041277E-05,-8.21E-06,-1.80E-05,-1.30E-05,2.91174888E-06,1.02406402E-05,-1.29E-05,2.42333982E-07,-3.20E-06,1.11660820E-05,-1.84E-05,-1.53E-05,-3.09E-06,6.47804063E-06,8.10138317E-06,-1.07E-05,5.99574287E-06,-6.28E-06,3.14338627E-06,-1.62E-06,1.98024536E-05,1.88819990E-06,6.17457636E-06,-2.49E-06,-6.95E-06,1.39681624E-05,7.55581914E-06,-1.11E-05,-2.81E-06,8.15503427E-06,8.21542926E-06,1.51187407E-06,2.38942630E-06,3.51850963E-06,-1.21E-05,-3.60E-07,4.24768768E-06,4.60770980E-06,1.63431323E-05,6.21895697E-06,-3.43E-06,7.14538919E-06,-3.65E-06,-1.22E-06,-4.96E-06,-2.21E-06,-1.41E-06,4.11701285E-06,-9.86E-07,9.53039762E-06,-2.63E-07,5.61624393E-06,2.62471144E-06,1.17966579E-06,6.20774108E-06,6.93062839E-06,2.37532913E-06,9.54200459E-07,1.02964868E-05,1.03948241E-05,1.70021085E-05,2.30810456E-05,3.23830391E-05,4.99402122E-05,5.45850817E-05,6.55437761E-05,5.87915165E-05,7.70102051E-05,8.83668035E-05,8.52037774E-05,9.91608031E-05,1.00793302E-04,1.06439875E-04,1.06766951E-04,9.74150244E-05,1.04725368E-04,9.95593218E-05,9.26706707E-05,8.58360218E-05,9.00702507E-05,7.95264059E-05,9.28997179E-05,8.00457274E-05,7.65576915E-05,7.89682381E-05,7.52562628E-05,7.46392543E-05,7.91905404E-05,8.45550385E-05,9.32985713E-05,8.93064134E-05,9.32430485E-05,8.77281564E-05,8.65466645E-05,8.12481012E-05,8.95004705E-05,9.19757367E-05,1.02512196E-04,1.12941496E-04,1.19795623E-04,1.35157883E-04,1.59829826E-04,1.70679879E-04,1.98239533E-04,2.17102803E-04,2.47843825E-04,2.62498244E-04,3.02011962E-04,3.13708617E-04,3.38897080E-04,3.69673478E-04,3.91830807E-04,4.14095877E-04,4.35633527E-04,4.52092354E-04,4.48734150E-04,4.45662678E-04,4.28351428E-04,4.17621079E-04,4.02112782E-04,3.94277740E-04,3.97216354E-04,3.85731488E-04,3.91834270E-04,3.72717157E-04,3.61993414E-04,3.63472413E-04,3.70394730E-04,3.65991611E-04,3.54895252E-04,3.65196058E-04,3.55779164E-04,3.52239964E-04,3.52534786E-04,3.59593309E-04,3.54778196E-04,3.67307250E-04,3.52779520E-04,3.49689828E-04,3.47683643E-04,3.59386555E-04,3.57424782E-04,3.67006694E-04,3.79354344E-04,3.93698429E-04,4.15461516E-04,4.37837734E-04,4.51473083E-04,4.95381944E-04,5.10703889E-04,5.37083484E-04,5.54303057E-04,6.03650580E-04,6.28682494E-04,6.71157031E-04,6.94752729E-04,7.30152300E-04,7.75454100E-04,7.94390799E-04,8.17323511E-04,8.26200121E-04,8.16462678E-04,7.92792882E-04,7.78827583E-04,7.90253922E-04,8.05006537E-04,8.15006671E-04,8.29953002E-04,8.16422747E-04,8.12143029E-04,7.78511225E-04,7.55366113E-04,7.17830728E-04,6.82316197E-04,6.63499872E-04,6.50639297E-04,6.37892575E-04,6.24566164E-04,6.28932379E-04,6.24296255E-04,6.43425214E-04,6.77767675E-04,7.35792681E-04,8.22025584E-04,9.45361855E-04,1.09255523E-03,1.34494307E-03,1.69718184E-03,2.14565196E-03,2.72329571E-03,3.48402979E-03,4.43720398E-03,5.71802584E-03,7.22347712E-03,9.03899688E-03,1.11454073E-02,1.36467889E-02,1.65459346E-02,1.96215212E-02,2.28932742E-02,2.61883233E-02,2.95314994E-02,3.27513702E-02,3.60194258E-02,3.88663933E-02,4.14361283E-02,4.34761420E-02,4.50816303E-02,4.64334898E-02,4.74846996E-02,4.79741022E-02,4.82986644E-02,4.81718555E-02,4.79531810E-02,4.74559367E-02,4.67831567E-02,4.61135618E-02,4.53835838E-02,4.46204543E-02,4.37704474E-02,4.30483259E-02,4.24392149E-02,4.18558642E-02,4.12216783E-02,4.07249071E-02,4.02660780E-02,3.97612005E-02,3.92150432E-02,3.87489796E-02,3.84013057E-02,3.78758982E-02,3.75107415E-02,3.71128507E-02,3.66792828E-02,3.61260176E-02,3.57201882E-02,3.53135057E-02,3.48586515E-02,3.44455652E-02,3.40635628E-02,3.37252393E-02,3.33097167E-02,3.29724476E-02,3.27057913E-02,3.22892703E-02,3.19840796E-02,3.17637883E-02,3.14839333E-02,3.11039519E-02,3.07867769E-02,3.05094533E-02,3.01828831E-02,2.97869556E-02,2.95200851E-02,2.91573182E-02,2.89264154E-02,2.87185255E-02,2.85286792E-02,2.83168498E-02,2.82320343E-02,2.80115325E-02,2.78739482E-02,2.77005322E-02,2.75947247E-02,2.73562744E-02,2.71690842E-02,2.69912388E-02,2.67369971E-02,2.65232753E-02,2.63043232E-02,2.60518994E-02,2.57521160E-02,2.55202111E-02,2.52323169E-02,2.48900056E-02,2.45460775E-02,2.40098983E-02,2.33954769E-02,2.25388724E-02,2.14581843E-02,2.00647675E-02,1.84418876E-02,1.65467076E-02,1.46152871E-02,1.26314126E-02,1.07883504E-02,9.00276564E-03,7.30168866E-03,6.02182513E-03,4.91243415E-03,3.97884334E-03,3.21955676E-03,2.59845727E-03,2.10801698E-03,1.67897064E-03,1.37716869E-03,1.13441504E-03,9.26959736E-04,7.81626266E-04,6.36158627E-04,5.53499558E-04,4.55898698E-04,3.96921474E-04,3.35287332E-04,2.90844386E-04,2.63383699E-04,2.15315915E-04,1.88828009E-04,1.76177564E-04,1.54576410E-04,1.36884002E-04,1.36863397E-04,1.17279793E-04,1.02420243E-04,8.92001772E-05,9.96417948E-05,7.88330362E-05,7.06253413E-05,6.44433603E-05,7.14273483E-05,7.68653990E-05,7.93879371E-05,6.15363533E-05,4.92064137E-05,6.95408889E-05,4.99834387E-05,6.14246237E-05,5.45657531E-05,3.73516668E-05,4.71414205E-05,7.27650913E-05,5.72261852E-05,4.76689056E-05,5.31669539E-05,5.56997802E-05,5.47521959E-05,5.45327384E-05,4.80395429E-05,6.04744637E-05,5.12640327E-05,5.08764024E-05,6.16685502E-05,5.91327735E-05,5.70722041E-05,5.36319567E-05,5.83323563E-05,4.43030076E-05,5.00905298E-05,4.85075761E-05,6.02479231E-05,6.17123078E-05,4.98439695E-05,5.18481393E-05,3.37320125E-05,2.13852381E-05,3.49148977E-05,2.79734813E-05,3.61044004E-05,3.53419928E-05,1.36706130E-05,8.38017149E-06,1.84210057E-05,2.52801419E-05,8.63576406E-06,2.29905891E-05,1.97442951E-05,1.87474998E-05,7.85630255E-06,-3.76E-06,4.93843254E-05,1.90631781E-07,-9.29E-06,3.68993460E-06,-5.91E-06,2.87292441E-05,2.05711221E-05,1.67186899E-05,5.67106099E-06,2.33403935E-05,2.08309357E-05,-1.29E-05,-6.39E-06,8.69088308E-06,1.51582144E-05,-3.42E-05,9.00859959E-06,3.98579759E-05,2.41818743E-05,-1.79E-05,-1.15E-05,2.08523534E-06,-3.23E-05,-5.08E-06,1.79224317E-05,3.24104585E-05,2.00241411E-05,INT SYNC:059.94[Hz],DOUBLE FRAME,NORMAL,STANDARD DARK,TWO,CIE1931 (2°),1°,100,0.33333333,0.33333333,NONE,1,600601,2892772,OFF,TRUE,2024/03/25,16:44:31,OK00,----,----,----,CS-3000HDR,3001075,1.00.0008
10,3.09907802E+02,2.35067206E+02,6.84351579E+01,2.35067206E+02,0.50522117,0.38321374,0.30674667,0.5235063,1989.9463,-0.01017079,592.825053,66.6477777,138.237036,64.1627737,89.6783749,7.29320527E-01,594,4.77347612E-07,2.68648910E-06,3.75170180E-06,-1.72E-06,1.03742184E-06,-2.36E-06,-1.11E-06,-3.97E-06,-1.47E-06,2.58353430E-06,-2.16E-06,9.54303687E-07,6.31127534E-07,-7.83E-09,-1.22E-06,-7.88E-07,5.94907135E-07,-1.54E-06,-1.29E-06,-2.59E-06,1.18824141E-06,-1.12E-06,-8.89E-07,-1.37E-06,-1.99E-06,3.61351135E-06,-1.03E-06,-6.60E-07,-1.60E-06,1.44151898E-07,9.76720571E-07,-4.45E-07,5.06822289E-07,-5.49E-07,1.00334398E-06,1.66391271E-06,-1.03E-06,-1.05E-06,2.30602086E-06,-8.65E-07,-1.69E-06,-3.10E-07,-1.02E-06,1.71684377E-07,-4.45E-07,-6.40E-07,-1.97E-06,-1.59E-06,2.35524021E-06,1.65814129E-06,-2.09E-06,-1.78E-06,-6.83E-08,-2.55E-06,-5.14E-08,-1.76E-06,-3.42E-07,-1.32E-06,3.89970864E-06,7.03250726E-06,1.74685301E-05,3.11684926E-05,5.00045826E-05,8.35218380E-05,1.34172238E-04,1.91848027E-04,2.72002013E-04,3.70602967E-04,4.97223693E-04,6.18033810E-04,7.55257090E-04,9.00805055E-04,1.05820189E-03,1.20442582E-03,1.33534858E-03,1.46810152E-03,1.60080462E-03,1.70236221E-03,1.77831727E-03,1.82455196E-03,1.83868001E-03,1.82152411E-03,1.82101864E-03,1.81013811E-03,1.83297251E-03,1.85311504E-03,1.87838997E-03,1.92240253E-03,1.96548738E-03,2.01148400E-03,2.04472896E-03,2.07245932E-03,2.08473997E-03,2.07914528E-03,2.03673309E-03,1.99194532E-03,1.93193869E-03,1.87609752E-03,1.79865840E-03,1.75074511E-03,1.72088668E-03,1.72310311E-03,1.73011806E-03,1.75138481E-03,1.77149696E-03,1.77892239E-03,1.80151814E-03,1.78767904E-03,1.76902080E-03,1.74055586E-03,1.71127543E-03,1.65621331E-03,1.61585631E-03,1.58084789E-03,1.54741085E-03,1.51853904E-03,1.51460234E-03,1.51874730E-03,1.51792355E-03,1.49282452E-03,1.45671319E-03,1.38946390E-03,1.32035522E-03,1.25447917E-03,1.18297467E-03,1.13382062E-03,1.10179244E-03,1.08451175E-03,1.06729555E-03,1.05118542E-03,1.04008126E-03,1.02554460E-03,1.02285168E-03,1.01807620E-03,1.02737173E-03,1.02147972E-03,1.02091010E-03,1.02332782E-03,1.02009589E-03,1.00710557E-03,1.00698380E-03,1.01977831E-03,1.01593509E-03,1.02625403E-03,1.02594646E-03,1.03132438E-03,1.03566446E-03,1.04052946E-03,1.05911831E-03,1.09212776E-03,1.13800832E-03,1.19528419E-03,1.25202409E-03,1.32077292E-03,1.38748880E-03,1.45613262E-03,1.52043474E-03,1.60601141E-03,1.68541388E-03,1.77200022E-03,1.86493888E-03,1.94801157E-03,2.04738160E-03,2.14453344E-03,2.24414584E-03,2.27293628E-03,2.22137314E-03,2.14939192E-03,2.12762458E-03,2.15493585E-03,2.22617970E-03,2.27838848E-03,2.29144283E-03,2.27742596E-03,2.23704916E-03,2.16894224E-03,2.08564405E-03,2.00896035E-03,1.92210695E-03,1.84849813E-03,1.78479112E-03,1.72584166E-03,1.67504791E-03,1.63387286E-03,1.60254654E-03,1.58381590E-03,1.57279673E-03,1.57616741E-03,1.59164064E-03,1.63319020E-03,1.69204525E-03,1.76789844E-03,1.87165465E-03,1.99947832E-03,2.14462099E-03,2.31113681E-03,2.49643996E-03,2.72135762E-03,2.97144940E-03,3.26450123E-03,3.61558748E-03,4.02501039E-03,4.50312486E-03,5.02335420E-03,5.56053594E-03,6.12047873E-03,6.67624176E-03,7.21878605E-03,7.75517989E-03,8.25710502E-03,8.68919864E-03,9.03751422E-03,9.28589702E-03,9.49039403E-03,9.58545599E-03,9.58450139E-03,9.49493237E-03,9.33709741E-03,9.11504589E-03,8.86859931E-03,8.58956110E-03,8.33028555E-03,8.08232743E-03,7.80665968E-03,7.51721207E-03,7.26108439E-03,7.01024290E-03,6.77204505E-03,6.53798273E-03,6.34660898E-03,6.15728227E-03,6.01037638E-03,5.88145386E-03,5.76104829E-03,5.67794498E-03,5.56826917E-03,5.50632970E-03,5.44394786E-03,5.39448019E-03,5.34452312E-03,5.33504831E-03,5.31321624E-03,5.32222632E-03,5.35027450E-03,5.36972983E-03,5.39149297E-03,5.41357417E-03,5.43414056E-03,5.44317300E-03,5.42285619E-03,5.41307777E-03,5.39536914E-03,5.35881380E-03,5.31881396E-03,5.27581666E-03,5.23583032E-03,5.18371072E-03,5.12690842E-03,5.06327208E-03,4.95813368E-03,4.88944538E-03,4.79040202E-03,4.69738757E-03,4.61476017E-03,4.54487186E-03,4.46229614E-03,4.38993517E-03,4.33305092E-03,4.26975591E-03,4.20688232E-03,4.15800977E-03,4.09948919E-03,4.03903332E-03,3.99430189E-03,3.94557137E-03,3.89106013E-03,3.84566397E-03,3.80903902E-03,3.77088645E-03,3.72759043E-03,3.68463737E-03,3.62110464E-03,3.52830486E-03,3.41127743E-03,3.24576464E-03,3.03372904E-03,2.79801269E-03,2.52057542E-03,2.21673562E-03,1.91985897E-03,1.63213967E-03,1.36495673E-03,1.10547629E-03,9.09153547E-04,7.36065500E-04,5.96698083E-04,4.78046451E-04,3.85218591E-04,3.08218063E-04,2.44658964E-04,2.01895309E-04,1.61408258E-04,1.32842310E-04,1.10736335E-04,9.23709376E-05,7.40788018E-05,6.32833035E-05,5.22426235E-05,4.49870240E-05,3.85084932E-05,3.39297767E-05,2.83682693E-05,2.47590797E-05,2.39982619E-05,2.05413016E-05,1.73358658E-05,1.63201312E-05,1.68718179E-05,1.40562324E-05,1.40257962E-05,1.16850597E-05,1.39839831E-05,1.17735972E-05,1.10828714E-05,1.25783945E-05,1.23221889E-05,1.10514729E-05,1.24065646E-05,1.31426532E-05,1.66474074E-05,1.51038221E-05,1.38936621E-05,1.44032865E-05,1.41466799E-05,1.68647166E-05,1.88223858E-05,2.22752733E-05,1.88252889E-05,2.04771350E-05,1.78571609E-05,1.65671627E-05,2.22963663E-05,1.98582948E-05,1.96670699E-05,1.95447083E-05,1.93952419E-05,2.33161336E-05,1.86308898E-05,2.38857974E-05,2.08150886E-05,2.23897023E-05,2.09180980E-05,1.87507430E-05,2.15440705E-05,2.06390614E-05,1.92663738E-05,1.72147302E-05,1.67565740E-05,1.61651187E-05,1.32220284E-05,1.49172301E-05,1.54522477E-05,1.33257590E-05,1.12166726E-05,1.28786014E-05,1.24134876E-05,8.99993120E-06,7.16750219E-06,8.13937913E-06,5.64527500E-06,2.64689834E-06,5.40562860E-06,1.04090141E-05,7.86916735E-06,1.28827867E-06,1.42476370E-06,5.77112769E-06,5.54596772E-06,3.30615217E-06,6.14196551E-06,5.73794114E-06,3.10209572E-07,-3.12E-06,3.94116933E-06,5.56019995E-06,4.61041463E-06,4.55195186E-06,5.00300484E-06,9.99718395E-07,1.21181563E-06,4.73226874E-06,6.79584309E-06,5.35574642E-08,-5.56E-07,1.74248999E-06,2.70213945E-06,3.73418743E-07,-3.88E-07,-2.25E-06,7.74274031E-06,-2.42E-06,INT SYNC:059.94[Hz],DOUBLE FRAME,NORMAL,STANDARD DARK,ONE,CIE1931 (2°),1°,100,0.33333333,0.33333333,NONE,1,133467,1956762,OFF,TRUE,2024/03/25,16:44:37,OK00,----,----,----,CS-3000HDR,3001075,1.00.0008
11,1.51351748E+03,8.64193313E+02,6.01960587E+00,8.64193313E+02,0.63493652,0.36253819,0.41768119,0.53660028,----,----,602.224537,99.3707892,222.046403,210.736994,332.04229,3.06091685E+00,596,-2.22E-05,-1.95E-05,-2.85E-06,2.86025388E-05,6.88146338E-06,-1.20E-05,-2.59E-05,-1.10E-05,-1.18E-06,4.87361649E-06,7.81931976E-06,-1.35E-05,-3.43E-06,9.84639087E-07,1.47853343E-05,1.90505000E-06,-6.72E-06,-1.31E-05,-4.85E-06,-1.47E-05,-1.42E-05,-2.39E-06,-6.73E-06,6.51915116E-07,2.25463123E-06,4.42614328E-06,-8.35E-06,-2.38E-06,-1.03E-07,2.07406515E-06,1.87543501E-05,2.92990057E-06,1.32359364E-05,3.33937464E-06,-5.48E-06,1.32305804E-05,1.28709671E-05,8.59557804E-06,-7.38E-06,3.65343624E-07,6.01217926E-06,1.13043407E-05,-1.02E-05,-3.82E-06,8.68021107E-06,-5.15E-06,3.25173733E-06,-7.06E-06,7.82688494E-06,2.81338180E-06,3.75582181E-06,2.96584767E-06,5.95717984E-06,-3.24E-06,5.98171664E-06,7.27713632E-06,-2.32E-06,4.16088915E-06,1.03498105E-05,2.71555655E-06,1.02789727E-05,2.64780238E-06,-3.74E-06,9.05177149E-06,9.92283549E-06,1.32046907E-05,2.28568333E-05,2.36583401E-05,3.74612137E-05,5.90324962E-05,5.52522943E-05,5.97734361E-05,7.18849988E-05,7.12375841E-05,8.13926745E-05,9.24246342E-05,1.09888177E-04,8.33283120E-05,9.23171247E-05,1.02895719E-04,1.04961458E-04,9.39641905E-05,9.94289803E-05,9.35570351E-05,8.42251829E-05,8.31857615E-05,8.28508128E-05,8.16919855E-05,8.09400226E-05,7.48705133E-05,8.41399378E-05,8.86984562E-05,8.51947407E-05,7.31240070E-05,7.55870642E-05,8.00574053E-05,8.36667605E-05,8.71378434E-05,8.61023436E-05,7.53773638E-05,8.57619962E-05,9.43337509E-05,1.01885809E-04,9.89387845E-05,1.01532911E-04,1.20112141E-04,1.38721094E-04,1.50238557E-04,1.65503399E-04,1.95063651E-04,1.99121787E-04,2.32208316E-04,2.49218079E-04,2.70005345E-04,2.92464043E-04,3.13497527E-04,3.31003364E-04,3.58947931E-04,3.69647198E-04,3.91919137E-04,3.87928652E-04,3.77740886E-04,3.73593066E-04,3.73400922E-04,3.45722859E-04,3.34410288E-04,3.38500540E-04,3.29652044E-04,3.28240305E-04,3.22866515E-04,3.15240992E-04,3.10229196E-04,3.10843694E-04,3.09829687E-04,3.10241885E-04,3.10726318E-04,3.16268939E-04,3.08525137E-04,2.98455823E-04,3.04717076E-04,3.00471816E-04,3.03146138E-04,3.15778161E-04,3.02973174E-04,3.10773321E-04,3.16109945E-04,3.10258969E-04,3.05046095E-04,3.31864139E-04,3.36802012E-04,3.44518136E-04,3.78990459E-04,3.94080213E-04,4.10549197E-04,4.36372735E-04,4.62382915E-04,4.79383103E-04,5.24605566E-04,5.63393172E-04,5.79768384E-04,6.02996268E-04,6.29849208E-04,6.69619709E-04,6.91330060E-04,7.14290363E-04,7.19024276E-04,7.05583894E-04,6.79743651E-04,6.70484675E-04,6.73977658E-04,7.01438403E-04,7.05948798E-04,7.16557144E-04,6.95132243E-04,6.87690626E-04,6.79602788E-04,6.36348850E-04,6.11200405E-04,5.91957069E-04,5.73916652E-04,5.57681487E-04,5.43811941E-04,5.42401045E-04,5.38068707E-04,5.56619780E-04,5.74955600E-04,6.09601848E-04,6.47329143E-04,7.30284257E-04,8.55306454E-04,1.01709797E-03,1.26707123E-03,1.59565441E-03,2.04150775E-03,2.61903275E-03,3.37310391E-03,4.34783893E-03,5.63514140E-03,7.13487249E-03,8.93460773E-03,1.10381804E-02,1.35302311E-02,1.64617412E-02,1.95383411E-02,2.28489190E-02,2.61306763E-02,2.94695906E-02,3.27565707E-02,3.59660424E-02,3.88707295E-02,4.14302312E-02,4.35580164E-02,4.51679938E-02,4.65842523E-02,4.75028567E-02,4.80997413E-02,4.83481809E-02,4.83430102E-02,4.79509905E-02,4.75228801E-02,4.69083153E-02,4.62169759E-02,4.54554781E-02,4.46850508E-02,4.37821597E-02,4.31169085E-02,4.24692929E-02,4.17932980E-02,4.13298421E-02,4.07894738E-02,4.02311347E-02,3.97703722E-02,3.92397642E-02,3.88391539E-02,3.83942425E-02,3.79588567E-02,3.75288650E-02,3.71206477E-02,3.67013887E-02,3.61492969E-02,3.57840396E-02,3.52922343E-02,3.49365138E-02,3.44911776E-02,3.41143310E-02,3.37656215E-02,3.34366709E-02,3.30632590E-02,3.27041037E-02,3.24264541E-02,3.20907012E-02,3.18289101E-02,3.15600038E-02,3.12006809E-02,3.09037212E-02,3.05393748E-02,3.02444194E-02,2.98764072E-02,2.96121649E-02,2.92727295E-02,2.89811809E-02,2.87561212E-02,2.85650659E-02,2.83221025E-02,2.82723028E-02,2.80632488E-02,2.79656965E-02,2.77841520E-02,2.76536178E-02,2.74610762E-02,2.72939242E-02,2.70098038E-02,2.68376246E-02,2.66313665E-02,2.63976231E-02,2.61474121E-02,2.58316714E-02,2.55259760E-02,2.52123047E-02,2.48919949E-02,2.45212466E-02,2.40880940E-02,2.34427974E-02,2.26757880E-02,2.15285048E-02,2.00496409E-02,1.83924455E-02,1.66438520E-02,1.46725532E-02,1.26626650E-02,1.08234072E-02,9.00270604E-03,7.34383753E-03,6.02505170E-03,4.89273574E-03,3.99279688E-03,3.21688037E-03,2.61499709E-03,2.12702691E-03,1.69388216E-03,1.37258007E-03,1.13453739E-03,9.51448048E-04,7.80820556E-04,6.50248432E-04,5.40434732E-04,4.50480671E-04,4.00322460E-04,3.33155505E-04,2.96609302E-04,2.58910557E-04,2.21468203E-04,1.93010186E-04,1.75834241E-04,1.47329702E-04,1.43215599E-04,1.26725150E-04,1.15304290E-04,1.03568018E-04,9.76262600E-05,8.68893039E-05,7.13191548E-05,8.04080119E-05,7.32587359E-05,7.63801581E-05,6.32426891E-05,6.05071145E-05,6.66857668E-05,6.73678296E-05,5.14840722E-05,6.27999325E-05,6.73157556E-05,5.06950782E-05,5.83246219E-05,5.42259331E-05,5.33919520E-05,5.83703477E-05,4.29800093E-05,6.87898137E-05,5.93965851E-05,5.15951688E-05,5.91099742E-05,5.11070939E-05,5.41332083E-05,5.63251415E-05,4.76576861E-05,4.99280468E-05,6.99660450E-05,5.46024894E-05,7.04758568E-05,7.19375312E-05,6.45408072E-05,5.30202342E-05,5.16625732E-05,4.55301706E-05,4.74554508E-05,3.66780441E-05,5.25241267E-05,5.99924570E-05,5.25631585E-05,4.17708361E-05,3.20820145E-05,3.43175343E-05,3.78549375E-05,1.67828730E-05,8.16758256E-06,2.50262092E-05,1.80515926E-05,2.27793698E-05,2.03466079E-05,3.49781635E-06,7.86960584E-07,-9.80E-07,1.28270290E-06,2.39636302E-05,4.76656032E-06,3.23531617E-06,4.29201873E-06,-5.91E-06,3.06473266E-05,2.87018411E-05,1.08723489E-05,1.62280212E-05,1.07697233E-05,7.00873488E-06,6.91242712E-06,1.52561570E-05,2.09542850E-06,-2.24E-05,2.33918545E-05,2.16855424E-05,3.99904566E-05,1.87804326E-05,-1.79E-05,1.88291979E-05,4.06403014E-05,-1.39E-06,1.53901965E-06,-5.92E-06,2.56303083E-05,-3.19E-05,INT SYNC:059.94[Hz],DOUBLE FRAME,NORMAL,STANDARD DARK,TWO,CIE1931 (2°),1°,100,0.33333333,0.33333333,NONE,1,600601,2887710,OFF,TRUE,2024/03/25,16:44:41,OK00,----,----,----,CS-3000HDR,3001075,1.00.0008
12,3.50746931E+02,2.47671178E+02,5.76462061E+01,2.47671178E+02,0.53462278,0.37751052,0.33099066,0.52587176,1725.33987,-0.00983839,595.646632,73.7641417,140.945841,83.1961933,104.145088,7.88774592E-01,595,-1.31E-07,-1.46E-06,4.64770574E-06,-1.56E-06,1.74267973E-06,1.91585787E-06,1.12366854E-06,-2.84E-06,-3.69E-07,2.45791011E-06,1.06617301E-06,-1.39E-07,-1.76E-06,1.13144722E-06,-3.29E-06,2.31202102E-06,6.37541052E-06,3.14393844E-07,2.22297376E-06,1.42980548E-06,-1.17E-07,7.70438305E-07,-4.09E-06,-5.23E-06,1.54086774E-06,1.47253616E-06,-4.08E-06,1.45171683E-07,-2.27E-06,3.80937252E-07,3.88043554E-06,1.76317840E-07,4.51367850E-06,2.02846832E-06,3.18065054E-06,1.82108010E-06,-7.38E-07,-3.06E-06,-1.72E-06,-9.40E-07,-4.40E-07,3.93972186E-06,-1.43E-07,-3.67E-06,-2.79E-06,-3.22E-07,6.54554697E-07,5.20591016E-07,-2.13E-06,-3.41E-06,-1.77E-06,1.38525195E-06,-1.94E-06,-1.58E-06,-2.72E-06,-3.02E-06,-2.94E-06,1.15881471E-06,4.28552630E-06,8.07340257E-06,1.58869025E-05,2.70094952E-05,4.44836696E-05,7.17913863E-05,1.14842631E-04,1.65418096E-04,2.32445658E-04,3.16593185E-04,4.15907183E-04,5.27790398E-04,6.47013716E-04,7.65695760E-04,9.00836952E-04,1.02426403E-03,1.14401313E-03,1.24465511E-03,1.36558863E-03,1.45035260E-03,1.50577864E-03,1.55016512E-03,1.54054922E-03,1.54185598E-03,1.53740612E-03,1.53267884E-03,1.52681605E-03,1.55911164E-03,1.57539849E-03,1.61664223E-03,1.65189127E-03,1.69641571E-03,1.72093976E-03,1.74975896E-03,1.75514095E-03,1.74942194E-03,1.72448310E-03,1.67457107E-03,1.63031870E-03,1.56193529E-03,1.51206041E-03,1.46936951E-03,1.44901755E-03,1.43811293E-03,1.44464872E-03,1.46435970E-03,1.48015376E-03,1.50163716E-03,1.50151143E-03,1.49260252E-03,1.47495838E-03,1.44701451E-03,1.40789966E-03,1.37499254E-03,1.34278089E-03,1.30458316E-03,1.28572888E-03,1.24809321E-03,1.24987250E-03,1.25058275E-03,1.25323853E-03,1.25118333E-03,1.20396656E-03,1.15318620E-03,1.09530194E-03,1.02651643E-03,9.79264150E-04,9.37476696E-04,9.05198161E-04,8.81585409E-04,8.75876343E-04,8.52465222E-04,8.47124436E-04,8.45786766E-04,8.34122009E-04,8.33884871E-04,8.26938951E-04,8.27215612E-04,8.28795717E-04,8.33352969E-04,8.27553973E-04,8.19688605E-04,8.19244364E-04,8.30614241E-04,8.25995812E-04,8.34847800E-04,8.35863117E-04,8.41645757E-04,8.48419382E-04,8.45004630E-04,8.64589645E-04,8.88627023E-04,9.32169554E-04,9.68729029E-04,1.03364908E-03,1.08605844E-03,1.14320568E-03,1.18976540E-03,1.24478387E-03,1.31722819E-03,1.38891721E-03,1.45721191E-03,1.53960101E-03,1.61266245E-03,1.68229430E-03,1.76765537E-03,1.85073854E-03,1.87977578E-03,1.83597696E-03,1.77366042E-03,1.75044197E-03,1.77091977E-03,1.82826736E-03,1.87477178E-03,1.88571773E-03,1.86838524E-03,1.82971579E-03,1.76760030E-03,1.70363870E-03,1.63331081E-03,1.57135341E-03,1.50756957E-03,1.45162782E-03,1.39855640E-03,1.35963596E-03,1.33247278E-03,1.31410721E-03,1.30363659E-03,1.29218271E-03,1.29067071E-03,1.31788198E-03,1.35229703E-03,1.41557679E-03,1.50647387E-03,1.62251457E-03,1.75050122E-03,1.91704277E-03,2.09964463E-03,2.31204694E-03,2.59316806E-03,2.89842580E-03,3.25713307E-03,3.69232800E-03,4.19670111E-03,4.77537792E-03,5.43280132E-03,6.08935999E-03,6.79818681E-03,7.48668052E-03,8.16454366E-03,8.84481706E-03,9.45626292E-03,1.00274496E-02,1.04977144E-02,1.08539946E-02,1.11192232E-02,1.12722740E-02,1.13178324E-02,1.12876920E-02,1.10995295E-02,1.08725894E-02,1.06075220E-02,1.03231743E-02,1.00101046E-02,9.70322080E-03,9.39582568E-03,9.05843824E-03,8.76699574E-03,8.45094305E-03,8.16602167E-03,7.90189207E-03,7.64280465E-03,7.41539290E-03,7.24170264E-03,7.06533017E-03,6.93724724E-03,6.79928949E-03,6.69557648E-03,6.60015643E-03,6.52587228E-03,6.45331573E-03,6.38378831E-03,6.35513617E-03,6.31723879E-03,6.32401835E-03,6.34068763E-03,6.36219839E-03,6.40890142E-03,6.42737560E-03,6.45357603E-03,6.46286644E-03,6.45427825E-03,6.44830521E-03,6.43832842E-03,6.40550395E-03,6.35144347E-03,6.32865867E-03,6.28175400E-03,6.21164916E-03,6.14088727E-03,6.08272804E-03,5.97323244E-03,5.89670287E-03,5.79802319E-03,5.68027887E-03,5.58179757E-03,5.48894610E-03,5.39788743E-03,5.30008087E-03,5.23420796E-03,5.14179934E-03,5.07248100E-03,4.99006547E-03,4.94376803E-03,4.86611994E-03,4.79766913E-03,4.74407431E-03,4.67781071E-03,4.61476482E-03,4.56503639E-03,4.49767429E-03,4.44939733E-03,4.39545373E-03,4.31564962E-03,4.19945922E-03,4.05980926E-03,3.87689704E-03,3.60525073E-03,3.31035885E-03,2.99063022E-03,2.64066481E-03,2.28240713E-03,1.94443041E-03,1.61840837E-03,1.32124766E-03,1.08950248E-03,8.78241844E-04,7.09296903E-04,5.75586106E-04,4.56868380E-04,3.71786446E-04,2.99293170E-04,2.40208698E-04,1.95554356E-04,1.61050993E-04,1.32375164E-04,1.11645240E-04,9.12288087E-05,7.69057733E-05,6.67290587E-05,5.34260471E-05,4.67827485E-05,4.12725421E-05,3.72895629E-05,3.15439247E-05,2.92840705E-05,2.56312214E-05,1.97593581E-05,2.03591408E-05,1.67225244E-05,1.90210576E-05,1.34576085E-05,1.60241507E-05,1.80421248E-05,1.56693532E-05,1.61109983E-05,1.55965899E-05,1.33344538E-05,1.42977860E-05,1.71318388E-05,1.60084492E-05,1.30879462E-05,1.64448193E-05,1.54663248E-05,1.49535317E-05,1.98180187E-05,2.10716153E-05,2.10579219E-05,1.91911313E-05,2.27194942E-05,2.81556950E-05,1.86405978E-05,2.19013527E-05,1.93512242E-05,2.48783927E-05,2.38991415E-05,1.77690854E-05,1.93075775E-05,2.18468522E-05,1.68533970E-05,2.43343966E-05,2.52814862E-05,2.59713961E-05,2.12593259E-05,2.12103914E-05,2.05351644E-05,2.22437793E-05,1.98674607E-05,1.97522495E-05,2.28955432E-05,2.21511364E-05,1.71090469E-05,1.46160955E-05,1.07567539E-05,8.61817171E-06,9.21475748E-06,1.16865604E-05,1.07489050E-05,8.44426268E-06,6.35188735E-06,6.43965313E-06,1.03131915E-05,5.06820970E-06,3.09454845E-06,7.08179732E-06,5.84668396E-06,7.34726109E-06,6.52241442E-06,1.08160348E-05,-1.33E-06,2.63734403E-08,1.11098161E-05,5.80274309E-06,3.80477172E-06,-7.63E-07,-5.50E-06,1.00758757E-06,-2.66E-06,1.40347697E-06,1.18468161E-05,6.23335518E-06,-8.54E-07,1.02369595E-05,1.55439266E-05,-3.69E-07,-8.79E-06,-3.13E-06,1.14499408E-05,2.24794192E-07,5.59480839E-07,9.50442791E-06,4.78339780E-06,-6.37E-06,INT SYNC:059.94[Hz],DOUBLE FRAME,NORMAL,STANDARD DARK,ONE,CIE1931 (2°),1°,100,0.33333333,0.33333333,NONE,1,100100,1887646,OFF,TRUE,2024/03/25,16:44:46,OK00,----,----,----,CS-3000HDR,3001075,1.00.0008
13,1.51027827E+03,8.60051326E+02,5.74834466E+00,8.60051326E+02,0.63561815,0.36196259,0.41869908,0.536478,----,----,602.364078,99.401866,221.665483,211.495932,332.581056,3.05146073E+00,596,1.08847580E-05,-1.77E-05,2.36058850E-06,1.09807270E-05,-1.78E-05,-3.64E-06,5.96886935E-07,-1.04E-05,1.84613091E-05,-1.98E-06,-4.03E-06,-5.87E-06,-5.95E-06,-2.28E-06,4.35742868E-06,2.04740104E-06,-1.22E-05,-2.02E-06,7.47581271E-06,1.35165783E-05,2.33300125E-06,2.22717716E-07,-7.32E-08,-9.68E-06,9.43021405E-06,1.77522361E-05,2.21841697E-06,-3.37E-06,6.22029711E-06,1.89281855E-05,1.88799713E-05,6.59399529E-06,-1.35E-06,-6.14E-06,-7.67E-07,5.03897854E-06,-8.49E-07,6.69956671E-06,4.15093655E-06,8.79344316E-06,3.72918271E-06,-1.45E-06,-4.91E-06,2.75728598E-06,-4.00E-06,5.40336259E-06,2.22398057E-06,-7.50E-06,-1.03E-06,-3.94E-07,-1.76E-06,-8.72E-06,1.08271588E-05,1.24492990E-05,6.51588334E-06,4.11942256E-06,1.03864768E-05,5.74198430E-06,3.67802068E-06,-1.05E-06,1.56281058E-05,3.47827677E-06,2.66824742E-07,8.18458375E-06,1.09095336E-05,1.56891401E-05,1.69514242E-05,2.79214728E-05,5.40423716E-05,5.24169227E-05,5.36330954E-05,6.38549973E-05,7.40186588E-05,8.65679467E-05,8.03406074E-05,9.34140771E-05,9.83813370E-05,1.02042541E-04,9.68877939E-05,1.03997074E-04,1.02052814E-04,1.02388993E-04,9.04689077E-05,8.90775409E-05,7.67361926E-05,8.36218169E-05,8.88661161E-05,7.87932659E-05,7.27615115E-05,8.12015351E-05,8.47577030E-05,8.04660885E-05,7.31665350E-05,8.18962726E-05,7.72163985E-05,8.11803475E-05,7.62638447E-05,7.02393663E-05,8.65456386E-05,7.32714834E-05,7.80627306E-05,8.55599064E-05,9.33884367E-05,8.84910405E-05,1.00212921E-04,1.18734759E-04,1.07338892E-04,1.37972864E-04,1.45226644E-04,1.61928139E-04,1.86302481E-04,1.97355446E-04,2.22102812E-04,2.36387656E-04,2.51199905E-04,2.79342989E-04,2.90701340E-04,3.15854064E-04,3.25939443E-04,3.31447605E-04,3.34911310E-04,3.33334465E-04,3.27724643E-04,3.19279119E-04,3.08818329E-04,2.90424126E-04,2.90592230E-04,2.83596513E-04,2.82296387E-04,2.73736601E-04,2.77321058E-04,2.81916640E-04,2.71242636E-04,2.68522155E-04,2.57982698E-04,2.62828165E-04,2.65091978E-04,2.56809028E-04,2.58764951E-04,2.61597714E-04,2.61904381E-04,2.60792935E-04,2.64244562E-04,2.56482948E-04,2.59282679E-04,2.64202943E-04,2.69244279E-04,2.73449376E-04,2.86531431E-04,2.99148553E-04,3.04930174E-04,3.21568077E-04,3.40639614E-04,3.54806252E-04,3.86624335E-04,4.05680796E-04,4.12711699E-04,4.49578918E-04,4.69734834E-04,5.04203315E-04,5.19949477E-04,5.69665513E-04,5.61384775E-04,6.06074056E-04,6.29725051E-04,6.31408941E-04,6.12946402E-04,5.82816720E-04,5.81346336E-04,5.88523399E-04,6.01385895E-04,6.11812167E-04,6.22387626E-04,5.96717698E-04,5.83885703E-04,5.76139137E-04,5.55787294E-04,5.38268359E-04,5.02143812E-04,5.02049690E-04,4.95445216E-04,4.66792349E-04,4.70716564E-04,4.68779268E-04,4.87227691E-04,5.10137528E-04,5.38409164E-04,5.93876466E-04,6.79537130E-04,7.98289198E-04,9.67123779E-04,1.18555815E-03,1.52609928E-03,1.96516840E-03,2.56688520E-03,3.30597349E-03,4.24789265E-03,5.55253215E-03,7.07061170E-03,8.84945318E-03,1.10273482E-02,1.34740397E-02,1.63836125E-02,1.95011515E-02,2.27536205E-02,2.61177681E-02,2.94427760E-02,3.27059068E-02,3.59861925E-02,3.88190448E-02,4.13924716E-02,4.35193926E-02,4.51382920E-02,4.64841016E-02,4.74628694E-02,4.80716191E-02,4.83359955E-02,4.82700095E-02,4.79201078E-02,4.74704541E-02,4.68326285E-02,4.61404771E-02,4.53666970E-02,4.46554907E-02,4.38403748E-02,4.30555679E-02,4.24439609E-02,4.18045111E-02,4.12209071E-02,4.07224037E-02,4.01380993E-02,3.96587625E-02,3.91650088E-02,3.88240293E-02,3.83703448E-02,3.78459468E-02,3.74623835E-02,3.70550863E-02,3.66174988E-02,3.61256935E-02,3.57035473E-02,3.52809317E-02,3.48618254E-02,3.44741829E-02,3.40821967E-02,3.37727666E-02,3.34181711E-02,3.29777300E-02,3.27231288E-02,3.23982686E-02,3.20589989E-02,3.17881070E-02,3.14760469E-02,3.11537478E-02,3.08787990E-02,3.04959808E-02,3.02012693E-02,2.98610926E-02,2.96767950E-02,2.91660652E-02,2.89885662E-02,2.87541430E-02,2.85593700E-02,2.83003617E-02,2.81659979E-02,2.80450340E-02,2.79094055E-02,2.76989937E-02,2.75735743E-02,2.74037607E-02,2.72119921E-02,2.69436892E-02,2.67345626E-02,2.65768003E-02,2.63739284E-02,2.60791462E-02,2.58080587E-02,2.55112723E-02,2.51968894E-02,2.49023717E-02,2.45256480E-02,2.40115635E-02,2.34106202E-02,2.26430073E-02,2.14916132E-02,1.99915264E-02,1.84034221E-02,1.65869575E-02,1.46311512E-02,1.26560396E-02,1.07496260E-02,9.03982669E-03,7.36095523E-03,6.02355227E-03,4.89426218E-03,3.99556058E-03,3.22655542E-03,2.60936376E-03,2.10009329E-03,1.69583084E-03,1.38050888E-03,1.13824347E-03,9.41324746E-04,7.83780008E-04,6.55971293E-04,5.60340821E-04,4.70571220E-04,4.02420264E-04,3.33851291E-04,2.76987092E-04,2.49534030E-04,2.29621059E-04,1.97135334E-04,1.83057200E-04,1.67715960E-04,1.47751329E-04,1.38999691E-04,1.14213210E-04,1.17467389E-04,9.07481590E-05,8.80134030E-05,8.68503193E-05,7.37294031E-05,8.64294270E-05,6.77661956E-05,5.07917648E-05,5.64577858E-05,5.90960590E-05,5.81160020E-05,5.64899128E-05,6.82826430E-05,5.92393153E-05,5.65742012E-05,6.00628227E-05,5.81119675E-05,6.93442053E-05,5.52248675E-05,6.80439043E-05,5.30356992E-05,5.74588630E-05,5.67161151E-05,5.11783328E-05,4.14363712E-05,6.40315702E-05,4.32903689E-05,3.73963121E-05,4.99220259E-05,6.47976412E-05,3.76277058E-05,5.84415284E-05,6.17162223E-05,6.97782234E-05,5.53809805E-05,4.32591005E-05,5.41056761E-05,7.31911496E-05,3.86398642E-05,2.74049853E-05,5.15068386E-05,2.67728065E-05,2.92680124E-05,3.34805627E-05,3.15565085E-05,3.33901880E-05,1.45855856E-05,8.20949481E-06,2.62004960E-05,2.54864267E-06,1.74822878E-06,1.93212509E-05,4.25999224E-06,7.91447292E-06,2.84375510E-05,1.18281760E-05,1.54920890E-05,9.12339328E-06,2.05535489E-05,3.27227608E-05,4.22638959E-06,1.95956327E-05,1.50641790E-05,-1.31E-06,-2.67E-06,4.15075021E-07,4.12656073E-06,-3.56E-06,5.07506320E-06,3.15996112E-05,1.62640044E-05,3.81718273E-05,-4.22E-06,2.65624567E-05,1.34351440E-05,-6.24E-06,1.38591586E-05,1.03072271E-05,-4.10E-05,-1.89E-05,-2.19E-05,1.62303841E-05,3.60687300E-05,INT SYNC:059.94[Hz],DOUBLE FRAME,NORMAL,STANDARD DARK,TWO,CIE1931 (2°),1°,100,0.33333333,0.33333333,NONE,1,600601,2887828,OFF,TRUE,2024/03/25,16:44:50,OK00,----,----,----,CS-3000HDR,3001075,1.00.0008
14,3.98818855E+02,2.66036418E+02,4.85530405E+01,2.66036418E+02,0.55903309,0.37290905,0.35176778,0.52796361,----,----,597.73512,79.7072789,144.732989,100.10392,119.932021,8.65835963E-01,595,4.08171491E-06,1.97492204E-06,-7.03E-07,-8.15E-07,2.37799122E-06,2.39807514E-06,-3.21E-06,-1.07E-06,2.41586378E-07,2.81206553E-06,-1.55E-06,3.09896541E-06,-3.34E-06,-2.11E-07,5.20525919E-06,-6.96E-06,-2.42E-06,-2.24E-07,-3.93E-07,-2.74E-06,-9.08E-08,-7.08E-07,2.13071125E-08,2.67707878E-06,9.92398327E-07,6.11429527E-07,-3.97E-06,2.91249057E-06,8.11451628E-07,-4.16E-07,1.82886640E-06,1.84785006E-06,-1.47E-06,-3.37E-06,1.06304958E-06,5.15517740E-07,2.87572266E-06,2.10669009E-06,-1.83E-06,-1.09E-06,-1.52E-06,-2.51E-07,1.27125119E-07,-1.38E-07,-3.60E-07,-1.23E-06,5.49982190E-07,2.50423909E-06,-7.09E-07,-3.52E-06,-1.28E-06,-1.85E-06,3.48045614E-06,-9.53E-07,2.18556511E-06,-2.26E-06,-2.01E-06,-9.25E-07,4.77539345E-07,6.20109404E-06,1.22606671E-05,2.12670438E-05,3.66966124E-05,5.87781033E-05,9.97471070E-05,1.45422731E-04,2.01651303E-04,2.73623562E-04,3.60101520E-04,4.53530083E-04,5.46419469E-04,6.42959902E-04,7.65496632E-04,8.66203860E-04,9.69259010E-04,1.06155232E-03,1.16094039E-03,1.22471852E-03,1.27407047E-03,1.29855901E-03,1.31400104E-03,1.30896922E-03,1.30490947E-03,1.29363500E-03,1.29508809E-03,1.30895164E-03,1.32688053E-03,1.36256975E-03,1.39067648E-03,1.42782729E-03,1.45837502E-03,1.47544465E-03,1.47937366E-03,1.47268747E-03,1.44930324E-03,1.40783074E-03,1.36167509E-03,1.30401587E-03,1.26374792E-03,1.22292188E-03,1.20874529E-03,1.20415399E-03,1.20764133E-03,1.22693367E-03,1.23724237E-03,1.24627247E-03,1.26216491E-03,1.24409492E-03,1.22838269E-03,1.20822340E-03,1.17074267E-03,1.14060566E-03,1.10812415E-03,1.07156718E-03,1.04752043E-03,1.03361590E-03,1.02107681E-03,1.02620339E-03,1.03150296E-03,1.01079384E-03,9.91050852E-04,9.43850901E-04,8.96593381E-04,8.46544688E-04,8.01465241E-04,7.66360783E-04,7.45366560E-04,7.23723846E-04,7.17010465E-04,7.03040161E-04,6.93946437E-04,6.87093067E-04,6.75641815E-04,6.73370901E-04,6.71956339E-04,6.73386385E-04,6.79474033E-04,6.70389854E-04,6.64652500E-04,6.65310072E-04,6.63573272E-04,6.65794651E-04,6.67902990E-04,6.73763454E-04,6.78212324E-04,6.81718288E-04,6.84462895E-04,6.92358299E-04,7.09182525E-04,7.25355232E-04,7.51333137E-04,7.98023830E-04,8.40088236E-04,8.81502870E-04,9.33227479E-04,9.80213983E-04,1.02583168E-03,1.07629818E-03,1.14183687E-03,1.20461313E-03,1.26442756E-03,1.30603591E-03,1.38789590E-03,1.45542365E-03,1.52022077E-03,1.54035795E-03,1.49693247E-03,1.44848996E-03,1.42585381E-03,1.45199127E-03,1.49361580E-03,1.52197049E-03,1.53547083E-03,1.51617394E-03,1.48194679E-03,1.44065334E-03,1.38061040E-03,1.32354244E-03,1.27265253E-03,1.22933486E-03,1.18255464E-03,1.13971112E-03,1.11084944E-03,1.08405284E-03,1.06284185E-03,1.05971075E-03,1.05276762E-03,1.07433263E-03,1.09149539E-03,1.13152910E-03,1.19772076E-03,1.28574681E-03,1.41173485E-03,1.55125500E-03,1.73986459E-03,1.95129972E-03,2.19687936E-03,2.52338103E-03,2.89231981E-03,3.33384867E-03,3.86594422E-03,4.46759863E-03,5.17992955E-03,5.94872516E-03,6.76785037E-03,7.61446590E-03,8.42927676E-03,9.25146323E-03,1.00862766E-02,1.08457515E-02,1.15144737E-02,1.20916329E-02,1.25189768E-02,1.29116895E-02,1.31594203E-02,1.32474834E-02,1.32044852E-02,1.30813196E-02,1.28588518E-02,1.25433300E-02,1.22248167E-02,1.18827904E-02,1.15161436E-02,1.11710411E-02,1.08208209E-02,1.04593905E-02,1.01021091E-02,9.75375902E-03,9.44223907E-03,9.13588237E-03,8.86770710E-03,8.63938779E-03,8.43345746E-03,8.24912544E-03,8.09796993E-03,7.95147195E-03,7.82001484E-03,7.73597322E-03,7.64167635E-03,7.54105486E-03,7.49339536E-03,7.44027505E-03,7.43504660E-03,7.44761433E-03,7.48062506E-03,7.51535874E-03,7.55845709E-03,7.56228855E-03,7.59926392E-03,7.59918615E-03,7.60480249E-03,7.56713003E-03,7.56317191E-03,7.50146853E-03,7.47102872E-03,7.41511676E-03,7.36184325E-03,7.28774443E-03,7.20157195E-03,7.10816728E-03,6.99387770E-03,6.89007901E-03,6.77898433E-03,6.67833537E-03,6.56508887E-03,6.42622449E-03,6.33602869E-03,6.26373990E-03,6.15349319E-03,6.05707243E-03,5.97045291E-03,5.89898275E-03,5.81406523E-03,5.70945954E-03,5.63745247E-03,5.56110963E-03,5.48891304E-03,5.41121187E-03,5.34352660E-03,5.27139753E-03,5.17889624E-03,5.10052312E-03,4.96373698E-03,4.79060458E-03,4.55687102E-03,4.25281515E-03,3.92035255E-03,3.52389901E-03,3.11125489E-03,2.68253847E-03,2.28715874E-03,1.91292318E-03,1.54655753E-03,1.27790053E-03,1.03593012E-03,8.37990374E-04,6.74649084E-04,5.40343521E-04,4.38342686E-04,3.46182322E-04,2.83918780E-04,2.29971949E-04,1.90223640E-04,1.56163631E-04,1.29017630E-04,1.09018663E-04,9.17851430E-05,7.68418613E-05,6.49717913E-05,5.56040504E-05,4.98143017E-05,4.28179192E-05,3.81827522E-05,3.63599756E-05,3.18261045E-05,2.50431858E-05,2.42563019E-05,2.32814255E-05,1.82775566E-05,1.56397255E-05,1.71792090E-05,1.88441900E-05,1.82520744E-05,1.91137278E-05,1.46964185E-05,1.82898802E-05,1.99635106E-05,1.77463626E-05,1.70502426E-05,1.91163126E-05,1.51660197E-05,1.87818659E-05,2.04550997E-05,1.67058788E-05,1.84546661E-05,2.37878430E-05,2.30382357E-05,2.26999491E-05,2.38651483E-05,2.23628467E-05,2.40692443E-05,2.51371639E-05,2.33930077E-05,2.06764053E-05,2.22250055E-05,2.28551071E-05,2.47795688E-05,2.74915965E-05,2.36810902E-05,2.76737937E-05,2.38147732E-05,2.17219967E-05,2.20280144E-05,2.14904831E-05,2.53652524E-05,2.22630333E-05,2.07872981E-05,1.25412434E-05,1.84551736E-05,1.24999333E-05,1.12856696E-05,1.09019220E-05,9.71237387E-06,1.51947197E-05,1.39551739E-05,9.67746200E-06,1.13987890E-05,1.12641537E-05,6.14453666E-06,8.39399854E-06,7.57014732E-06,7.50115532E-06,6.92035746E-06,5.19698506E-06,1.00838033E-05,-3.56E-06,5.15705460E-06,4.79974051E-06,4.19507614E-06,7.13517238E-07,4.95413406E-06,6.03736953E-06,2.47822754E-06,-1.22E-06,-2.27E-06,-1.77E-06,3.40466386E-06,5.94033691E-06,4.52915401E-06,-1.64E-06,6.30912245E-06,1.04661631E-05,1.18064190E-05,-3.42E-06,3.10800806E-06,1.04863657E-05,2.84910925E-06,-5.99E-06,-2.76E-06,8.02701925E-06,5.12615179E-06,INT SYNC:059.94[Hz],DOUBLE FRAME,NORMAL,STANDARD DARK,ONE,CIE1931 (2°),1°,100,0.33333333,0.33333333,NONE,1,100100,1884302,OFF,TRUE,2024/03/25,16:44:56,OK00,----,----,----,CS-3000HDR,3001075,1.00.0008
15,1.50835612E+03,8.56480376E+02,5.35981457E+00,8.56480376E+02,0.63638447,0.36135419,0.41981458,0.53635651,----,----,602.511867,99.4484803,221.336096,212.391157,333.79289,3.04493907E+00,596,-9.15E-06,-1.01E-05,1.13094238E-05,1.64732210E-05,6.88044247E-06,-1.64E-05,-2.03E-06,-2.58E-06,-7.56E-06,4.78118000E-06,-1.32E-05,3.02055582E-06,2.04803437E-05,1.19465119E-06,-3.60E-06,4.07956395E-06,7.38385324E-06,-8.37E-06,6.20814853E-06,6.80905669E-06,8.39785571E-06,6.65695279E-06,4.96161192E-06,-9.31E-06,2.06826498E-05,1.68490114E-05,2.23349571E-06,5.99636905E-07,1.01739415E-05,-1.82E-06,1.39730882E-05,-9.54E-06,2.18897549E-06,-3.98E-06,8.30737281E-06,2.52127597E-06,1.02795793E-05,1.51562119E-06,-5.75E-06,-4.43E-06,1.56189628E-06,5.85974112E-06,-4.08E-07,8.62589275E-07,-9.27E-06,2.28363797E-06,2.17274305E-06,6.26078872E-07,1.40032457E-08,-3.15E-06,4.17984393E-06,9.64629521E-07,-4.07E-06,1.83615048E-05,4.02380056E-06,1.15933462E-05,2.44311309E-06,-5.84E-06,-1.25E-06,-4.55E-06,4.00262070E-06,9.78033677E-06,2.46430609E-05,4.29678084E-06,1.48219351E-05,1.43520192E-05,1.33917247E-05,2.47554326E-05,3.91260401E-05,4.93551597E-05,5.65365772E-05,5.76612802E-05,7.85820157E-05,7.58382230E-05,8.88686845E-05,9.06691785E-05,9.09792871E-05,9.15423516E-05,9.78925018E-05,1.07749634E-04,9.21999963E-05,9.74714640E-05,9.08548027E-05,9.43809500E-05,8.02341019E-05,7.60136390E-05,8.31696962E-05,7.03730111E-05,7.84016593E-05,7.83662472E-05,7.32454137E-05,8.28332195E-05,7.90957638E-05,7.06082719E-05,7.93798463E-05,8.66516421E-05,6.90493907E-05,7.51306143E-05,7.21405231E-05,7.73812862E-05,6.79823133E-05,6.87513966E-05,8.40003340E-05,8.77874772E-05,9.24179767E-05,9.82524361E-05,1.04732550E-04,1.24652797E-04,1.32779765E-04,1.50168315E-04,1.52001841E-04,1.74340894E-04,1.81336378E-04,2.03320436E-04,2.15017979E-04,2.28680321E-04,2.48367462E-04,2.58859392E-04,2.77208484E-04,2.93409423E-04,2.84296315E-04,2.78751075E-04,2.79303000E-04,2.81864719E-04,2.64705683E-04,2.52909434E-04,2.51124235E-04,2.46693351E-04,2.34828869E-04,2.32787046E-04,2.34900188E-04,2.27745375E-04,2.26969380E-04,2.18135814E-04,2.18106346E-04,2.26510077E-04,2.23023628E-04,2.11780585E-04,2.17360081E-04,2.21052731E-04,2.05374221E-04,2.16315588E-04,2.23673211E-04,2.16201428E-04,2.16682514E-04,2.23602328E-04,2.28175850E-04,2.21871029E-04,2.39602930E-04,2.41340167E-04,2.51580437E-04,2.72739708E-04,3.01797088E-04,3.05095949E-04,3.22046370E-04,3.39643739E-04,3.54311836E-04,3.81011545E-04,3.88581248E-04,4.18236334E-04,4.52358800E-04,4.62978205E-04,4.91829065E-04,5.07126504E-04,5.31657017E-04,5.37163229E-04,5.21537499E-04,4.93987754E-04,4.90596693E-04,4.92197170E-04,5.02174953E-04,5.12008031E-04,5.12294180E-04,5.04643656E-04,4.93936765E-04,4.87770885E-04,4.65671212E-04,4.41096548E-04,4.33914858E-04,4.19688440E-04,4.04266699E-04,3.84246174E-04,3.94125673E-04,3.98811448E-04,4.12504654E-04,4.29691136E-04,4.62160097E-04,5.32664824E-04,6.14354154E-04,7.12829002E-04,8.89885065E-04,1.13455520E-03,1.46742153E-03,1.91100617E-03,2.48997146E-03,3.24373622E-03,4.17838804E-03,5.48081519E-03,6.99398667E-03,8.80360976E-03,1.09489774E-02,1.33777168E-02,1.63020119E-02,1.94270555E-02,2.26870049E-02,2.60624755E-02,2.93475557E-02,3.27079333E-02,3.58864255E-02,3.88053246E-02,4.13884632E-02,4.34736684E-02,4.50850986E-02,4.65532243E-02,4.75173704E-02,4.80084270E-02,4.83368114E-02,4.82822880E-02,4.79660369E-02,4.74534146E-02,4.68606874E-02,4.61079106E-02,4.53365222E-02,4.45801727E-02,4.38682288E-02,4.30429019E-02,4.24390435E-02,4.19007875E-02,4.11965959E-02,4.06828821E-02,4.01632227E-02,3.96716595E-02,3.91667224E-02,3.87577824E-02,3.83734703E-02,3.78940478E-02,3.74737307E-02,3.70302387E-02,3.66000012E-02,3.61493714E-02,3.57218459E-02,3.52317616E-02,3.49069014E-02,3.44623551E-02,3.40548493E-02,3.36511731E-02,3.34032923E-02,3.30287330E-02,3.27197723E-02,3.23813036E-02,3.21333967E-02,3.17756571E-02,3.14921141E-02,3.11668720E-02,3.08774821E-02,3.04991659E-02,3.02362032E-02,2.98757367E-02,2.95931399E-02,2.92314216E-02,2.90009491E-02,2.87488103E-02,2.85517033E-02,2.83638388E-02,2.82100886E-02,2.79659126E-02,2.78625134E-02,2.77581960E-02,2.75897216E-02,2.73842737E-02,2.72069555E-02,2.70311516E-02,2.67286375E-02,2.65237261E-02,2.62903757E-02,2.60597486E-02,2.57831048E-02,2.54867896E-02,2.51696687E-02,2.48381253E-02,2.44766660E-02,2.40241550E-02,2.34306958E-02,2.26043053E-02,2.15023793E-02,2.00005937E-02,1.84229873E-02,1.65661406E-02,1.46537125E-02,1.26800546E-02,1.07887750E-02,9.00019147E-03,7.33478833E-03,6.00827066E-03,4.90314327E-03,3.98831582E-03,3.19621759E-03,2.62133311E-03,2.12476891E-03,1.67828333E-03,1.36683683E-03,1.12404185E-03,9.38307960E-04,7.77057721E-04,6.44176558E-04,5.60057117E-04,4.62134572E-04,3.95511277E-04,3.23004002E-04,2.96261569E-04,2.55741237E-04,2.17971174E-04,1.99554226E-04,1.56294642E-04,1.53127286E-04,1.39913056E-04,1.25551174E-04,1.18638127E-04,1.03429302E-04,9.56549411E-05,9.65186628E-05,8.69343930E-05,7.82881325E-05,8.24892268E-05,7.89726691E-05,6.14116943E-05,5.82898065E-05,6.29251226E-05,5.44589348E-05,5.70461962E-05,7.39664683E-05,5.38767417E-05,5.90873460E-05,4.40743788E-05,6.23609012E-05,6.19911298E-05,5.66195558E-05,7.34433052E-05,6.87961510E-05,5.24542993E-05,4.40080476E-05,5.93053119E-05,5.79100379E-05,5.56106497E-05,5.45766889E-05,4.25394064E-05,5.40338187E-05,6.46617191E-05,7.42999182E-05,6.09210183E-05,6.23958185E-05,5.81154964E-05,5.82327666E-05,6.51568553E-05,6.45167311E-05,5.53260834E-05,4.33128844E-05,3.91279755E-05,3.66237109E-05,4.83962176E-05,5.31683909E-05,4.75418565E-05,4.14940223E-05,2.94432120E-05,5.67744701E-06,8.12199232E-06,2.55915256E-05,-5.08E-06,2.36905635E-06,1.90186838E-05,8.54151858E-06,9.21901483E-06,1.19519827E-05,1.74385714E-05,1.61536682E-05,-4.28E-07,4.20144352E-06,-4.82E-06,3.81585551E-06,2.98101313E-05,2.22732961E-05,-2.50E-06,4.62962333E-07,2.35444040E-05,2.52228238E-05,2.45537667E-05,7.17192097E-06,1.87733658E-05,-7.11E-06,2.38157591E-05,4.75878987E-05,5.22158589E-05,2.15007785E-05,-4.43E-06,4.87371690E-05,5.89308620E-05,-1.77E-05,-3.66E-05,-8.62E-06,-1.11E-05,3.93224145E-05,INT SYNC:059.94[Hz],DOUBLE FRAME,NORMAL,STANDARD DARK,TWO,CIE1931 (2°),1°,100,0.33333333,0.33333333,NONE,1,600601,2894678,OFF,TRUE,2024/03/25,16:45:00,OK00,----,----,----,CS-3000HDR,3001075,1.00.0008
16,4.47714230E+02,2.87036752E+02,4.19468328E+01,2.87036752E+02,0.57643297,0.3695604,0.36704612,0.52946805,----,----,599.121281,83.9215972,148.855646,113.497084,134.519651,9.49715200E-01,595,-7.97E-06,-5.00E-06,6.95677682E-06,1.63974607E-06,1.23649188E-05,-2.96E-06,1.36876099E-06,-3.41E-06,5.24462394E-06,-3.73E-06,-3.45E-07,-2.30E-06,-1.37E-07,-1.13E-06,-1.46E-06,4.95704626E-06,-4.99E-06,-3.91E-06,-7.71E-07,-2.33E-06,5.32125398E-07,-3.72E-06,-7.36E-06,1.03933633E-06,7.28858595E-07,-7.78E-07,1.53707970E-06,2.02536876E-06,1.23564007E-06,-3.59E-06,-4.16E-07,3.72001591E-06,-4.53E-06,1.63691720E-06,5.05278649E-06,2.80698737E-06,5.13892883E-06,-2.33E-06,-1.32E-06,-3.02E-06,-1.29E-06,-1.53E-07,3.70906196E-06,-4.33E-06,-1.34E-06,-2.37E-06,1.02960109E-06,1.46294735E-06,-2.30E-06,-1.85E-06,-5.28E-06,-1.21E-06,-3.67E-06,-2.57E-06,3.53461360E-07,-8.66E-07,6.94505957E-07,-2.27E-06,-1.58E-06,2.71732301E-06,1.16592910E-05,1.78913451E-05,3.73396615E-05,5.16331747E-05,8.75325059E-05,1.25344857E-04,1.79664363E-04,2.34982974E-04,3.13521596E-04,3.90457193E-04,4.74994595E-04,5.64470072E-04,6.64838532E-04,7.56688591E-04,8.46542709E-04,9.30973853E-04,1.00125116E-03,1.07506325E-03,1.11518777E-03,1.14249578E-03,1.13744091E-03,1.12480507E-03,1.11005059E-03,1.11869781E-03,1.11861282E-03,1.12479250E-03,1.15362625E-03,1.18185242E-03,1.22387509E-03,1.22871087E-03,1.25424552E-03,1.28016912E-03,1.27584627E-03,1.27314462E-03,1.24418666E-03,1.22064247E-03,1.17041543E-03,1.13853416E-03,1.08017132E-03,1.05483457E-03,1.02986116E-03,1.03159656E-03,1.03983958E-03,1.04271225E-03,1.07086927E-03,1.08508999E-03,1.07814558E-03,1.07000279E-03,1.04730262E-03,1.02819665E-03,1.00030762E-03,9.60937759E-04,9.30323149E-04,9.09428520E-04,8.83058063E-04,8.70286487E-04,8.62164889E-04,8.65315669E-04,8.66078713E-04,8.51567544E-04,8.20089015E-04,7.95882486E-04,7.58114562E-04,7.14694033E-04,6.71608082E-04,6.47314067E-04,6.19574334E-04,6.05397625E-04,5.95243589E-04,5.78322739E-04,5.73819096E-04,5.63768554E-04,5.60801243E-04,5.58343891E-04,5.60256653E-04,5.58587373E-04,5.54252067E-04,5.53589780E-04,5.51329227E-04,5.51415433E-04,5.46140771E-04,5.55084145E-04,5.53400896E-04,5.61458641E-04,5.57493884E-04,5.63299924E-04,5.62787987E-04,5.75531274E-04,5.82888199E-04,6.00216154E-04,6.28493784E-04,6.63262908E-04,7.02685502E-04,7.37219991E-04,7.75440887E-04,8.18418106E-04,8.57084466E-04,9.10590636E-04,9.53941839E-04,1.00317807E-03,1.05027121E-03,1.10567932E-03,1.16017798E-03,1.21111225E-03,1.26682408E-03,1.27647759E-03,1.25496450E-03,1.21961569E-03,1.18840556E-03,1.20955065E-03,1.24089664E-03,1.26556249E-03,1.27577223E-03,1.26512547E-03,1.23140914E-03,1.19015225E-03,1.14188064E-03,1.09185069E-03,1.05045782E-03,1.00991887E-03,9.72277136E-04,9.36121505E-04,9.15375422E-04,8.97937105E-04,8.88753682E-04,8.78955878E-04,8.86208145E-04,8.94482306E-04,9.24674037E-04,9.74450668E-04,1.04418304E-03,1.13820378E-03,1.26926228E-03,1.43003929E-03,1.62442704E-03,1.85947435E-03,2.16008304E-03,2.51466082E-03,2.95974175E-03,3.47303972E-03,4.07585595E-03,4.77225613E-03,5.61314588E-03,6.48831064E-03,7.43720680E-03,8.39771330E-03,9.35967918E-03,1.03302291E-02,1.12832449E-02,1.21555952E-02,1.29618589E-02,1.36668393E-02,1.41703645E-02,1.46652227E-02,1.49389664E-02,1.51068969E-02,1.50974616E-02,1.49697922E-02,1.47378398E-02,1.44676613E-02,1.40716769E-02,1.36995818E-02,1.33290337E-02,1.29484581E-02,1.25170900E-02,1.21408990E-02,1.17335562E-02,1.13755604E-02,1.09884199E-02,1.06198648E-02,1.03044510E-02,1.00284424E-02,9.79463477E-03,9.59302858E-03,9.37949680E-03,9.21713561E-03,9.07281041E-03,8.94879736E-03,8.80859792E-03,8.70244298E-03,8.62295460E-03,8.54307227E-03,8.55458900E-03,8.54004268E-03,8.56080372E-03,8.58086906E-03,8.64931475E-03,8.68765637E-03,8.69645178E-03,8.71875882E-03,8.71062092E-03,8.68737977E-03,8.65925848E-03,8.62194784E-03,8.58099572E-03,8.53291433E-03,8.47492833E-03,8.38941149E-03,8.30933638E-03,8.19416717E-03,8.09916295E-03,7.97018409E-03,7.85667915E-03,7.73205608E-03,7.63624860E-03,7.48444954E-03,7.37629458E-03,7.26039335E-03,7.17033027E-03,7.07171392E-03,6.96058385E-03,6.85837632E-03,6.74123038E-03,6.62778784E-03,6.55596796E-03,6.44613616E-03,6.33935211E-03,6.24461519E-03,6.16555288E-03,6.09078351E-03,5.98525163E-03,5.87172387E-03,5.73749188E-03,5.52131142E-03,5.25858300E-03,4.90953680E-03,4.50482452E-03,4.05349582E-03,3.58391926E-03,3.09753558E-03,2.62465049E-03,2.20804173E-03,1.79073960E-03,1.45920855E-03,1.20094861E-03,9.70985973E-04,7.79276190E-04,6.28010428E-04,5.03124844E-04,3.99395532E-04,3.36070225E-04,2.75820261E-04,2.21178125E-04,1.81678901E-04,1.51591405E-04,1.26680170E-04,1.02978418E-04,9.51693073E-05,7.90161939E-05,6.70479203E-05,5.70643424E-05,4.65222256E-05,4.72315005E-05,3.76318094E-05,3.48935428E-05,3.04619480E-05,2.91864744E-05,2.67699979E-05,2.38504326E-05,2.25037966E-05,2.24278319E-05,2.14063457E-05,2.03892105E-05,2.02365682E-05,1.77429429E-05,1.79111157E-05,1.74952147E-05,2.01897201E-05,1.84863929E-05,2.21997925E-05,1.64836420E-05,2.53879116E-05,2.14441916E-05,2.21442388E-05,2.66437546E-05,2.34993659E-05,2.67793021E-05,2.72937195E-05,2.42160022E-05,1.66368682E-05,1.44161886E-05,3.04896803E-05,2.91327760E-05,1.93068900E-05,1.91012496E-05,2.08653037E-05,2.58902382E-05,2.80988061E-05,3.11368531E-05,2.53622911E-05,2.45502124E-05,2.40841837E-05,2.61433743E-05,2.62486628E-05,2.13485837E-05,2.08732254E-05,1.22332585E-05,2.13425519E-05,2.25570693E-05,9.66108928E-06,1.15760422E-05,1.76614321E-05,1.62935048E-05,1.00228881E-05,1.25629540E-05,5.31351134E-06,6.58358931E-06,4.15027762E-06,2.72237298E-06,9.86005216E-06,1.68468396E-05,8.08408913E-06,1.11698682E-05,1.07589130E-05,7.76426350E-06,7.10743552E-06,4.89867534E-06,1.79219278E-05,-6.64E-06,2.03841341E-06,1.60151158E-05,1.42378994E-05,1.37553025E-06,4.96892909E-08,1.03275636E-06,-7.38E-06,5.24855477E-06,2.97942347E-06,1.13417864E-05,-4.62E-07,6.01249724E-07,1.28940419E-05,5.05115531E-06,5.50332106E-06,-1.10E-06,1.48612107E-05,1.10788314E-05,-8.37E-07,1.60873060E-05,1.30010703E-05,1.05326558E-06,INT SYNC:059.94[Hz],DOUBLE FRAME,NORMAL,STANDARD DARK,ONE,CIE1931 (2°),1°,100,0.33333333,0.33333333,NONE,1,66733,1821356,OFF,TRUE,2024/03/25,16:45:06,OK00,----,----,----,CS-3000HDR,3001075,1.00.0008
17,1.50557842E+03,8.52991035E+02,5.15464314E+00,8.52991035E+02,0.63695184,0.36086743,0.42067284,0.53625096,----,----,602.628717,99.4720409,221.013352,213.023491,334.211165,3.03741791E+00,596,9.45355907E-07,-3.93E-06,-1.64E-06,-2.41E-06,8.75778824E-06,-4.36E-06,-3.46E-06,4.76405285E-06,3.90659716E-06,-4.75E-06,-1.51E-05,2.72122247E-06,8.94689856E-06,-6.71E-06,-4.66E-06,-9.55E-06,-9.51E-06,-2.55E-05,5.52997562E-06,-2.21E-06,-9.21E-06,-2.29E-06,-8.21E-07,2.02281467E-06,-4.62E-06,1.39475105E-05,-1.31E-05,1.28434442E-06,-4.42E-06,1.43358129E-05,9.34817217E-06,-5.76E-06,-7.00E-06,1.06078433E-05,3.75720083E-06,-1.43E-06,-2.08E-06,1.18650860E-05,-4.04E-06,1.21640287E-05,8.65753191E-06,1.83543871E-05,-8.54E-06,-1.15E-05,6.83582857E-06,5.70731572E-06,1.15803277E-05,-2.58E-06,8.02066825E-06,-1.29E-06,8.40165796E-07,1.64223741E-06,-9.23E-06,9.29230509E-07,-9.79E-07,-3.42E-06,9.07236824E-07,9.01992053E-07,-4.44E-06,-9.53E-07,1.18156149E-05,5.10380460E-06,1.26211580E-05,4.82935866E-06,3.57359181E-06,1.23130576E-05,2.37556378E-05,3.42145759E-05,3.61419989E-05,4.71355233E-05,5.17691005E-05,7.29110761E-05,7.36982256E-05,8.66498522E-05,8.45899849E-05,9.59087847E-05,9.45785941E-05,9.91096895E-05,1.03508341E-04,1.02510508E-04,1.02390994E-04,9.87576132E-05,9.21489045E-05,9.07877184E-05,9.47316294E-05,8.83852990E-05,7.86210367E-05,7.43399578E-05,6.65491461E-05,7.19195814E-05,8.00837297E-05,7.83753349E-05,8.14643499E-05,7.37610608E-05,7.48060702E-05,7.61586489E-05,8.20682108E-05,7.52093692E-05,7.26698927E-05,7.58496535E-05,7.46584628E-05,6.87674619E-05,8.10211859E-05,7.97273897E-05,8.34744205E-05,8.08458717E-05,9.91528723E-05,1.04790670E-04,1.13434682E-04,1.34462345E-04,1.35860260E-04,1.42389181E-04,1.62905766E-04,1.70694970E-04,1.85362049E-04,1.96206311E-04,2.08011494E-04,2.20018192E-04,2.26930773E-04,2.38034569E-04,2.44855502E-04,2.43748873E-04,2.36580279E-04,2.31443686E-04,2.26560514E-04,2.22107905E-04,2.09098958E-04,2.06225770E-04,2.12197876E-04,2.04142081E-04,2.01329749E-04,1.94309658E-04,1.97040601E-04,1.83731507E-04,1.87254758E-04,1.87193407E-04,1.84236022E-04,1.83779746E-04,1.78976959E-04,1.82034404E-04,1.87383281E-04,1.72897315E-04,1.77433089E-04,1.89322163E-04,1.85101308E-04,1.89065278E-04,1.93488391E-04,1.96858236E-04,2.01486604E-04,2.01072631E-04,2.14234475E-04,2.36385589E-04,2.36802225E-04,2.51935970E-04,2.82908004E-04,2.91298697E-04,3.00958694E-04,3.18588223E-04,3.43641528E-04,3.62085208E-04,3.89389490E-04,4.02579666E-04,4.14124079E-04,4.33636073E-04,4.54523019E-04,4.59972682E-04,4.47286060E-04,4.19443328E-04,4.17424948E-04,4.19994671E-04,4.29648411E-04,4.37331997E-04,4.41779324E-04,4.33545763E-04,4.33008361E-04,4.06984298E-04,3.89983150E-04,3.76443058E-04,3.68068373E-04,3.53494310E-04,3.39858263E-04,3.44205764E-04,3.35382414E-04,3.49816197E-04,3.66310705E-04,3.97553085E-04,4.17063624E-04,4.90870792E-04,5.67091571E-04,6.67807588E-04,8.39434273E-04,1.08003651E-03,1.40974787E-03,1.84237433E-03,2.43066624E-03,3.17528076E-03,4.12257062E-03,5.39706973E-03,6.92189857E-03,8.76267720E-03,1.08557772E-02,1.33204358E-02,1.62866656E-02,1.93331912E-02,2.26295292E-02,2.59616841E-02,2.93655545E-02,3.25443074E-02,3.58470492E-02,3.87618430E-02,4.13120277E-02,4.34296466E-02,4.50849831E-02,4.64894436E-02,4.74013425E-02,4.80738170E-02,4.83044498E-02,4.82912138E-02,4.79077436E-02,4.74827774E-02,4.67970707E-02,4.60665040E-02,4.52689640E-02,4.45973724E-02,4.37403545E-02,4.30048741E-02,4.23689187E-02,4.17497046E-02,4.11084034E-02,4.06114273E-02,4.01002243E-02,3.96517180E-02,3.90905701E-02,3.87376845E-02,3.83097306E-02,3.77733670E-02,3.74053530E-02,3.69589888E-02,3.66066992E-02,3.61879133E-02,3.56780067E-02,3.52304168E-02,3.47737707E-02,3.44364233E-02,3.40515338E-02,3.36573124E-02,3.33884880E-02,3.30387428E-02,3.27207409E-02,3.23749892E-02,3.20356600E-02,3.17596197E-02,3.15204486E-02,3.11666485E-02,3.08417547E-02,3.05427928E-02,3.02817170E-02,2.98974533E-02,2.95629501E-02,2.92249955E-02,2.89349537E-02,2.86869872E-02,2.85374746E-02,2.83317678E-02,2.81363502E-02,2.80607622E-02,2.78686248E-02,2.76750922E-02,2.75228899E-02,2.73500010E-02,2.71452796E-02,2.70324480E-02,2.67709978E-02,2.65181959E-02,2.62368936E-02,2.60079466E-02,2.57521179E-02,2.54335776E-02,2.51679756E-02,2.48892233E-02,2.45166086E-02,2.40092129E-02,2.33958866E-02,2.26262528E-02,2.14860011E-02,2.00395677E-02,1.84030943E-02,1.65647436E-02,1.46157509E-02,1.26384078E-02,1.07851960E-02,8.96774605E-03,7.33043440E-03,6.03673887E-03,4.91507864E-03,3.99334496E-03,3.21313576E-03,2.60991673E-03,2.09757686E-03,1.68233307E-03,1.38500496E-03,1.13239943E-03,9.38133569E-04,7.78256916E-04,6.43429114E-04,5.56860585E-04,4.67332982E-04,3.91884270E-04,3.31289339E-04,2.75316183E-04,2.54295417E-04,2.34052713E-04,1.94638124E-04,1.76558984E-04,1.61468692E-04,1.41585348E-04,1.13308655E-04,1.03383012E-04,1.07179883E-04,9.80649056E-05,8.91652890E-05,9.42643528E-05,8.55530889E-05,7.88455291E-05,6.82017780E-05,6.96155621E-05,6.89248991E-05,6.46677800E-05,4.14431997E-05,6.10796487E-05,6.36634431E-05,7.30527172E-05,5.80784217E-05,4.21700242E-05,4.88369078E-05,6.57752971E-05,6.40552316E-05,6.36018667E-05,6.88006912E-05,5.46598094E-05,5.85327107E-05,6.41975930E-05,5.12349143E-05,5.37096494E-05,3.86735119E-05,5.93917794E-05,4.27493869E-05,4.75935121E-05,5.26686999E-05,7.28296145E-05,7.03344340E-05,7.17090807E-05,6.40342259E-05,5.93474979E-05,6.76245108E-05,6.80671292E-05,6.32843439E-05,1.18894141E-05,5.60198787E-05,6.08918999E-05,6.07473230E-05,3.16477381E-05,3.69559093E-05,4.24106802E-05,1.69953510E-05,-1.92E-05,2.37766963E-05,1.09866323E-05,2.41021444E-05,4.07605694E-06,2.06775094E-05,2.78092230E-05,2.11821007E-05,8.02933209E-06,1.53973015E-05,1.68866027E-05,2.23070310E-05,3.18700404E-05,3.32447125E-05,9.87266048E-06,1.86910129E-05,1.44373571E-05,1.47883293E-05,1.16041638E-05,6.85015675E-06,1.87929490E-05,3.54136209E-05,2.72377274E-05,-5.89E-06,-2.37E-05,-4.12E-06,1.66804170E-06,1.56790393E-05,-3.77E-06,-8.82E-06,6.43060775E-06,1.43260570E-06,1.22731844E-05,1.61978198E-06,1.12076068E-05,-2.42E-05,INT SYNC:059.94[Hz],DOUBLE FRAME,NORMAL,STANDARD DARK,TWO,CIE1931 (2°),1°,100,0.33333333,0.33333333,NONE,1,600601,2891844,OFF,TRUE,2024/03/25,16:45:10,OK00,----,----,----,CS-3000HDR,3001075,1.00.0008
18,5.07677883E+02,3.14092020E+02,3.44402788E+01,3.14092020E+02,0.59293605,0.36683986,0.38154207,0.53112117,----,----,600.250259,88.0562693,153.880536,127.098402,152.706881,1.05458270E+00,596,7.52041024E-06,2.00930413E-06,-7.53E-06,-1.75E-06,-3.74E-06,3.40658221E-06,-7.06E-07,4.87945272E-06,-4.78E-06,1.28526995E-06,-1.40E-07,1.32865753E-05,1.44548528E-06,-1.18E-07,9.83681844E-07,1.31986383E-07,-2.42E-06,-1.62E-06,-4.48E-07,4.20283158E-07,-1.10E-06,2.56586418E-07,-3.09E-06,-7.31E-06,3.97693975E-06,4.90096909E-06,3.70462999E-06,4.50692369E-06,-3.01E-06,5.51400262E-07,-2.01E-06,6.77349931E-07,9.48703473E-07,1.93192500E-06,3.42364274E-06,2.65150135E-07,2.47298249E-06,2.71294016E-06,-4.29E-07,1.04603714E-06,2.07878179E-06,3.69918598E-06,-9.63E-07,-5.31E-06,-4.98E-07,-9.41E-07,-3.42E-07,5.61532488E-06,-1.06E-06,-9.94E-08,-1.98E-06,-4.55E-07,-3.30E-06,7.08151333E-07,1.33591993E-06,-2.60E-06,-3.62E-07,-1.64E-06,2.59632702E-06,2.97882661E-06,1.07117621E-05,1.59881329E-05,3.04214300E-05,4.67142672E-05,7.30365718E-05,1.05848121E-04,1.43704994E-04,2.01185117E-04,2.58916465E-04,3.27618589E-04,4.00683406E-04,4.73594497E-04,5.50428522E-04,6.28341280E-04,7.02154706E-04,7.71493476E-04,8.24961695E-04,8.82465800E-04,9.13273368E-04,9.42536746E-04,9.32353316E-04,9.31555231E-04,9.17099882E-04,9.17077530E-04,9.19521903E-04,9.18980630E-04,9.39175021E-04,9.61005513E-04,9.90314293E-04,1.01732905E-03,1.03004673E-03,1.04214496E-03,1.04441994E-03,1.03908777E-03,1.02578185E-03,9.95505252E-04,9.58626508E-04,9.23057669E-04,8.76002130E-04,8.64015135E-04,8.34470207E-04,8.34932667E-04,8.41988134E-04,8.57029576E-04,8.65254377E-04,8.70114658E-04,8.80873180E-04,8.62625078E-04,8.52214987E-04,8.29667144E-04,8.03546398E-04,7.67477904E-04,7.45940255E-04,7.29553925E-04,7.08284555E-04,6.95348775E-04,6.89833076E-04,6.91818073E-04,6.90057524E-04,6.78522338E-04,6.69032743E-04,6.43729290E-04,6.10419549E-04,5.73948142E-04,5.38920693E-04,5.12075669E-04,4.97196510E-04,4.81211522E-04,4.73602820E-04,4.63106669E-04,4.54971712E-04,4.50316089E-04,4.40899952E-04,4.41760028E-04,4.38957068E-04,4.42849967E-04,4.35307302E-04,4.30786138E-04,4.28370346E-04,4.35180787E-04,4.32325091E-04,4.34184418E-04,4.38050280E-04,4.32400004E-04,4.38223971E-04,4.44518315E-04,4.50687279E-04,4.50532621E-04,4.66686033E-04,4.80074232E-04,5.00327325E-04,5.24334086E-04,5.58079686E-04,5.88607334E-04,6.17647544E-04,6.48099114E-04,6.87841850E-04,7.24172045E-04,7.59006653E-04,8.03518749E-04,8.55380553E-04,8.78795108E-04,9.24320542E-04,9.68082342E-04,1.00748125E-03,1.01773429E-03,9.99974087E-04,9.63218219E-04,9.41474340E-04,9.62839695E-04,9.89080989E-04,1.00389391E-03,1.00806181E-03,9.94149013E-04,9.74150724E-04,9.44420230E-04,8.98628205E-04,8.63203197E-04,8.26891919E-04,7.89832789E-04,7.66510959E-04,7.42606877E-04,7.18166062E-04,7.02587771E-04,7.02481891E-04,7.04685866E-04,7.18300871E-04,7.34805071E-04,7.64670025E-04,8.09740042E-04,8.86165595E-04,9.90696950E-04,1.13165309E-03,1.30527385E-03,1.52832584E-03,1.80711609E-03,2.13773339E-03,2.56301160E-03,3.06284777E-03,3.67446966E-03,4.37523890E-03,5.17926458E-03,6.15282496E-03,7.19968975E-03,8.27350933E-03,9.39167012E-03,1.05023542E-02,1.16070462E-02,1.27218217E-02,1.37265986E-02,1.46686053E-02,1.54934200E-02,1.61385220E-02,1.67237222E-02,1.71114989E-02,1.73021629E-02,1.73631199E-02,1.72313638E-02,1.69998910E-02,1.67174842E-02,1.63072012E-02,1.59251690E-02,1.54611748E-02,1.50891105E-02,1.46159176E-02,1.41743617E-02,1.37499571E-02,1.33279338E-02,1.28780399E-02,1.24427238E-02,1.21089593E-02,1.17616523E-02,1.14839254E-02,1.12089878E-02,1.09906495E-02,1.07318731E-02,1.05795572E-02,1.04308594E-02,1.02628209E-02,1.01248659E-02,1.00200865E-02,9.91493370E-03,9.87301115E-03,9.86984279E-03,9.87036433E-03,9.91952885E-03,9.96442139E-03,9.97303333E-03,1.00085568E-02,1.00095412E-02,1.00367032E-02,1.00319954E-02,9.99749359E-03,9.96379368E-03,9.92428418E-03,9.85415187E-03,9.79550462E-03,9.71011631E-03,9.62899998E-03,9.51353461E-03,9.41650197E-03,9.29276831E-03,9.16070864E-03,9.03892983E-03,8.90890323E-03,8.75449739E-03,8.63656774E-03,8.50896072E-03,8.37752596E-03,8.27432610E-03,8.13091453E-03,8.01404286E-03,7.89389294E-03,7.76738580E-03,7.64825428E-03,7.54445791E-03,7.40359630E-03,7.32490001E-03,7.18372222E-03,7.09193666E-03,6.97809178E-03,6.83336239E-03,6.63686031E-03,6.42581191E-03,6.11063791E-03,5.70183014E-03,5.22437319E-03,4.69938247E-03,4.14798968E-03,3.58374068E-03,3.04329861E-03,2.56291754E-03,2.07454152E-03,1.69941119E-03,1.37643341E-03,1.11109798E-03,8.94264609E-04,7.27740116E-04,5.93599631E-04,4.72140848E-04,3.82424536E-04,3.12180637E-04,2.54587794E-04,2.10963684E-04,1.77342619E-04,1.48828622E-04,1.27471416E-04,1.07857333E-04,9.08528309E-05,7.81648996E-05,6.48214263E-05,5.78839681E-05,4.75184643E-05,4.92837171E-05,4.41768898E-05,3.52875613E-05,3.30547518E-05,3.00937681E-05,2.82065466E-05,2.32168295E-05,2.23452134E-05,2.44183739E-05,2.34899162E-05,2.32922357E-05,2.27362580E-05,2.30292426E-05,2.03122509E-05,1.80601182E-05,1.91260933E-05,2.35526786E-05,2.29824382E-05,2.40286026E-05,2.68366566E-05,2.79799260E-05,2.56925887E-05,2.94865586E-05,2.77765994E-05,3.11738149E-05,3.06379479E-05,2.75932525E-05,2.64808805E-05,2.86677205E-05,3.03303168E-05,2.66623683E-05,2.78444495E-05,2.71125718E-05,2.27966393E-05,2.37695258E-05,2.35523839E-05,2.52439677E-05,2.94331821E-05,2.72533107E-05,2.95368827E-05,2.51325382E-05,2.06038021E-05,3.18682032E-05,2.41057696E-05,1.88918275E-05,1.54839363E-05,1.72143955E-05,2.04286862E-05,7.42337579E-06,5.78149138E-06,1.31435181E-05,9.30240458E-06,1.90614646E-05,1.48869640E-05,1.16582860E-05,5.12908809E-06,1.19978558E-05,1.13164679E-05,9.60098532E-06,9.19357171E-06,1.08688537E-05,9.79284869E-06,-4.89E-07,6.14543205E-06,3.10266478E-06,6.71875841E-06,1.16991359E-05,4.51956885E-06,-1.38E-06,-7.56E-06,-7.45E-06,1.31745410E-05,5.49361175E-06,-4.31E-06,-1.86E-06,1.88474696E-05,3.39912845E-06,4.39906898E-06,3.56979331E-06,4.73206228E-06,6.69615565E-06,-1.13E-06,1.05996032E-05,1.40974917E-05,2.28645217E-06,-8.87E-06,1.06443113E-05,2.13615349E-05,INT SYNC:059.94[Hz],DOUBLE FRAME,NORMAL,STANDARD DARK,ONE,CIE1931 (2°),1°,100,0.33333333,0.33333333,NONE,1,66733,1819025,OFF,TRUE,2024/03/25,16:45:15,OK00,----,----,----,CS-3000HDR,3001075,1.00.0008
19,1.50011036E+03,8.48064687E+02,4.82330498E+00,8.48064687E+02,0.63753141,0.36041873,0.42151102,0.53616347,----,----,602.737165,99.5107456,220.55619,213.497529,335.053232,3.02331976E+00,597,-1.18E-05,-1.64E-05,-1.16E-05,2.39197980E-05,-2.51E-05,3.56045848E-06,-1.39E-05,-1.72E-05,-2.01E-06,4.36966275E-06,-1.47E-05,-5.21E-06,-4.00E-06,9.68825407E-06,8.83841403E-06,5.18268598E-06,1.28057691E-05,-1.57E-05,1.25363104E-05,5.26878466E-06,-8.93E-06,-2.91E-06,5.41675217E-06,6.29708074E-06,5.86937540E-06,2.90627031E-06,7.73687589E-06,4.47283492E-06,-1.47E-06,4.84340399E-06,1.41435903E-05,-1.31E-05,-1.57E-06,-1.02E-05,-6.57E-07,-4.60E-06,1.11476411E-05,1.41762825E-06,-2.14E-06,4.59380499E-06,1.28988713E-05,9.24953383E-06,-1.65E-06,5.12788984E-06,6.80056519E-06,2.71110093E-06,2.59920898E-06,-7.70E-06,-2.68E-06,6.49486810E-06,6.61504373E-06,-7.94E-07,4.56640691E-06,1.85469247E-07,-2.54E-06,9.04342301E-07,8.74425223E-06,1.13537669E-06,8.02973136E-06,-1.17E-05,2.46863146E-06,7.47828153E-06,2.01185571E-06,-1.21E-05,6.44404827E-06,2.80701588E-05,1.61615098E-05,2.94335568E-05,4.66003366E-05,4.54440124E-05,4.96029497E-05,5.17824737E-05,7.64241777E-05,8.07006145E-05,8.07202887E-05,9.02917382E-05,1.04733765E-04,9.89649925E-05,1.01918260E-04,1.01729471E-04,9.94503280E-05,1.05113897E-04,9.55692667E-05,9.57003140E-05,8.86610869E-05,8.17729087E-05,7.81312847E-05,6.57814453E-05,7.37373339E-05,7.26452054E-05,6.47280540E-05,8.13416409E-05,8.15403837E-05,7.37842056E-05,6.68413850E-05,6.91161113E-05,7.78807662E-05,7.20413445E-05,7.61929841E-05,6.88764339E-05,6.45045438E-05,6.20147039E-05,6.31760922E-05,6.75140182E-05,6.98361182E-05,7.68168175E-05,8.61088774E-05,9.17531579E-05,9.65867657E-05,1.07055472E-04,1.08372704E-04,1.22936559E-04,1.42008212E-04,1.40646385E-04,1.51872649E-04,1.61184667E-04,1.68952858E-04,1.88159451E-04,1.90063744E-04,1.94756591E-04,2.05928052E-04,1.97010915E-04,1.91551124E-04,1.95539105E-04,1.81656767E-04,1.81109324E-04,1.72194006E-04,1.69162071E-04,1.71061431E-04,1.59243311E-04,1.53966990E-04,1.53598958E-04,1.55462069E-04,1.58009963E-04,1.46276769E-04,1.53227884E-04,1.47947110E-04,1.46630133E-04,1.42536810E-04,1.49859508E-04,1.46517355E-04,1.41278331E-04,1.48221792E-04,1.52632871E-04,1.49948508E-04,1.52425564E-04,1.54914334E-04,1.60363605E-04,1.56284485E-04,1.68723011E-04,1.87474128E-04,1.90224615E-04,2.12508734E-04,2.17358145E-04,2.21760638E-04,2.38531808E-04,2.52383586E-04,2.72946927E-04,2.87894101E-04,3.04015266E-04,3.13711760E-04,3.27485090E-04,3.44981556E-04,3.45261826E-04,3.73745075E-04,3.73921794E-04,3.68025969E-04,3.50901391E-04,3.45794280E-04,3.39313498E-04,3.57750425E-04,3.59034719E-04,3.64306034E-04,3.50701419E-04,3.45145818E-04,3.36471945E-04,3.22770647E-04,3.09222378E-04,3.01083812E-04,2.91078293E-04,2.68816424E-04,2.86831491E-04,3.00290645E-04,2.94922385E-04,3.08071554E-04,3.40175553E-04,3.73217888E-04,4.30186454E-04,5.11487771E-04,6.20518869E-04,7.80559436E-04,1.00702560E-03,1.35732268E-03,1.78358762E-03,2.36690999E-03,3.10891308E-03,4.06435365E-03,5.31347888E-03,6.83991099E-03,8.65659863E-03,1.07934149E-02,1.32287890E-02,1.61969066E-02,1.92839801E-02,2.25406475E-02,2.58665234E-02,2.92100888E-02,3.25176269E-02,3.57710756E-02,3.87014747E-02,4.12035286E-02,4.33607474E-02,4.49974313E-02,4.64921929E-02,4.73635085E-02,4.79124077E-02,4.81582247E-02,4.81923856E-02,4.78149615E-02,4.73155752E-02,4.67097275E-02,4.59614135E-02,4.52643223E-02,4.44725305E-02,4.36607860E-02,4.28302027E-02,4.22407873E-02,4.16950844E-02,4.11069952E-02,4.05071899E-02,3.99859697E-02,3.94842289E-02,3.89378518E-02,3.85444425E-02,3.81678939E-02,3.76268439E-02,3.72869410E-02,3.68449204E-02,3.64429504E-02,3.59789096E-02,3.55448350E-02,3.50511596E-02,3.47071961E-02,3.43380496E-02,3.39281373E-02,3.35718207E-02,3.32868807E-02,3.29272822E-02,3.25563103E-02,3.23103406E-02,3.19718495E-02,3.16756964E-02,3.14420015E-02,3.10625602E-02,3.07267979E-02,3.03574800E-02,3.01207229E-02,2.97000334E-02,2.94829905E-02,2.91877650E-02,2.87902560E-02,2.85884310E-02,2.83965189E-02,2.82404702E-02,2.81570964E-02,2.79097036E-02,2.78010070E-02,2.76477691E-02,2.74833757E-02,2.72805486E-02,2.71040481E-02,2.69170199E-02,2.66256817E-02,2.63921358E-02,2.61924248E-02,2.59609334E-02,2.56094951E-02,2.53653247E-02,2.50701122E-02,2.47978456E-02,2.43769456E-02,2.39328649E-02,2.33133454E-02,2.24530119E-02,2.14727297E-02,1.99741013E-02,1.83378085E-02,1.65465437E-02,1.45626739E-02,1.26138516E-02,1.07023586E-02,8.95986427E-03,7.30403932E-03,6.01851102E-03,4.90541942E-03,3.94982425E-03,3.18383914E-03,2.59953830E-03,2.09545414E-03,1.68561377E-03,1.38204021E-03,1.13689771E-03,9.41204198E-04,7.69075938E-04,6.53940602E-04,5.47305448E-04,4.62362863E-04,3.98977165E-04,3.39850230E-04,2.78927415E-04,2.49730540E-04,2.13779800E-04,1.95568980E-04,1.79730603E-04,1.57355797E-04,1.48172549E-04,1.20076787E-04,1.16306961E-04,1.05302446E-04,9.56011281E-05,9.69938555E-05,9.06809291E-05,7.93186045E-05,6.97046344E-05,7.00332603E-05,6.74196199E-05,7.21855249E-05,6.52005692E-05,5.01237591E-05,5.71081800E-05,7.10650929E-05,6.19843195E-05,6.04291708E-05,4.16276926E-05,3.07227274E-05,4.41216289E-05,6.74190596E-05,5.50339391E-05,4.82246687E-05,5.37668639E-05,4.64649929E-05,6.12752992E-05,4.81929856E-05,5.46645424E-05,6.04373417E-05,5.84661611E-05,6.25475732E-05,5.41756235E-05,5.07078657E-05,6.11463984E-05,3.32111595E-05,2.79734377E-05,6.30830982E-05,5.87130889E-05,5.08089361E-05,6.06692884E-05,5.07650111E-05,3.39183898E-05,6.35887409E-05,4.07307489E-05,3.44755608E-05,3.29926515E-05,4.98551162E-05,2.53996768E-05,1.67955022E-05,8.65843049E-06,5.72101890E-05,2.75858802E-05,1.52180864E-05,2.71739755E-05,1.40597431E-05,3.78654931E-06,1.54529916E-05,-3.83E-07,-1.81E-05,1.67900707E-05,9.32742569E-06,1.33140820E-05,-5.36E-06,3.18565617E-05,3.47866589E-05,-9.76E-06,-6.24E-06,-1.23E-05,4.56009184E-06,1.68528732E-05,3.35364275E-05,-2.68E-06,-1.23E-05,1.30639773E-05,-3.54E-06,2.70344044E-05,1.38297974E-05,-6.05E-06,1.24742519E-05,2.58440959E-05,-1.76E-05,6.60561409E-06,2.73992487E-06,7.53475615E-06,3.30987132E-05,INT SYNC:059.94[Hz],DOUBLE FRAME,NORMAL,STANDARD DARK,TWO,CIE1931 (2°),1°,100,0.33333333,0.33333333,NONE,1,600601,2889317,OFF,TRUE,2024/03/25,16:45:19,OK00,----,----,----,CS-3000HDR,3001075,1.00.0008
20,5.73378727E+02,3.44106898E+02,2.81736219E+01,3.44106898E+02,0.60632699,0.36388043,0.39410838,0.53216951,----,----,601.27602,91.1847944,159.128078,140.05687,170.832425,1.17191170E+00,596,-3.58E-06,-4.23E-06,-3.84E-06,3.65958385E-06,1.85497822E-06,-4.52E-06,-1.18E-06,-4.59E-06,-1.73E-06,-2.58E-06,-4.52E-06,-5.97E-07,-5.59E-06,2.00223189E-06,-3.85E-06,2.87210059E-06,-3.76E-06,-6.11E-06,4.07036896E-06,1.25735744E-06,2.13901149E-06,3.61273646E-06,-5.24E-06,-6.67E-06,3.33965943E-07,-4.62E-06,-5.36E-07,-3.77E-06,-6.14E-07,-5.39E-06,-1.71E-06,1.78632206E-06,-1.52E-07,-1.94E-06,-3.91E-06,2.57432566E-06,1.74556612E-06,2.22282210E-06,-1.87E-06,5.03347621E-08,1.48141316E-06,3.50964910E-06,3.01154137E-06,1.93581218E-06,2.04076514E-06,-1.75E-06,1.70527585E-06,7.46089142E-07,-1.58E-06,-4.90E-07,-2.05E-06,4.22341554E-06,3.50941059E-06,-2.72E-06,-4.75E-06,1.58394448E-06,-2.09E-06,-2.36E-06,-1.84E-07,-1.28E-07,6.07837865E-06,9.54054030E-06,2.39908459E-05,3.72887553E-05,5.79288426E-05,9.01712556E-05,1.23652761E-04,1.62389333E-04,2.23900119E-04,2.72862875E-04,3.29131901E-04,3.91506794E-04,4.61782096E-04,5.18749293E-04,5.82012930E-04,6.32118259E-04,6.94513612E-04,7.36156653E-04,7.68501370E-04,7.75122084E-04,7.69417384E-04,7.73948326E-04,7.56527181E-04,7.52885710E-04,7.51389656E-04,7.59763352E-04,7.77177745E-04,7.89907179E-04,8.13702703E-04,8.38785316E-04,8.42640584E-04,8.64456291E-04,8.66744551E-04,8.55704362E-04,8.37187108E-04,8.12621380E-04,7.71560648E-04,7.46075064E-04,7.15026050E-04,6.93296781E-04,6.80475787E-04,6.79816876E-04,6.74808514E-04,6.92017260E-04,7.01478508E-04,7.07597064E-04,6.94937655E-04,7.01062731E-04,6.75042858E-04,6.60341466E-04,6.31140370E-04,6.05648209E-04,5.82544773E-04,5.62864530E-04,5.42354130E-04,5.29568642E-04,5.25578740E-04,5.21155482E-04,5.21631388E-04,5.11344930E-04,4.96789813E-04,4.77843103E-04,4.51280619E-04,4.23702993E-04,3.95288167E-04,3.81743856E-04,3.65593587E-04,3.60755075E-04,3.47431313E-04,3.37474630E-04,3.33310163E-04,3.29826464E-04,3.21123196E-04,3.16004298E-04,3.17394268E-04,3.11391050E-04,3.10455856E-04,3.13564262E-04,3.13198339E-04,3.10573378E-04,3.08787829E-04,3.12929624E-04,3.08875402E-04,3.11971147E-04,3.17514496E-04,3.19932005E-04,3.24381574E-04,3.27232003E-04,3.39086168E-04,3.53324693E-04,3.61820334E-04,3.85399762E-04,4.08565393E-04,4.29731357E-04,4.50726453E-04,4.74971923E-04,5.04595926E-04,5.29676210E-04,5.64682006E-04,5.92985598E-04,6.23622444E-04,6.51442155E-04,6.83894090E-04,7.13808986E-04,7.42230623E-04,7.55845394E-04,7.36718532E-04,7.08019885E-04,6.94129965E-04,7.03909202E-04,7.24031008E-04,7.34233123E-04,7.36042508E-04,7.28291692E-04,7.08498468E-04,6.81311940E-04,6.52464980E-04,6.28794369E-04,5.96203725E-04,5.72641380E-04,5.51723526E-04,5.37514105E-04,5.25070063E-04,5.19554829E-04,5.19129972E-04,5.25209121E-04,5.34091436E-04,5.56082698E-04,5.97297156E-04,6.52636983E-04,7.28132552E-04,8.41889181E-04,9.89543041E-04,1.18479540E-03,1.42621738E-03,1.74420874E-03,2.12140847E-03,2.60971650E-03,3.20375757E-03,3.89964250E-03,4.69240546E-03,5.62962471E-03,6.76434068E-03,7.93766137E-03,9.19004995E-03,1.04658492E-02,1.17549235E-02,1.30369039E-02,1.43200038E-02,1.54664703E-02,1.65385026E-02,1.74792148E-02,1.82039663E-02,1.89113244E-02,1.93553641E-02,1.96485594E-02,1.97388474E-02,1.96579788E-02,1.94422677E-02,1.91244557E-02,1.87301245E-02,1.83128733E-02,1.78261362E-02,1.74102802E-02,1.68924835E-02,1.63922440E-02,1.59163587E-02,1.54388938E-02,1.49707934E-02,1.44743491E-02,1.40741924E-02,1.36718219E-02,1.33371353E-02,1.30306613E-02,1.27499178E-02,1.24624828E-02,1.22707281E-02,1.20413173E-02,1.18527859E-02,1.17009170E-02,1.15542887E-02,1.14255389E-02,1.13598574E-02,1.13399141E-02,1.13142738E-02,1.13340011E-02,1.13891996E-02,1.14147849E-02,1.14251263E-02,1.14489859E-02,1.14646414E-02,1.14356903E-02,1.14082452E-02,1.13867810E-02,1.13288946E-02,1.12765711E-02,1.12070749E-02,1.11548314E-02,1.10770026E-02,1.09354192E-02,1.08324569E-02,1.07042138E-02,1.05952444E-02,1.04411552E-02,1.03074927E-02,1.01442970E-02,1.00240540E-02,9.86574404E-03,9.72136669E-03,9.58220102E-03,9.45281610E-03,9.28705465E-03,9.14628245E-03,9.00550839E-03,8.88730399E-03,8.73476174E-03,8.58589727E-03,8.49473570E-03,8.34096409E-03,8.21923651E-03,8.07243772E-03,7.91071448E-03,7.68553838E-03,7.38478964E-03,7.05191400E-03,6.55024312E-03,6.03470253E-03,5.41056925E-03,4.77543008E-03,4.11742693E-03,3.49852745E-03,2.94892886E-03,2.38994346E-03,1.95887056E-03,1.59539189E-03,1.28854811E-03,1.03544525E-03,8.40373454E-04,6.77350501E-04,5.35911589E-04,4.37518524E-04,3.59508616E-04,2.98793457E-04,2.43725313E-04,2.05817996E-04,1.75264824E-04,1.44831502E-04,1.27198495E-04,1.06489984E-04,8.76211780E-05,7.57906382E-05,6.54391406E-05,6.37348130E-05,5.87290124E-05,5.05528769E-05,4.24593964E-05,4.08406340E-05,3.59650512E-05,3.57176214E-05,3.22625710E-05,2.70312630E-05,2.27539313E-05,2.61729183E-05,2.78287862E-05,2.11319821E-05,1.91835443E-05,2.68314725E-05,2.29886336E-05,2.45105293E-05,2.24897558E-05,2.44393595E-05,2.21458995E-05,2.60471643E-05,2.58544569E-05,2.37861659E-05,2.30989845E-05,2.99693711E-05,2.87690818E-05,3.48268331E-05,2.70993951E-05,2.79040414E-05,3.06637849E-05,2.83784921E-05,2.99453568E-05,2.56387048E-05,2.33362480E-05,3.35816112E-05,2.22381677E-05,2.20578513E-05,3.44323817E-05,2.86219747E-05,2.51588717E-05,2.69115208E-05,2.43274062E-05,2.23891129E-05,2.52266236E-05,2.39174733E-05,2.00015747E-05,2.03538766E-05,1.36946937E-05,1.72882174E-05,1.78298560E-05,2.20030688E-05,1.28507818E-05,9.45252577E-06,1.25507895E-05,1.33665999E-05,7.37967002E-06,1.44193627E-05,7.85292377E-06,2.66157144E-06,7.45126954E-06,6.41878069E-06,1.63882260E-06,6.39009340E-06,1.02707975E-06,4.95201994E-06,5.61296974E-06,-2.21E-06,3.96868836E-06,8.32432397E-06,2.84765770E-06,9.59566933E-07,7.11731491E-06,1.96231467E-05,9.26908069E-06,1.09729160E-06,-1.10E-07,-1.72E-05,-1.03E-06,8.15837939E-06,1.83805259E-05,8.36663276E-06,8.55463441E-06,4.10075700E-07,7.95215510E-06,-4.28E-07,-4.96E-06,-1.39E-07,-1.24E-07,3.53481414E-06,INT SYNC:059.94[Hz],DOUBLE FRAME,NORMAL,STANDARD DARK,ONE,CIE1931 (2°),1°,100,0.33333333,0.33333333,NONE,1,66733,1825370,OFF,TRUE,2024/03/25,16:45:24,OK00,----,----,----,CS-3000HDR,3001075,1.00.0008
21,1.49885874E+03,8.45756285E+02,4.76487972E+00,8.45756285E+02,0.63798057,0.35999128,0.42222867,0.53606168,----,----,602.838178,99.5166996,220.341362,214.08046,334.977989,3.01918299E+00,596,-2.17E-05,-9.83E-06,-6.72E-06,-6.76E-06,7.00805367E-06,-5.85E-06,4.89587092E-06,1.12785692E-05,-1.48E-05,-1.42E-05,3.66181166E-06,6.94554774E-06,3.97181537E-07,-2.23E-06,-3.97E-06,8.44698297E-06,-9.61E-06,-1.67E-05,3.05505949E-07,9.51618131E-06,-2.27E-06,-6.83E-06,-1.85E-06,-2.11E-06,1.76941430E-05,-1.44E-06,1.13806009E-05,-7.38E-06,1.10426008E-05,2.05679444E-05,4.01438592E-06,-4.15E-06,3.47734681E-06,5.59399950E-06,7.46167416E-06,1.07598146E-06,6.43770773E-06,4.02617206E-06,-1.46E-06,-5.23E-06,6.36773939E-06,9.16447061E-06,-5.52E-06,2.84665157E-06,-9.09E-07,-8.42E-07,6.80240692E-06,-6.64E-06,1.23029040E-05,1.33232888E-05,2.25838818E-07,-4.97E-06,2.76430637E-06,-3.17E-06,8.62550860E-06,7.35310550E-06,1.56047809E-05,2.89391937E-06,1.83781731E-06,-1.30E-06,6.54857240E-06,4.93632297E-06,6.48964897E-06,6.66908727E-06,1.55066864E-05,1.63952554E-05,1.86263405E-05,2.95144418E-05,3.92513575E-05,5.85974776E-05,6.09535309E-05,7.04754930E-05,7.09494416E-05,7.12516776E-05,8.95068006E-05,9.81239064E-05,9.28970985E-05,9.99667900E-05,1.04261657E-04,1.00956640E-04,9.98211763E-05,1.01026802E-04,8.96581987E-05,8.63354508E-05,8.08714030E-05,7.90610429E-05,8.29468408E-05,7.84277290E-05,7.00618402E-05,7.95757878E-05,7.92974461E-05,8.16046158E-05,7.32361077E-05,8.39085187E-05,7.68485843E-05,6.79746954E-05,8.34793027E-05,7.38971285E-05,7.13514964E-05,6.56944248E-05,7.15961069E-05,5.34731189E-05,6.52513554E-05,7.20041280E-05,6.62766761E-05,7.29190360E-05,7.82520219E-05,8.40176581E-05,9.47218286E-05,9.72435591E-05,9.94089714E-05,1.00704470E-04,1.04970204E-04,1.18318225E-04,1.33776848E-04,1.43104044E-04,1.44932666E-04,1.40565724E-04,1.65599078E-04,1.69298830E-04,1.80786767E-04,1.68884479E-04,1.67170496E-04,1.68145940E-04,1.50238106E-04,1.47526458E-04,1.45208644E-04,1.38033734E-04,1.43066194E-04,1.41626049E-04,1.37014154E-04,1.28843996E-04,1.30275803E-04,1.22375743E-04,1.19818324E-04,1.20096054E-04,1.28524800E-04,1.21469398E-04,1.21936049E-04,1.19288336E-04,1.20607670E-04,1.28784304E-04,1.13754599E-04,1.17211552E-04,1.24387021E-04,1.25091436E-04,1.22689729E-04,1.23326055E-04,1.41073237E-04,1.35866023E-04,1.44771751E-04,1.54046837E-04,1.67570979E-04,1.79446215E-04,1.87835409E-04,1.97946050E-04,2.14055617E-04,2.14840577E-04,2.33680868E-04,2.48483877E-04,2.73380370E-04,2.67654104E-04,2.82794004E-04,2.94863159E-04,3.07929004E-04,3.12497985E-04,2.99733510E-04,2.88667361E-04,2.83126428E-04,2.87104223E-04,2.88903509E-04,2.98658037E-04,2.98609550E-04,2.90029653E-04,2.79300701E-04,2.76535051E-04,2.65992712E-04,2.57504260E-04,2.50899466E-04,2.43774324E-04,2.35685235E-04,2.34489882E-04,2.48113764E-04,2.53976556E-04,2.66715913E-04,2.97445542E-04,3.27987364E-04,3.79858015E-04,4.64681361E-04,5.77310915E-04,7.36552640E-04,9.62341728E-04,1.31150754E-03,1.74018822E-03,2.32104817E-03,3.06582614E-03,4.02724277E-03,5.27674705E-03,6.78946124E-03,8.59788619E-03,1.07411304E-02,1.31855495E-02,1.61291435E-02,1.92260500E-02,2.24758908E-02,2.58581433E-02,2.92104967E-02,3.24323699E-02,3.57454307E-02,3.86159085E-02,4.11951914E-02,4.33337763E-02,4.50819023E-02,4.64104749E-02,4.73299138E-02,4.79485840E-02,4.82739322E-02,4.81368974E-02,4.78768088E-02,4.73790057E-02,4.66819592E-02,4.60557975E-02,4.51895297E-02,4.44403626E-02,4.36504856E-02,4.28756140E-02,4.22353670E-02,4.16618772E-02,4.09964398E-02,4.04783003E-02,3.99604291E-02,3.94280478E-02,3.89149934E-02,3.85328792E-02,3.81460264E-02,3.76257226E-02,3.72951552E-02,3.69076654E-02,3.64311710E-02,3.60189416E-02,3.55846398E-02,3.50961462E-02,3.47123668E-02,3.43386009E-02,3.39558944E-02,3.36304046E-02,3.32272127E-02,3.28719988E-02,3.25839818E-02,3.22932974E-02,3.19457129E-02,3.16499844E-02,3.14269252E-02,3.10412478E-02,3.07800323E-02,3.04243974E-02,3.01094837E-02,2.97705308E-02,2.94105466E-02,2.91593615E-02,2.88706552E-02,2.85841022E-02,2.84408163E-02,2.82178298E-02,2.80287638E-02,2.79629249E-02,2.77199466E-02,2.76447069E-02,2.74338238E-02,2.72436030E-02,2.70997230E-02,2.68258937E-02,2.66202353E-02,2.63909772E-02,2.61877533E-02,2.59548798E-02,2.56692152E-02,2.54059192E-02,2.50480343E-02,2.48033162E-02,2.44070534E-02,2.39823312E-02,2.33143345E-02,2.24554576E-02,2.13909782E-02,1.99442357E-02,1.83301885E-02,1.64877158E-02,1.45560540E-02,1.26547376E-02,1.07065793E-02,8.98000132E-03,7.34054483E-03,5.99210011E-03,4.87958686E-03,3.97654157E-03,3.22305807E-03,2.59687821E-03,2.10060272E-03,1.68592657E-03,1.37703202E-03,1.12543663E-03,9.34102922E-04,7.67722027E-04,6.59175043E-04,5.59948443E-04,4.68324812E-04,3.96641786E-04,3.38883168E-04,2.89815158E-04,2.55819003E-04,2.20913935E-04,1.91386964E-04,1.75505251E-04,1.50345877E-04,1.41081502E-04,1.21464444E-04,1.18531010E-04,1.02225938E-04,8.46272451E-05,8.43344242E-05,9.66979787E-05,6.80212252E-05,7.93271829E-05,6.80512676E-05,6.26033507E-05,5.83232068E-05,6.69474030E-05,6.13465018E-05,5.08886078E-05,6.13857410E-05,5.95414749E-05,6.38732599E-05,5.85346279E-05,4.36443952E-05,5.42584821E-05,5.37179440E-05,5.22433147E-05,6.75585688E-05,5.47896161E-05,4.81060015E-05,4.68241196E-05,7.57527305E-05,7.12101173E-05,6.00427556E-05,5.44418981E-05,6.10584320E-05,6.46868721E-05,5.92530523E-05,6.25330795E-05,5.70970478E-05,5.30251018E-05,5.33375460E-05,4.81377465E-05,5.69793920E-05,4.55953013E-05,3.86473803E-05,4.06682047E-05,3.33405842E-05,3.56167657E-05,3.46134912E-05,3.75779273E-05,3.66825407E-05,2.76860756E-05,1.91930631E-05,2.69807442E-05,2.50466874E-05,1.57154009E-05,3.63290492E-05,1.29825012E-05,4.15482282E-06,3.37296042E-05,2.92845903E-06,4.82677751E-06,1.81707601E-05,-7.97E-06,1.56996903E-05,4.20147126E-06,1.56356430E-06,2.83320005E-05,3.10910837E-05,-6.80E-06,-3.27E-06,-2.77E-06,8.20411424E-06,-6.52E-06,1.42817653E-05,2.79615688E-06,9.18020433E-08,-3.47E-05,-1.74E-05,5.05934950E-05,3.32941163E-05,8.54877453E-06,-1.94E-05,2.47069347E-05,4.70126070E-05,1.35247883E-05,-2.60E-05,2.24103533E-05,1.15858271E-07,INT SYNC:059.94[Hz],DOUBLE FRAME,NORMAL,STANDARD DARK,TWO,CIE1931 (2°),1°,100,0.33333333,0.33333333,NONE,1,633967,2956902,OFF,TRUE,2024/03/25,16:45:29,OK00,----,----,----,CS-3000HDR,3001075,1.00.0008
22,6.31567852E+02,3.72252844E+02,2.28101262E+01,3.72252844E+02,0.61518497,0.3625966,0.40202983,0.53316153,----,----,601.77755,93.4575213,163.778325,149.316221,187.76225,1.27859693E+00,596,-8.03E-06,-2.93E-07,-1.40E-06,-2.75E-06,1.20003415E-05,1.68312297E-08,8.33211379E-06,-7.71E-06,1.66230293E-05,6.41469569E-07,1.76342996E-06,6.87060037E-06,1.45097772E-06,6.38004394E-06,-4.16E-06,3.47332661E-06,-6.00E-06,6.74918041E-08,2.20875518E-06,8.62907837E-06,-3.80E-06,4.59244029E-06,-2.67E-06,-8.20E-06,1.90393735E-06,1.62238518E-06,5.99843361E-07,-4.03E-07,2.79110481E-07,-4.97E-06,1.17003592E-05,-2.04E-06,7.66999256E-06,-3.22E-06,-1.57E-06,-1.70E-06,-2.63E-06,-5.25E-06,4.22526369E-07,-5.11E-07,2.29853845E-06,6.27732561E-07,1.60942034E-06,3.05792855E-06,-2.50E-06,1.56209649E-06,3.25907308E-06,-4.39E-07,-9.07E-07,5.74616763E-08,-3.92E-06,-2.08E-06,1.56599947E-06,5.93882351E-06,2.02734168E-06,-2.09E-06,3.72697400E-06,2.88846650E-06,2.06425511E-06,3.13586111E-06,1.00747366E-05,1.03888742E-05,1.61440967E-05,3.32127565E-05,5.24232601E-05,6.84885890E-05,1.02431841E-04,1.31852255E-04,1.77173613E-04,2.18742221E-04,2.68796925E-04,3.20720254E-04,3.76375479E-04,4.31562337E-04,4.87325480E-04,5.28050761E-04,5.66405593E-04,5.95251971E-04,6.22342341E-04,6.30309572E-04,6.29004964E-04,6.26767694E-04,6.16946374E-04,6.03158434E-04,5.99916035E-04,6.08244911E-04,6.18767866E-04,6.36770914E-04,6.57901575E-04,6.74186274E-04,6.85948762E-04,6.93044800E-04,6.93005859E-04,6.85809937E-04,6.79124903E-04,6.51174749E-04,6.20094128E-04,5.90769749E-04,5.76700433E-04,5.51512756E-04,5.48708893E-04,5.38970286E-04,5.35771891E-04,5.54045080E-04,5.65815775E-04,5.66054310E-04,5.53626276E-04,5.55629027E-04,5.45095594E-04,5.19215304E-04,5.01393981E-04,4.78586968E-04,4.52648179E-04,4.37853741E-04,4.19673219E-04,4.08515742E-04,4.06530802E-04,4.04597376E-04,4.05297556E-04,4.01582511E-04,3.86878732E-04,3.66890483E-04,3.49097390E-04,3.24476277E-04,3.09200346E-04,2.89301708E-04,2.80507811E-04,2.68634845E-04,2.64111557E-04,2.54625134E-04,2.51101039E-04,2.48106953E-04,2.49080185E-04,2.36237873E-04,2.38681663E-04,2.40502020E-04,2.36351625E-04,2.32284423E-04,2.38380628E-04,2.34137391E-04,2.32173537E-04,2.35621061E-04,2.36636726E-04,2.36278560E-04,2.38182402E-04,2.37530505E-04,2.46213895E-04,2.42801281E-04,2.54310144E-04,2.62720248E-04,2.74594495E-04,2.96339393E-04,3.09089810E-04,3.28465103E-04,3.51297000E-04,3.71691131E-04,3.86259519E-04,4.07194893E-04,4.22973419E-04,4.56269336E-04,4.77862923E-04,5.06325916E-04,5.22595074E-04,5.52144425E-04,5.71817218E-04,5.67803567E-04,5.63119538E-04,5.38992463E-04,5.32608829E-04,5.39255852E-04,5.49895456E-04,5.62896312E-04,5.63523907E-04,5.48365642E-04,5.37972373E-04,5.22377144E-04,4.94938984E-04,4.76439862E-04,4.55266505E-04,4.28651721E-04,4.19774355E-04,4.06816311E-04,3.98216536E-04,4.00131161E-04,4.05240309E-04,4.13825008E-04,4.25471022E-04,4.53538174E-04,4.91162762E-04,5.48111449E-04,6.33450109E-04,7.52013060E-04,9.18620324E-04,1.13433809E-03,1.40347471E-03,1.74595800E-03,2.16224580E-03,2.71069142E-03,3.36391362E-03,4.11765790E-03,5.03673870E-03,6.09091576E-03,7.33104860E-03,8.63037258E-03,1.00214630E-02,1.14485808E-02,1.28694717E-02,1.42430076E-02,1.56436600E-02,1.69394221E-02,1.81296263E-02,1.91481207E-02,2.00322438E-02,2.07370240E-02,2.12848037E-02,2.16138326E-02,2.17526071E-02,2.17093993E-02,2.15036254E-02,2.11839452E-02,2.07728352E-02,2.03075893E-02,1.98481418E-02,1.93861388E-02,1.88219659E-02,1.83107760E-02,1.78292487E-02,1.73076373E-02,1.68271642E-02,1.62967741E-02,1.58209894E-02,1.53820636E-02,1.49910580E-02,1.46291479E-02,1.43342046E-02,1.40251089E-02,1.37411803E-02,1.35330027E-02,1.33192362E-02,1.31005496E-02,1.29361069E-02,1.27440616E-02,1.26541965E-02,1.26259085E-02,1.25995670E-02,1.25833955E-02,1.26359519E-02,1.26593392E-02,1.26903001E-02,1.26893502E-02,1.27111934E-02,1.26997596E-02,1.26779433E-02,1.26267672E-02,1.25860004E-02,1.25195542E-02,1.24621047E-02,1.23721622E-02,1.22761177E-02,1.22020096E-02,1.20616918E-02,1.19332513E-02,1.18268365E-02,1.16729215E-02,1.15368823E-02,1.13640698E-02,1.11951511E-02,1.10722203E-02,1.09157283E-02,1.07689826E-02,1.06130429E-02,1.04359901E-02,1.02753388E-02,1.01207001E-02,9.95709375E-03,9.81637742E-03,9.66919679E-03,9.48626176E-03,9.34325904E-03,9.21449717E-03,9.02091525E-03,8.83799419E-03,8.59582704E-03,8.26139096E-03,7.86550529E-03,7.34611927E-03,6.72145886E-03,6.05086237E-03,5.33524156E-03,4.60785488E-03,3.91032593E-03,3.27777583E-03,2.67383782E-03,2.16746167E-03,1.76639273E-03,1.43317902E-03,1.15481496E-03,9.39124671E-04,7.54005217E-04,6.07590366E-04,4.90254431E-04,4.04264487E-04,3.31137388E-04,2.76116160E-04,2.32010541E-04,1.96296678E-04,1.65398727E-04,1.39844167E-04,1.14206858E-04,1.01133126E-04,9.21314204E-05,7.80343107E-05,6.95647759E-05,6.13388402E-05,5.86579554E-05,4.89680388E-05,4.12311820E-05,4.07608204E-05,3.99739365E-05,3.48294561E-05,2.98630075E-05,3.17591730E-05,3.45686713E-05,3.37877573E-05,3.21981533E-05,3.13503551E-05,3.21160951E-05,3.02320223E-05,2.54908173E-05,3.04576733E-05,2.47650787E-05,2.52210702E-05,3.01810869E-05,2.76410192E-05,3.04607911E-05,3.27495654E-05,3.36725061E-05,3.15306643E-05,2.90591852E-05,3.02482858E-05,2.15344953E-05,3.09420029E-05,2.87113162E-05,3.69452064E-05,3.11131262E-05,3.03899014E-05,2.81312005E-05,3.40090701E-05,4.25910948E-05,3.56437267E-05,3.93097835E-05,2.60597535E-05,2.92640179E-05,2.94555794E-05,2.28548761E-05,3.46552188E-05,2.22948129E-05,2.91318865E-05,1.81458690E-05,1.14174254E-05,1.57952218E-05,1.42508579E-05,1.32828318E-05,2.23798525E-05,2.53010621E-05,5.78471736E-06,-6.51E-07,7.11009352E-06,1.32178729E-05,6.80704215E-06,5.39713437E-06,8.43929570E-07,8.19723846E-06,4.45307251E-06,8.84866495E-06,1.41141454E-05,1.01711712E-05,1.65624915E-05,1.74609668E-05,1.90182891E-05,-5.22E-06,-1.13E-05,1.30058299E-06,-1.84E-06,5.88470721E-06,5.32596960E-06,8.08619916E-06,6.21240406E-06,1.89128514E-05,4.04231332E-06,1.24909620E-05,6.68155144E-06,1.80906191E-05,2.34229865E-05,1.67076996E-05,1.00717607E-05,1.13247706E-05,-3.40E-06,-1.73E-05,8.32049182E-07,1.74085362E-05,INT SYNC:059.94[Hz],DOUBLE FRAME,NORMAL,STANDARD DARK,TWO,CIE1931 (2°),1°,100,0.33333333,0.33333333,NONE,1,1401401,3496469,OFF,TRUE,2024/03/25,16:45:34,OK00,----,----,----,CS-3000HDR,3001075,1.00.0008
23,1.50208617E+03,8.46113225E+02,4.58755614E+00,8.46113225E+02,0.63842847,0.35962169,0.4228981,0.53598407,----,----,602.926407,99.5397234,220.374605,214.821374,335.946143,3.02450427E+00,596,-9.89E-06,4.73635782E-06,-9.35E-06,1.71352312E-05,7.19743821E-06,-6.57E-06,-1.73E-05,-1.78E-05,3.43145007E-06,8.40269422E-06,1.34168511E-06,-5.34E-06,3.99883811E-06,6.59262605E-06,-6.15E-06,-2.71E-06,-2.88E-06,8.72181772E-06,2.38238817E-06,-5.40E-06,5.90823902E-06,9.10952076E-06,-8.30E-07,-5.14E-06,1.65594565E-06,3.36185371E-06,-8.11E-06,7.62322657E-07,3.78460982E-06,5.85315456E-06,4.44801572E-06,-1.56E-05,2.77827644E-06,4.04408911E-06,1.27892727E-05,-1.36E-05,6.39308928E-06,1.32673745E-06,2.01521016E-05,-1.67E-05,1.56994538E-05,1.34952679E-05,6.02913587E-06,1.18144599E-05,1.14082513E-05,1.01095875E-05,4.24830114E-06,-4.90E-06,-1.17E-05,6.25649761E-07,2.36690380E-06,-1.27E-07,7.81158724E-06,-3.17E-06,9.06041441E-06,-6.72E-06,9.34098534E-06,-6.15E-07,2.82147766E-06,-6.74E-07,8.49335174E-06,4.16495322E-06,1.46088078E-05,-2.02E-06,1.62607339E-05,2.10224916E-05,1.45909080E-05,2.40486770E-05,4.00847348E-05,5.19363894E-05,5.78021172E-05,7.05606653E-05,7.73854044E-05,8.37310945E-05,8.73049721E-05,9.89145337E-05,9.77836025E-05,9.56289150E-05,9.82477140E-05,1.01073929E-04,9.94326110E-05,1.01786623E-04,8.27281547E-05,8.58081330E-05,9.48904708E-05,7.78500253E-05,8.63423775E-05,7.40355026E-05,7.87987519E-05,7.98467590E-05,7.57465968E-05,8.43833477E-05,7.71337000E-05,7.13382833E-05,6.87207648E-05,7.08770895E-05,7.82898060E-05,7.20160679E-05,7.38688395E-05,6.54558025E-05,6.53542011E-05,6.10965290E-05,6.25797329E-05,6.44818138E-05,6.28379494E-05,6.31904259E-05,7.74251675E-05,6.57491400E-05,7.42170596E-05,8.70501171E-05,8.33946615E-05,8.20411224E-05,9.91973429E-05,1.08675988E-04,1.06125502E-04,1.16117277E-04,1.23553589E-04,1.32098867E-04,1.29497726E-04,1.43124824E-04,1.39790922E-04,1.47826271E-04,1.36969407E-04,1.33498717E-04,1.23864491E-04,1.22205427E-04,1.20270117E-04,1.17419819E-04,1.20902892E-04,1.12671267E-04,1.12278598E-04,1.02154692E-04,1.01509104E-04,1.08854343E-04,9.88096872E-05,9.28988084E-05,1.01260870E-04,1.06549320E-04,9.97340030E-05,1.05271101E-04,9.76502270E-05,9.54329589E-05,9.74697614E-05,9.33456613E-05,9.96570525E-05,1.04582563E-04,1.11903624E-04,9.84883736E-05,1.08101834E-04,1.07730710E-04,1.08530934E-04,1.27293213E-04,1.35783834E-04,1.51529850E-04,1.55040732E-04,1.60882890E-04,1.71373104E-04,1.86609002E-04,1.91404688E-04,1.98753783E-04,2.17614201E-04,2.27641940E-04,2.28223478E-04,2.53550505E-04,2.52895232E-04,2.44543218E-04,2.35225059E-04,2.34513020E-04,2.39201530E-04,2.34853695E-04,2.27462355E-04,2.41855232E-04,2.48007360E-04,2.44026363E-04,2.34387015E-04,2.30194826E-04,2.21403301E-04,2.06831450E-04,2.08113270E-04,2.06623459E-04,1.97014102E-04,2.02213458E-04,2.03243893E-04,2.17594643E-04,2.34711129E-04,2.57659733E-04,2.97823339E-04,3.54692136E-04,4.35122929E-04,5.44409559E-04,7.01139681E-04,9.50703863E-04,1.25698838E-03,1.69610977E-03,2.27340590E-03,3.03129898E-03,3.99366720E-03,5.24467463E-03,6.76613022E-03,8.58000387E-03,1.07387537E-02,1.31664202E-02,1.60900839E-02,1.92108583E-02,2.24903263E-02,2.58244053E-02,2.92053055E-02,3.25158387E-02,3.57097536E-02,3.87235321E-02,4.13228907E-02,4.34462428E-02,4.50508781E-02,4.65026051E-02,4.75870632E-02,4.81339023E-02,4.83580381E-02,4.83240746E-02,4.79465909E-02,4.74884026E-02,4.68554124E-02,4.61358987E-02,4.54044417E-02,4.46693823E-02,4.38252315E-02,4.30458896E-02,4.23763618E-02,4.17533927E-02,4.11503129E-02,4.06150818E-02,4.00787443E-02,3.95694375E-02,3.90397720E-02,3.85644659E-02,3.82754989E-02,3.77361514E-02,3.73093151E-02,3.69491540E-02,3.64918672E-02,3.60782966E-02,3.57518010E-02,3.51350345E-02,3.47675644E-02,3.44247036E-02,3.40764783E-02,3.36700864E-02,3.33421864E-02,3.30247805E-02,3.27318907E-02,3.23790461E-02,3.21021006E-02,3.17477658E-02,3.16112339E-02,3.11536212E-02,3.08736060E-02,3.05028707E-02,3.02498564E-02,2.98612006E-02,2.95256227E-02,2.92375442E-02,2.89541408E-02,2.87223198E-02,2.84867808E-02,2.83108484E-02,2.81109493E-02,2.80247126E-02,2.78607514E-02,2.76965443E-02,2.75161751E-02,2.73527540E-02,2.71567293E-02,2.69415919E-02,2.67908480E-02,2.65224446E-02,2.62480192E-02,2.59608310E-02,2.57294439E-02,2.54737344E-02,2.51985528E-02,2.48664860E-02,2.45262440E-02,2.39998735E-02,2.34458968E-02,2.25096513E-02,2.14572977E-02,2.00326536E-02,1.84008945E-02,1.65867619E-02,1.46211730E-02,1.26049602E-02,1.07176909E-02,9.01722442E-03,7.33927591E-03,6.01931335E-03,4.90452256E-03,3.97089450E-03,3.20449658E-03,2.58867466E-03,2.11114530E-03,1.67384348E-03,1.38460984E-03,1.13952335E-03,9.37648059E-04,7.73146458E-04,6.44182554E-04,5.37732558E-04,4.56134294E-04,3.94040893E-04,3.40939383E-04,2.84197769E-04,2.48926546E-04,2.20375237E-04,2.02845171E-04,1.72892833E-04,1.51167143E-04,1.37576892E-04,1.26144689E-04,1.21164194E-04,1.05537292E-04,8.67104827E-05,8.50825163E-05,8.30305726E-05,7.43338460E-05,7.75861190E-05,7.18642259E-05,6.81521851E-05,6.18683480E-05,6.97176729E-05,5.95766469E-05,5.27761003E-05,6.92465037E-05,5.07414225E-05,5.92550387E-05,4.83325457E-05,5.41640256E-05,4.85089622E-05,6.48361238E-05,6.97445139E-05,5.30268808E-05,5.05383214E-05,4.83497497E-05,6.13411248E-05,6.39397840E-05,6.22272710E-05,5.07266741E-05,6.07069851E-05,5.83538676E-05,4.86271274E-05,3.73515431E-05,7.45820507E-05,6.43062449E-05,6.90286033E-05,6.01461725E-05,4.17167175E-05,3.77101424E-05,2.79967026E-05,3.61627062E-05,2.14097145E-05,4.88453661E-05,3.02143671E-05,4.03046652E-05,3.70522830E-05,4.38293027E-05,3.03060169E-05,1.87440692E-05,9.86765826E-06,1.18438065E-05,-3.97E-06,3.08569361E-05,2.49883233E-05,2.65155522E-05,1.82986896E-05,2.22380550E-05,3.04951336E-05,1.14815509E-06,2.36960474E-07,4.70835548E-05,1.68435126E-05,3.30044095E-05,2.75187158E-05,1.53819674E-05,3.97834119E-05,1.80308725E-05,-1.47E-05,3.79467974E-06,2.69573593E-05,8.59148622E-06,-2.15E-06,2.81576195E-06,-2.25E-05,9.11194093E-06,4.91737264E-05,-2.78E-05,6.01922329E-06,2.02109022E-05,2.82533279E-06,1.27908661E-05,-2.11E-06,3.73493521E-07,1.51368313E-05,1.66939299E-05,INT SYNC:059.94[Hz],DOUBLE FRAME,NORMAL,STANDARD DARK,TWO,CIE1931 (2°),1°,100,0.33333333,0.33333333,NONE,1,600601,1901472,OFF,TRUE,2024/03/25,16:45:40,OK00,----,----,----,CS-3000HDR,3001075,1.00.0008
24,7.00833824E+02,4.06483753E+02,1.81695972E+01,4.06483753E+02,0.62269375,0.36116249,0.40909082,0.5338637,----,----,602.267746,95.2797328,169.128118,158.879187,205.908535,1.40770334E+00,596,-2.33E-06,1.33317435E-05,4.45929800E-06,-1.48E-06,3.53346479E-07,1.46358923E-06,-2.59E-06,3.43472470E-06,-4.12E-06,6.57985493E-06,-3.51E-06,9.60975740E-07,-1.61E-07,5.24000234E-06,1.71380889E-05,-4.94E-08,-9.59E-06,-2.78E-06,6.40420922E-07,3.92855100E-06,-6.80E-06,-6.46E-06,-5.90E-06,-1.45E-06,6.23125061E-06,6.06703043E-06,3.04836817E-06,1.79244637E-06,-7.59E-07,4.25951384E-06,-1.10E-06,1.34354491E-06,-2.65E-06,1.27391900E-06,-1.34E-06,3.40944240E-07,-4.91E-07,-7.71E-07,-5.54E-06,7.01226963E-06,-3.33E-06,-1.24E-06,3.01557520E-06,1.12956386E-05,2.88849992E-06,-1.80E-06,4.07256493E-06,6.97716445E-08,-3.00E-06,-2.49E-06,6.06646665E-07,4.82083897E-06,1.16684430E-06,-2.08E-06,8.18614524E-07,-3.39E-06,2.30507408E-06,6.18182912E-06,4.90031516E-06,2.09676659E-06,6.07445327E-06,1.25169827E-05,1.95543853E-05,2.67642408E-05,4.33795431E-05,6.17517944E-05,7.72229687E-05,1.16538744E-04,1.49413681E-04,1.85853976E-04,2.26436474E-04,2.57293927E-04,3.14991776E-04,3.46552464E-04,3.86747153E-04,4.24223428E-04,4.56333481E-04,4.85304976E-04,5.02063252E-04,5.16912958E-04,5.12796280E-04,4.96529043E-04,4.87647572E-04,4.83750191E-04,4.73603402E-04,4.85547498E-04,4.92626859E-04,5.04620548E-04,5.17907436E-04,5.25939628E-04,5.49185672E-04,5.55335311E-04,5.51002158E-04,5.45149669E-04,5.34164836E-04,5.07912890E-04,4.93554748E-04,4.69464023E-04,4.46302176E-04,4.28476080E-04,4.18963318E-04,4.17571224E-04,4.26797022E-04,4.28217289E-04,4.38414485E-04,4.32480709E-04,4.32605942E-04,4.30934830E-04,4.12323396E-04,3.91344656E-04,3.72706068E-04,3.59284546E-04,3.42997926E-04,3.22395499E-04,3.06406611E-04,2.92828248E-04,2.92907382E-04,2.85722985E-04,2.84587266E-04,2.83334870E-04,2.73398939E-04,2.56751926E-04,2.43062168E-04,2.33724029E-04,2.15304128E-04,2.02012583E-04,1.92999069E-04,1.86059799E-04,1.89184313E-04,1.74677712E-04,1.70698564E-04,1.68087063E-04,1.68362603E-04,1.65662161E-04,1.56297290E-04,1.58736264E-04,1.60638039E-04,1.54992944E-04,1.58836512E-04,1.53232337E-04,1.50253021E-04,1.52909663E-04,1.50937136E-04,1.52091729E-04,1.57757473E-04,1.60724929E-04,1.63033052E-04,1.66635538E-04,1.73297653E-04,1.79770112E-04,1.90129911E-04,2.00360722E-04,2.13150561E-04,2.26733187E-04,2.43011251E-04,2.51233258E-04,2.66140647E-04,2.80855806E-04,2.95610545E-04,3.13843921E-04,3.27658228E-04,3.45341366E-04,3.61944229E-04,3.79311939E-04,3.93220253E-04,3.99703044E-04,3.88347136E-04,3.70016496E-04,3.65678774E-04,3.65537824E-04,3.75000673E-04,3.80322454E-04,3.76948679E-04,3.72376991E-04,3.63913801E-04,3.52393137E-04,3.36213852E-04,3.23942164E-04,3.03822046E-04,2.97877676E-04,2.85843271E-04,2.79534084E-04,2.75701779E-04,2.77306361E-04,2.84251146E-04,2.97405961E-04,3.17238882E-04,3.50907445E-04,3.91705282E-04,4.55786183E-04,5.42122580E-04,6.67775050E-04,8.47798074E-04,1.07707852E-03,1.37280056E-03,1.75314525E-03,2.22311285E-03,2.83279899E-03,3.55305523E-03,4.43457253E-03,5.43920510E-03,6.60405029E-03,8.00037757E-03,9.45106614E-03,1.09849507E-02,1.26000103E-02,1.41671207E-02,1.57119073E-02,1.72832180E-02,1.86962634E-02,1.99814159E-02,2.11463869E-02,2.20614169E-02,2.29047537E-02,2.35202275E-02,2.39392165E-02,2.41626296E-02,2.40751430E-02,2.39323154E-02,2.36059967E-02,2.32161991E-02,2.27344800E-02,2.22256165E-02,2.17062961E-02,2.11241972E-02,2.06076242E-02,2.00601015E-02,1.95155200E-02,1.89498346E-02,1.83858722E-02,1.78991742E-02,1.74331050E-02,1.69957224E-02,1.65912509E-02,1.62464511E-02,1.58967059E-02,1.55799920E-02,1.53041100E-02,1.50411837E-02,1.47877578E-02,1.45704374E-02,1.43736964E-02,1.42267859E-02,1.41434483E-02,1.40976729E-02,1.40813440E-02,1.40899252E-02,1.41122313E-02,1.41161559E-02,1.41097549E-02,1.41301947E-02,1.41060287E-02,1.41309528E-02,1.40590779E-02,1.40094627E-02,1.39399469E-02,1.38884978E-02,1.37695083E-02,1.37041267E-02,1.35787232E-02,1.35095194E-02,1.33781713E-02,1.32437348E-02,1.31059801E-02,1.29585816E-02,1.27793606E-02,1.26242209E-02,1.24702165E-02,1.23054124E-02,1.21356668E-02,1.19562307E-02,1.18124261E-02,1.15931956E-02,1.14346277E-02,1.12582790E-02,1.10824592E-02,1.08975917E-02,1.07411528E-02,1.05515989E-02,1.04053300E-02,1.02123329E-02,9.98870935E-03,9.68285557E-03,9.33925528E-03,8.84418655E-03,8.29016417E-03,7.58449500E-03,6.80109905E-03,5.98958926E-03,5.17399097E-03,4.39908775E-03,3.69576714E-03,2.99250032E-03,2.46880134E-03,2.00346648E-03,1.61517470E-03,1.29669311E-03,1.04885234E-03,8.55533988E-04,6.77609351E-04,5.50610013E-04,4.50315187E-04,3.73267278E-04,3.08842456E-04,2.55513034E-04,2.14895292E-04,1.85340090E-04,1.52721332E-04,1.29327265E-04,1.11441710E-04,1.01116078E-04,9.01475141E-05,7.58911847E-05,6.85785562E-05,5.83134570E-05,5.43661408E-05,5.19597343E-05,5.13759187E-05,4.22973026E-05,3.78178192E-05,3.45763401E-05,2.91206725E-05,4.01547550E-05,3.13248092E-05,3.12634911E-05,3.12626180E-05,3.43223801E-05,3.21020234E-05,3.81878417E-05,2.42764945E-05,3.37679739E-05,3.18227212E-05,3.50833361E-05,2.81809644E-05,2.80575914E-05,3.63327636E-05,3.05706963E-05,2.56224503E-05,2.54856059E-05,3.14456920E-05,3.45382396E-05,3.13347482E-05,3.17864979E-05,3.70188827E-05,3.22715787E-05,2.81515877E-05,3.21230618E-05,2.56091171E-05,3.25384935E-05,3.78128316E-05,3.04725927E-05,3.53151590E-05,3.54528129E-05,3.29776121E-05,2.29381585E-05,2.48222932E-05,2.03182717E-05,2.46982672E-05,2.48342058E-05,2.18067853E-05,1.41333658E-05,1.77877555E-05,2.11496754E-05,1.18033176E-05,2.13734329E-05,1.30450990E-05,2.02789179E-05,8.34581624E-06,1.94445256E-05,5.33928824E-06,-5.95E-06,1.58551102E-05,2.00431532E-05,8.58392013E-06,2.43561931E-06,3.17860008E-06,7.34377011E-07,8.85774625E-06,1.48854333E-05,2.25783751E-05,2.31333124E-05,8.44531860E-06,1.30856761E-05,9.04402714E-06,1.52815403E-06,-1.43E-05,-4.25E-06,4.54792286E-07,2.09235241E-05,5.03013143E-06,3.44829568E-05,-5.49E-06,1.42829267E-05,-9.93E-06,8.76684499E-06,1.56395308E-05,-6.72E-06,-2.46E-06,1.43765474E-05,3.57814934E-05,1.60246636E-05,INT SYNC:059.94[Hz],DOUBLE FRAME,NORMAL,STANDARD DARK,TWO,CIE1931 (2°),1°,100,0.33333333,0.33333333,NONE,1,1234568,3164862,OFF,TRUE,2024/03/25,16:45:45,OK00,----,----,----,CS-3000HDR,3001075,1.00.0008
25,1.49693141E+03,8.42268815E+02,4.37973720E+00,8.42268815E+02,0.63873707,0.3593941,0.42333725,0.53594204,----,----,602.981222,99.5637492,220.016064,214.953976,336.425834,3.01253017E+00,596,-5.95E-07,-1.94E-05,4.71304429E-06,1.70394433E-05,-2.04E-07,-1.82E-05,-3.48E-06,-2.01E-06,1.82206495E-05,6.17303704E-06,-5.05E-06,9.16781119E-06,3.89474906E-07,-2.08E-06,-6.82E-06,9.56029089E-06,-2.62E-07,1.89863442E-07,1.34065124E-06,-6.13E-06,-7.98E-06,7.11111397E-06,6.46431459E-08,1.82858139E-06,3.07198025E-06,1.36685094E-05,-7.70E-06,7.75731496E-06,2.56241947E-06,6.18067179E-06,1.44389951E-05,1.23409945E-05,1.61911885E-06,-6.00E-06,-3.58E-07,9.19606373E-06,-1.62E-06,-9.44E-06,-1.09E-05,-1.53E-06,-2.88E-06,8.70287931E-06,3.74421560E-08,-6.47E-07,4.36103363E-07,-4.60E-06,-5.01E-06,-3.92E-06,-2.04E-06,-2.20E-06,-7.87E-06,2.44761236E-06,3.11532654E-06,1.15701177E-05,9.12370012E-07,4.51642154E-06,1.06092957E-05,-7.83E-06,1.04977789E-06,2.99386397E-06,9.76254796E-06,4.50662401E-06,1.50988262E-05,-3.88E-06,1.72766722E-05,1.54523605E-05,1.95207849E-05,4.01649195E-05,4.67404134E-05,5.14376043E-05,4.55093541E-05,6.98835647E-05,6.68221401E-05,8.47209740E-05,8.72071760E-05,9.13311014E-05,1.04964478E-04,9.67371525E-05,1.09445151E-04,1.10518406E-04,9.27333967E-05,9.74343129E-05,9.64964274E-05,9.81285120E-05,8.94870973E-05,6.68104913E-05,7.58545066E-05,7.21417600E-05,6.97239011E-05,7.46568621E-05,7.40522228E-05,8.31038124E-05,7.14494454E-05,7.17149596E-05,7.12682086E-05,6.85814375E-05,6.59759535E-05,6.31654257E-05,6.80584344E-05,7.01089957E-05,6.39535647E-05,5.41084919E-05,5.24573843E-05,6.25276953E-05,6.06165268E-05,5.74726328E-05,5.73023899E-05,7.55640358E-05,6.92228787E-05,6.37833728E-05,7.12022520E-05,8.11154168E-05,8.27649565E-05,8.95214762E-05,8.42248701E-05,9.02023312E-05,8.99017978E-05,1.00646015E-04,1.13499125E-04,1.12298309E-04,1.16143616E-04,1.17285570E-04,1.16639138E-04,1.14256938E-04,1.02083628E-04,1.07912332E-04,1.04382685E-04,9.99533222E-05,1.06502142E-04,8.91274249E-05,9.18938240E-05,9.19924860E-05,8.58625717E-05,8.73954559E-05,8.83306930E-05,7.93082581E-05,8.21973663E-05,7.44508288E-05,7.62318014E-05,8.18197150E-05,8.05762538E-05,7.38200906E-05,7.34160058E-05,8.50697252E-05,7.76336165E-05,8.31992511E-05,7.61789997E-05,7.98697511E-05,8.65147813E-05,8.80565640E-05,1.02035367E-04,1.02549173E-04,1.18711578E-04,1.21584118E-04,1.25223829E-04,1.39046359E-04,1.51714310E-04,1.58680647E-04,1.65078847E-04,1.84450793E-04,1.84600853E-04,1.82431890E-04,1.94582564E-04,2.07941586E-04,2.11069593E-04,2.17161723E-04,2.06125347E-04,1.97041780E-04,1.83195196E-04,1.93966422E-04,2.03146919E-04,1.94737629E-04,1.96753113E-04,2.00578506E-04,1.99006521E-04,1.95572662E-04,1.85870682E-04,1.76534930E-04,1.70934203E-04,1.66181635E-04,1.68874627E-04,1.75391950E-04,1.76069545E-04,1.90055216E-04,2.07103236E-04,2.34225008E-04,2.75263505E-04,3.29693867E-04,4.11361834E-04,5.13455016E-04,6.78171578E-04,9.11762821E-04,1.23354956E-03,1.67144067E-03,2.22664396E-03,2.99103325E-03,3.95446923E-03,5.16874855E-03,6.69602863E-03,8.50366056E-03,1.06567591E-02,1.31232757E-02,1.60259232E-02,1.91217288E-02,2.24582963E-02,2.57728063E-02,2.91272029E-02,3.23814861E-02,3.57371159E-02,3.85789163E-02,4.11214903E-02,4.33078632E-02,4.49806303E-02,4.64692488E-02,4.73809950E-02,4.79917750E-02,4.82325703E-02,4.81911451E-02,4.78745624E-02,4.74268459E-02,4.68440391E-02,4.60319147E-02,4.53142487E-02,4.44291681E-02,4.36405726E-02,4.28785905E-02,4.22488265E-02,4.15711440E-02,4.09317985E-02,4.04373035E-02,3.99782620E-02,3.95307727E-02,3.89237851E-02,3.85147892E-02,3.81215475E-02,3.76845449E-02,3.72422114E-02,3.68531942E-02,3.63515355E-02,3.59249748E-02,3.54908220E-02,3.50112543E-02,3.46900262E-02,3.42732556E-02,3.39477398E-02,3.35860625E-02,3.32081839E-02,3.29393893E-02,3.25997733E-02,3.22742648E-02,3.19923274E-02,3.16913351E-02,3.13873738E-02,3.10661066E-02,3.07873394E-02,3.04283686E-02,3.00758891E-02,2.98001561E-02,2.95296945E-02,2.91079357E-02,2.89086848E-02,2.86009852E-02,2.84036156E-02,2.81745978E-02,2.81262919E-02,2.78811771E-02,2.77591925E-02,2.75834724E-02,2.74419803E-02,2.72981636E-02,2.70913094E-02,2.69123949E-02,2.66100746E-02,2.64019389E-02,2.62056757E-02,2.59370636E-02,2.56367102E-02,2.53910683E-02,2.49878354E-02,2.48195603E-02,2.44613141E-02,2.39109714E-02,2.33265162E-02,2.25113723E-02,2.13566944E-02,1.99177843E-02,1.83225460E-02,1.65178776E-02,1.45896245E-02,1.25801340E-02,1.07014552E-02,8.93487781E-03,7.33586540E-03,6.02293713E-03,4.88975365E-03,3.96679249E-03,3.21718538E-03,2.60644639E-03,2.10654247E-03,1.67783373E-03,1.36784324E-03,1.13007461E-03,9.19467886E-04,7.62802956E-04,6.44289772E-04,5.37787739E-04,4.70794388E-04,3.82953789E-04,3.32473253E-04,2.98055355E-04,2.53123406E-04,2.25689160E-04,2.03601187E-04,1.79912910E-04,1.51973232E-04,1.41282464E-04,1.17475072E-04,1.10141133E-04,1.10219575E-04,9.52518676E-05,8.61723747E-05,9.44088606E-05,8.35558894E-05,7.64279248E-05,7.50497056E-05,6.20499050E-05,6.18052582E-05,6.38030833E-05,5.87486429E-05,5.68307223E-05,5.94797893E-05,6.31380753E-05,5.99232917E-05,4.53372304E-05,6.35593242E-05,6.48556088E-05,5.36574444E-05,6.30128197E-05,7.49546089E-05,6.91593596E-05,4.97361361E-05,5.18568158E-05,6.51844603E-05,5.96443642E-05,5.57341336E-05,6.00250860E-05,4.19251737E-05,4.81736824E-05,5.04749623E-05,6.57898490E-05,6.18035920E-05,4.84676711E-05,5.66691051E-05,6.71070738E-05,4.36884184E-05,5.31915248E-05,2.47196822E-05,4.60840311E-05,2.52350255E-05,3.77863107E-05,3.21154730E-05,2.07640969E-05,3.29079012E-05,2.20988422E-05,5.50201003E-06,-5.71E-06,2.48873330E-05,1.04212013E-05,3.39560552E-06,2.65810504E-05,3.00105330E-05,2.94148213E-05,1.13907317E-05,4.67929931E-06,2.41927137E-05,4.02136538E-06,2.77272975E-05,2.49232871E-05,1.42717900E-05,-5.91E-07,3.02856438E-06,2.70499495E-05,1.39646363E-05,-1.43E-05,4.81848110E-06,4.85889404E-06,1.07812693E-05,1.26960977E-05,-6.28E-06,-3.57E-05,2.22249200E-05,3.99220007E-05,3.80099409E-05,1.35383962E-05,-2.35E-05,2.69222401E-05,-6.41E-06,-3.09E-05,-3.90E-05,1.30005246E-05,2.61125278E-05,INT SYNC:059.94[Hz],DOUBLE FRAME,NORMAL,STANDARD DARK,TWO,CIE1931 (2°),1°,100,0.33333333,0.33333333,NONE,1,600601,1923735,OFF,TRUE,2024/03/25,16:45:50,OK00,----,----,----,CS-3000HDR,3001075,1.00.0008
26,7.77381779E+02,4.46004527E+02,1.34959053E+01,4.46004527E+02,0.62850106,0.36058771,0.4141653,0.53463961,----,----,602.520238,96.8501524,174.943294,167.454061,226.624394,1.55337206E+00,597,1.25807628E-06,4.69054157E-06,6.45794626E-06,-3.42E-06,-4.48E-06,-5.45E-06,-1.61E-05,-9.23E-06,-2.89E-06,6.33435911E-06,-7.27E-07,1.18564685E-05,1.04870594E-07,-6.72E-06,-4.32E-06,5.87530576E-06,-1.39E-06,-1.11E-06,-2.42E-06,9.60753277E-06,-5.15E-07,-4.60E-06,-9.34E-06,2.88696265E-06,-3.49E-07,4.97836390E-06,3.39641133E-06,2.21353548E-06,-1.03E-06,2.72654529E-06,1.70740009E-06,-1.05E-05,1.87132628E-06,-4.69E-06,1.43245791E-06,-4.52E-06,1.37609698E-06,7.81830295E-06,-1.60E-06,-3.58E-06,-1.38E-06,-7.64E-07,2.82749340E-07,-6.65E-06,-6.09E-06,1.49482594E-06,4.13930547E-06,-1.50E-06,-3.68E-06,4.85099872E-06,2.71499039E-06,8.67149623E-08,6.98005761E-06,-5.59E-07,4.41405928E-06,6.30463319E-06,5.43305623E-06,-1.71E-06,4.12588315E-06,-5.50E-07,2.18081163E-06,1.14360128E-05,8.02703016E-06,1.96197070E-05,3.29484428E-05,4.50422049E-05,6.09028648E-05,8.24795061E-05,1.11481750E-04,1.35899376E-04,1.67585298E-04,2.04309588E-04,2.32499980E-04,2.67871801E-04,2.99172854E-04,3.25418165E-04,3.48152942E-04,3.61672661E-04,3.72027804E-04,3.80030513E-04,3.77298536E-04,3.67042783E-04,3.66308843E-04,3.58183548E-04,3.58633872E-04,3.52825067E-04,3.62535386E-04,3.72163340E-04,3.74357362E-04,3.94472212E-04,3.95357609E-04,4.00624383E-04,3.95028648E-04,3.99392738E-04,3.87108099E-04,3.78634286E-04,3.58578109E-04,3.46129382E-04,3.21433006E-04,3.12880438E-04,3.06024944E-04,3.03160312E-04,3.03208450E-04,3.03472771E-04,3.14204080E-04,3.14288627E-04,3.20382387E-04,3.02856846E-04,2.90065305E-04,2.81880988E-04,2.69925018E-04,2.46026611E-04,2.36967680E-04,2.23361640E-04,2.13571344E-04,1.98671303E-04,2.00823139E-04,1.98449474E-04,1.94630338E-04,1.86836754E-04,1.90771563E-04,1.78058792E-04,1.65400052E-04,1.59934672E-04,1.46383682E-04,1.39901429E-04,1.32096902E-04,1.24977611E-04,1.23696431E-04,1.20870813E-04,1.16499104E-04,1.13318856E-04,1.12897709E-04,1.05860090E-04,1.03514794E-04,1.03890881E-04,1.02411097E-04,1.02231294E-04,1.00946934E-04,1.02207654E-04,1.05408420E-04,1.01538484E-04,9.86645246E-05,9.95473019E-05,1.02452308E-04,1.03491126E-04,1.05939733E-04,1.05056002E-04,1.09002343E-04,1.10663372E-04,1.21485980E-04,1.27727340E-04,1.36801405E-04,1.48876090E-04,1.59713280E-04,1.71718493E-04,1.76597154E-04,1.85783589E-04,1.96373003E-04,2.13053921E-04,2.29413985E-04,2.31097991E-04,2.40611393E-04,2.58679385E-04,2.63646303E-04,2.71850411E-04,2.64854782E-04,2.46576063E-04,2.42821654E-04,2.41989983E-04,2.52123224E-04,2.55806983E-04,2.52914615E-04,2.51972553E-04,2.45582924E-04,2.29891913E-04,2.21117371E-04,2.10752405E-04,2.04066891E-04,1.99007511E-04,1.93979678E-04,1.91940519E-04,1.92963184E-04,2.00097449E-04,2.00071241E-04,2.17161345E-04,2.45105970E-04,2.76899780E-04,3.26639711E-04,3.99026525E-04,4.86592122E-04,6.21339481E-04,8.22388800E-04,1.08505739E-03,1.40307122E-03,1.81563769E-03,2.34790822E-03,3.02629173E-03,3.83967161E-03,4.79565933E-03,5.92940254E-03,7.22764200E-03,8.73947795E-03,1.03817349E-02,1.20972376E-02,1.38566075E-02,1.55969895E-02,1.73254143E-02,1.90790743E-02,2.06215661E-02,2.20288765E-02,2.33027358E-02,2.43563484E-02,2.52623372E-02,2.58955192E-02,2.63822898E-02,2.66050957E-02,2.66651157E-02,2.64437739E-02,2.61534285E-02,2.57530455E-02,2.52492335E-02,2.47268826E-02,2.42058747E-02,2.36038510E-02,2.30441429E-02,2.24742256E-02,2.19093878E-02,2.13223789E-02,2.07053516E-02,2.01878548E-02,1.96830984E-02,1.91828813E-02,1.87381171E-02,1.83279384E-02,1.79318637E-02,1.75765175E-02,1.72645785E-02,1.69705469E-02,1.66602731E-02,1.64081790E-02,1.61934812E-02,1.59996282E-02,1.59019232E-02,1.57983117E-02,1.57416984E-02,1.57383643E-02,1.57420635E-02,1.57434680E-02,1.57519337E-02,1.57053210E-02,1.56938657E-02,1.56888179E-02,1.56063670E-02,1.56068765E-02,1.54940737E-02,1.54320570E-02,1.53388958E-02,1.52677987E-02,1.51313897E-02,1.50366602E-02,1.49051249E-02,1.47572057E-02,1.46130444E-02,1.44893965E-02,1.43040176E-02,1.41593572E-02,1.39982868E-02,1.38385668E-02,1.36936884E-02,1.34661589E-02,1.32517237E-02,1.30920606E-02,1.28972456E-02,1.27159338E-02,1.24946833E-02,1.23108635E-02,1.21025443E-02,1.19013125E-02,1.17173698E-02,1.14749251E-02,1.12170288E-02,1.08807161E-02,1.05078956E-02,9.99451056E-03,9.27147176E-03,8.51832237E-03,7.67152710E-03,6.72208425E-03,5.84053900E-03,4.97569423E-03,4.14615171E-03,3.37000238E-03,2.75914976E-03,2.24086223E-03,1.82189909E-03,1.46755879E-03,1.17470720E-03,9.46904533E-04,7.60303752E-04,6.19988190E-04,5.06218872E-04,4.23238671E-04,3.44689994E-04,2.88760348E-04,2.46401934E-04,2.09854290E-04,1.75613619E-04,1.51063403E-04,1.25549443E-04,1.09404493E-04,1.00412435E-04,9.33832562E-05,7.88529505E-05,7.24738711E-05,6.50897637E-05,5.90566051E-05,5.31508522E-05,5.08449666E-05,4.97612200E-05,4.50495427E-05,3.49005604E-05,4.66555539E-05,3.27518901E-05,3.15658690E-05,3.60188642E-05,3.70188245E-05,3.85722415E-05,2.97181214E-05,3.29996765E-05,3.44294967E-05,3.19828650E-05,3.02949702E-05,3.18774291E-05,3.30455041E-05,3.79040976E-05,2.63125894E-05,4.08828964E-05,4.45281948E-05,3.40285987E-05,3.62789142E-05,3.89224915E-05,3.68394030E-05,4.28530584E-05,3.25720357E-05,3.66906934E-05,4.10570246E-05,3.66811146E-05,3.63208819E-05,4.76829155E-05,3.24442772E-05,3.54184849E-05,4.54869223E-05,3.63238796E-05,3.78908771E-05,3.52331735E-05,2.20078473E-05,8.57959731E-06,1.62965280E-05,2.50548874E-05,1.64802968E-05,2.07771773E-05,2.58772234E-05,1.85457029E-05,1.32504429E-05,1.60448653E-05,1.78025093E-05,4.73686987E-06,1.05441732E-05,5.70419297E-06,8.30466070E-06,2.17884317E-05,2.02233477E-05,8.98755934E-06,1.98593516E-05,7.14733960E-06,9.96837207E-06,1.13302440E-05,-1.22E-05,2.31290687E-06,1.32092891E-05,5.33504544E-06,2.12653987E-07,8.98424059E-06,1.27906442E-05,1.73033786E-05,1.17080808E-05,1.90284845E-05,1.27158928E-05,-9.69E-06,1.28822576E-05,2.36090054E-05,1.73792232E-05,2.33616902E-05,1.96748570E-05,1.88426438E-05,-1.15E-05,-1.51E-05,9.53165727E-06,-3.72E-06,-1.79E-05,INT SYNC:059.94[Hz],DOUBLE FRAME,NORMAL,STANDARD DARK,TWO,CIE1931 (2°),1°,100,0.33333333,0.33333333,NONE,1,1134468,2964266,OFF,TRUE,2024/03/25,16:45:54,OK00,----,----,----,CS-3000HDR,3001075,1.00.0008
27,1.49548571E+03,8.40337357E+02,4.26876594E+00,8.40337357E+02,0.63907138,0.35910444,0.42384989,0.53587808,----,----,603.052785,99.5767315,219.835518,215.335366,336.715065,3.00811254E+00,596,-1.71E-05,-1.99E-05,-1.46E-05,2.04395383E-06,3.42039239E-05,1.84903474E-05,8.33678951E-06,5.91815524E-06,1.51406575E-05,7.73775628E-06,-5.47E-06,9.30154147E-06,6.96308325E-06,1.38941687E-06,6.57478631E-06,-2.09E-05,-5.80E-06,-3.09E-06,1.93493270E-05,5.37959477E-06,8.93734250E-06,1.32971472E-05,-5.87E-06,-8.60E-07,1.53225101E-05,1.79290328E-05,-1.32E-05,-3.76E-06,7.10947688E-06,3.50141295E-06,-3.60E-07,-1.93E-07,1.84984165E-05,9.65634740E-07,1.29774917E-05,-3.58E-06,6.95947028E-06,3.52434631E-06,1.99802480E-06,2.29438555E-07,2.97455017E-06,4.29145575E-06,-6.43E-06,-7.73E-06,-2.93E-06,-9.64E-07,-1.73E-06,-7.16E-06,3.63353342E-06,4.94477808E-06,1.40645061E-05,-1.85E-06,1.61045011E-06,-3.09E-06,-1.08E-05,3.15934955E-07,-2.80E-06,1.18648586E-05,5.86144506E-06,6.82885275E-06,7.56278666E-08,3.72691875E-06,1.00547886E-05,8.68725874E-06,1.35237133E-05,1.07187070E-05,1.93073574E-05,3.55341399E-05,4.66232741E-05,4.88378391E-05,6.27756599E-05,6.67904751E-05,7.39703464E-05,7.93596482E-05,8.12888175E-05,1.04442552E-04,9.86035011E-05,1.08354507E-04,1.13153328E-04,1.00731399E-04,1.03030296E-04,9.98735341E-05,8.34728271E-05,9.09535083E-05,7.96226595E-05,8.03807197E-05,7.79525726E-05,8.06947646E-05,6.49862850E-05,7.26262297E-05,7.30302781E-05,8.33123195E-05,7.48352613E-05,7.43087439E-05,5.93140576E-05,7.24232086E-05,7.19197778E-05,6.94299306E-05,6.11300275E-05,6.12559961E-05,5.42910202E-05,5.88074145E-05,6.50564616E-05,5.34476421E-05,4.66541314E-05,5.39359353E-05,5.69504991E-05,5.89560696E-05,6.31879520E-05,6.97047362E-05,6.30269933E-05,6.24860986E-05,6.50338916E-05,7.47201484E-05,8.12797298E-05,8.46811963E-05,8.46632538E-05,8.91800300E-05,7.98227338E-05,9.56188014E-05,8.91687741E-05,9.01278618E-05,7.73979409E-05,8.04567899E-05,8.21453723E-05,7.79032707E-05,7.69789840E-05,7.87897807E-05,6.58668723E-05,7.48494203E-05,7.71853738E-05,6.70541558E-05,6.43027088E-05,5.81711975E-05,5.97710568E-05,6.05170935E-05,6.64519539E-05,6.22323496E-05,6.42080122E-05,6.47469860E-05,6.16391771E-05,5.54499929E-05,5.88962503E-05,5.98161205E-05,6.20866122E-05,6.11516662E-05,6.15961035E-05,6.78163924E-05,6.86453786E-05,6.54694086E-05,7.19961245E-05,8.23387163E-05,8.91538511E-05,8.68197094E-05,1.02011203E-04,9.96526433E-05,1.16147196E-04,1.14853792E-04,1.35225302E-04,1.32498710E-04,1.37180497E-04,1.47458893E-04,1.49194602E-04,1.57537332E-04,1.58090508E-04,1.61453761E-04,1.58330178E-04,1.48484949E-04,1.57574599E-04,1.49287327E-04,1.50519030E-04,1.50644992E-04,1.55132104E-04,1.51813729E-04,1.52742330E-04,1.45702856E-04,1.46723702E-04,1.43019264E-04,1.28088403E-04,1.40618344E-04,1.39398820E-04,1.35826864E-04,1.52695357E-04,1.63100471E-04,1.80917385E-04,2.03527350E-04,2.39016546E-04,3.09202936E-04,3.90795438E-04,4.90375911E-04,6.50389062E-04,8.95205420E-04,1.20172766E-03,1.63549930E-03,2.21065362E-03,2.94985040E-03,3.89833329E-03,5.14765782E-03,6.66881260E-03,8.46806075E-03,1.06255580E-02,1.30697144E-02,1.60160009E-02,1.90766286E-02,2.23639887E-02,2.57152431E-02,2.91170534E-02,3.23627628E-02,3.56117114E-02,3.85873728E-02,4.11404409E-02,4.33225669E-02,4.49823700E-02,4.64544892E-02,4.74608950E-02,4.80044521E-02,4.82617952E-02,4.82191481E-02,4.78987284E-02,4.73928377E-02,4.67452332E-02,4.60418500E-02,4.52698693E-02,4.44276147E-02,4.36454676E-02,4.28496972E-02,4.22265604E-02,4.15715240E-02,4.09584157E-02,4.04384062E-02,3.98902670E-02,3.94261405E-02,3.89123634E-02,3.84392627E-02,3.80635560E-02,3.76355574E-02,3.71825770E-02,3.68116535E-02,3.63890678E-02,3.59101668E-02,3.54317203E-02,3.50773744E-02,3.46570387E-02,3.42662632E-02,3.38842012E-02,3.35532576E-02,3.32899131E-02,3.28746699E-02,3.25957984E-02,3.23101953E-02,3.20130102E-02,3.16833220E-02,3.13095711E-02,3.11537385E-02,3.08059286E-02,3.04412730E-02,3.01050562E-02,2.97169760E-02,2.93653030E-02,2.91354209E-02,2.88450141E-02,2.86003705E-02,2.83446629E-02,2.81591378E-02,2.81286780E-02,2.78804824E-02,2.77024005E-02,2.76032053E-02,2.74645984E-02,2.72430386E-02,2.70398520E-02,2.68268939E-02,2.66529564E-02,2.63594743E-02,2.61127986E-02,2.59181373E-02,2.55837329E-02,2.53772363E-02,2.50618346E-02,2.46365424E-02,2.43811700E-02,2.39192154E-02,2.33087447E-02,2.25045998E-02,2.13278364E-02,1.98966544E-02,1.83039885E-02,1.65254530E-02,1.45274531E-02,1.26098972E-02,1.07330326E-02,8.94529838E-03,7.29980646E-03,6.00439403E-03,4.87679057E-03,3.96638922E-03,3.21214949E-03,2.59419833E-03,2.09549838E-03,1.69818581E-03,1.37961039E-03,1.11954752E-03,9.29713482E-04,7.66172365E-04,6.51003269E-04,5.35892905E-04,4.74102882E-04,3.90341593E-04,3.38284764E-04,2.99686333E-04,2.52631085E-04,2.19807465E-04,1.96705369E-04,1.86806486E-04,1.65259160E-04,1.42303354E-04,1.19152544E-04,1.24469778E-04,1.07827393E-04,9.84697399E-05,1.01323298E-04,7.55631409E-05,6.86247586E-05,6.39016434E-05,6.69987276E-05,5.57959356E-05,6.07755719E-05,6.41706210E-05,5.49445285E-05,4.79625523E-05,6.44000829E-05,5.70149714E-05,5.56611594E-05,5.14980056E-05,5.94233861E-05,5.98222687E-05,4.41386546E-05,6.31882431E-05,5.39108914E-05,7.64618308E-05,5.34772516E-05,5.23582712E-05,5.86832321E-05,5.95025849E-05,4.69703446E-05,3.03763973E-05,6.39080317E-05,7.67901147E-05,6.12664444E-05,5.34104583E-05,5.74304031E-05,5.90624404E-05,6.18561535E-05,5.51988087E-05,3.54411495E-05,4.51533451E-05,6.26519832E-05,3.99750352E-05,4.24926693E-05,3.42966123E-05,3.40420011E-05,1.78893533E-05,1.77876154E-05,2.58829696E-05,2.79930373E-05,3.19594001E-05,5.03845913E-05,1.83037428E-05,2.12329560E-05,3.27567941E-05,1.13742490E-05,4.31593890E-06,2.21023056E-05,9.49212608E-06,9.28614099E-06,1.13755514E-05,5.39917346E-06,1.28467518E-05,2.36166998E-05,2.80023432E-05,6.14769579E-06,2.80468362E-06,1.59674382E-05,5.35833460E-05,4.42984856E-05,-9.89E-06,3.48032518E-06,3.97052327E-06,-2.05E-05,-5.91E-08,9.71229474E-06,5.19479872E-05,1.15093762E-05,-5.73E-06,1.45479307E-05,8.95403537E-06,-2.23E-05,-5.01E-06,-1.78E-05,-4.82E-05,1.43782336E-06,INT SYNC:059.94[Hz],DOUBLE FRAME,NORMAL,STANDARD DARK,TWO,CIE1931 (2°),1°,100,0.33333333,0.33333333,NONE,1,600601,1898123,OFF,TRUE,2024/03/25,16:46:00,OK00,----,----,----,CS-3000HDR,3001075,1.00.0008
28,8.51459031E+02,4.85917016E+02,1.18014130E+01,4.85917016E+02,0.63109491,0.36015797,0.41658452,0.53491404,----,----,602.668126,97.499405,180.477139,174.113072,240.652409,1.69886527E+00,597,-4.74E-07,6.06418041E-07,4.95616951E-06,1.61175399E-06,7.06230367E-07,1.33919657E-05,8.59126521E-06,-9.67E-06,-1.87E-07,3.78665050E-06,5.17366243E-06,-1.50E-05,-3.64E-06,1.14427041E-06,2.08454890E-06,2.36637948E-06,2.63128845E-06,-3.44E-06,-9.37E-06,-9.65E-06,1.81793484E-06,-4.43E-07,-1.34E-05,2.27460964E-06,-8.24E-06,-1.65E-07,-2.17E-06,-4.86E-06,-2.04E-06,7.48830359E-07,1.32012310E-05,-8.79E-06,4.64446430E-06,2.55912300E-06,-3.55E-06,-2.82E-06,3.32267632E-06,3.10799351E-06,-1.76E-06,-8.45E-07,3.82046835E-07,9.68591849E-07,7.92478772E-07,-3.52E-06,-5.51E-09,2.61504081E-08,9.50418269E-07,-1.45E-06,-1.44E-06,5.33212460E-06,-4.04E-06,1.36875735E-06,-8.32E-06,-1.56E-06,4.46519925E-06,-3.82E-06,2.46668378E-06,-4.24E-06,2.34871573E-06,2.34884487E-06,1.08166741E-05,6.72337683E-06,1.53764995E-05,1.99996975E-05,3.28756214E-05,3.78487530E-05,5.46543561E-05,7.83736978E-05,1.07513966E-04,1.21435070E-04,1.47725208E-04,1.75049456E-04,2.12427258E-04,2.32171762E-04,2.58968445E-04,2.81222048E-04,3.05659021E-04,3.25934554E-04,3.32849915E-04,3.35495308E-04,3.39755323E-04,3.23221349E-04,3.12752789E-04,3.08576768E-04,3.03432811E-04,3.10787902E-04,3.17823113E-04,3.24719731E-04,3.29468108E-04,3.39407794E-04,3.45725013E-04,3.48693022E-04,3.46119399E-04,3.43942724E-04,3.32228228E-04,3.27890739E-04,3.08026967E-04,2.83998350E-04,2.79896951E-04,2.70110235E-04,2.60532921E-04,2.48108467E-04,2.64077389E-04,2.63091380E-04,2.68771459E-04,2.73778627E-04,2.60583300E-04,2.62638787E-04,2.49123696E-04,2.39000568E-04,2.20167931E-04,2.08948230E-04,1.96569556E-04,1.82129617E-04,1.70319210E-04,1.62253724E-04,1.64213343E-04,1.60708703E-04,1.59987365E-04,1.51983142E-04,1.47917512E-04,1.36318806E-04,1.32342058E-04,1.24214581E-04,1.15060022E-04,1.10478752E-04,1.02001293E-04,1.02823622E-04,9.63323182E-05,9.28078807E-05,9.11522366E-05,8.87801725E-05,8.29082564E-05,8.44933238E-05,8.29460259E-05,7.64855795E-05,7.48935636E-05,7.73159627E-05,7.51932166E-05,7.71061241E-05,7.83189316E-05,7.45681100E-05,7.38347007E-05,7.43398487E-05,7.82650532E-05,8.15874664E-05,7.87794561E-05,8.00964626E-05,8.40389985E-05,8.89346047E-05,9.05135312E-05,9.73283895E-05,1.12192101E-04,1.16393858E-04,1.21163037E-04,1.30994405E-04,1.41051714E-04,1.50946144E-04,1.58100316E-04,1.63841687E-04,1.72536922E-04,1.86066187E-04,1.87372367E-04,1.95686560E-04,2.01242161E-04,2.09234262E-04,2.09344566E-04,1.91691317E-04,1.89065773E-04,1.93159241E-04,1.97104411E-04,1.94806154E-04,1.93321757E-04,1.93771470E-04,1.94700056E-04,1.84112971E-04,1.70046682E-04,1.66840415E-04,1.63380420E-04,1.52902794E-04,1.49765227E-04,1.54477908E-04,1.56737369E-04,1.58550145E-04,1.69165141E-04,1.91763087E-04,2.13006686E-04,2.49906210E-04,3.02724104E-04,3.79787438E-04,4.84683638E-04,6.39409409E-04,8.38607550E-04,1.10889075E-03,1.48041302E-03,1.92694180E-03,2.50023324E-03,3.24758096E-03,4.14918456E-03,5.20869717E-03,6.45735720E-03,7.89031480E-03,9.54173040E-03,1.13385934E-02,1.32063963E-02,1.50788045E-02,1.70022454E-02,1.88929867E-02,2.07489226E-02,2.24492177E-02,2.40261126E-02,2.53579784E-02,2.64125206E-02,2.74721626E-02,2.81561576E-02,2.86711603E-02,2.89540701E-02,2.90028565E-02,2.88296212E-02,2.85050850E-02,2.81243250E-02,2.75917351E-02,2.70250514E-02,2.65086647E-02,2.59196274E-02,2.53675841E-02,2.47377828E-02,2.41513979E-02,2.35285647E-02,2.29145270E-02,2.23227255E-02,2.18138192E-02,2.12963540E-02,2.08353866E-02,2.03672480E-02,1.99312028E-02,1.95644833E-02,1.91915892E-02,1.88316032E-02,1.84857938E-02,1.82701536E-02,1.79234929E-02,1.77041870E-02,1.75374020E-02,1.74098723E-02,1.73521433E-02,1.73119437E-02,1.73063781E-02,1.72845945E-02,1.72714200E-02,1.72248352E-02,1.71574485E-02,1.72128305E-02,1.71025470E-02,1.70442816E-02,1.69664398E-02,1.68780833E-02,1.67568102E-02,1.66662224E-02,1.65475421E-02,1.64785646E-02,1.63236931E-02,1.61938518E-02,1.60646793E-02,1.59058813E-02,1.58004239E-02,1.56269781E-02,1.54586835E-02,1.53128989E-02,1.50502389E-02,1.49288708E-02,1.46943452E-02,1.44751286E-02,1.42649841E-02,1.40681751E-02,1.38701573E-02,1.36520397E-02,1.34451007E-02,1.31748999E-02,1.30041726E-02,1.27642406E-02,1.24615133E-02,1.21012665E-02,1.16367862E-02,1.10842986E-02,1.02645000E-02,9.43450630E-03,8.48062895E-03,7.45790685E-03,6.46732235E-03,5.47714438E-03,4.57805581E-03,3.74169881E-03,3.05900606E-03,2.47814157E-03,2.00206181E-03,1.61123357E-03,1.30878948E-03,1.05243269E-03,8.37918778E-04,6.87986263E-04,5.67905256E-04,4.63592529E-04,3.77906370E-04,3.22143984E-04,2.73734389E-04,2.29696132E-04,1.90306775E-04,1.64786048E-04,1.42819918E-04,1.24167185E-04,1.05848405E-04,9.43709238E-05,9.03522596E-05,8.13223087E-05,6.82387836E-05,6.36943223E-05,5.73177349E-05,5.32195118E-05,4.60431584E-05,4.39062969E-05,4.45305341E-05,3.75774471E-05,3.67487009E-05,4.06598665E-05,3.42542371E-05,3.61129787E-05,4.18046257E-05,3.46398119E-05,3.81256250E-05,3.08664930E-05,4.05682695E-05,3.81995524E-05,3.43475804E-05,3.54186159E-05,4.79677437E-05,4.12201189E-05,4.83997756E-05,4.53820176E-05,3.42008243E-05,3.26627160E-05,3.61978709E-05,3.96700743E-05,3.72836730E-05,3.40670740E-05,2.17183515E-05,2.69893735E-05,3.66488130E-05,3.21583175E-05,4.48932478E-05,3.66659551E-05,3.32782038E-05,4.06193139E-05,3.56381715E-05,3.50941300E-05,3.04728437E-05,3.82518774E-05,2.51643978E-05,2.82893252E-05,2.17270663E-05,2.26749817E-05,2.72381658E-05,3.10999785E-05,8.80929201E-06,3.08866765E-05,1.32772839E-05,9.86865780E-06,3.45848002E-06,5.86455099E-06,6.52188328E-06,1.49215357E-05,2.52963746E-05,2.75200164E-05,1.21339217E-05,8.24521703E-06,-1.86E-06,1.49103935E-05,-1.10E-05,5.51873245E-06,1.03351103E-05,-4.69E-06,1.81634623E-05,4.03897911E-06,9.30199803E-06,4.97207930E-06,-2.55E-06,2.63570637E-05,-5.14E-06,-8.04E-07,-1.16E-05,-5.48E-07,1.45655322E-05,-1.36E-05,3.86545025E-06,-1.44E-06,1.70684034E-05,1.84784562E-06,9.46142961E-07,6.27691134E-06,1.20609991E-06,1.61586740E-05,INT SYNC:059.94[Hz],DOUBLE FRAME,NORMAL,STANDARD DARK,TWO,CIE1931 (2°),1°,100,0.33333333,0.33333333,NONE,1,1034368,2762703,OFF,TRUE,2024/03/25,16:46:04,OK00,----,----,----,CS-3000HDR,3001075,1.00.0008
29,1.49465813E+03,8.39051016E+02,4.20234930E+00,8.39051016E+02,0.63931339,0.35888913,0.42422619,0.53582934,----,----,603.106604,99.5844279,219.715122,215.627042,336.87189,3.00598083E+00,596,1.95036569E-06,1.36509398E-05,-1.15E-05,1.06966554E-05,-1.69E-06,-1.39E-05,5.82276061E-06,1.33711592E-05,1.26904151E-05,9.89772161E-06,1.23319824E-05,-5.65E-06,-5.85E-06,1.73140529E-06,8.59604461E-06,-1.33E-05,4.39183759E-06,-1.70E-05,7.35661206E-06,-1.38E-05,-1.08E-05,8.81783762E-06,-9.90E-08,-2.79E-05,-1.33E-06,1.90185146E-05,-1.31E-05,3.43648162E-06,-7.70E-06,2.21801224E-06,9.50584217E-06,1.47963783E-06,7.04935383E-06,7.03923115E-06,-6.21E-07,-5.56E-06,-5.94E-06,9.50420940E-07,-5.80E-06,2.47946991E-06,-1.10E-06,8.17859291E-06,-1.33E-06,4.04756338E-06,4.70066834E-06,-8.42E-07,2.65677795E-06,1.27716453E-06,6.04167735E-06,6.82726159E-06,-6.26E-06,-4.22E-06,1.01448422E-05,7.44968338E-06,-9.83E-06,-6.52E-06,7.15819442E-06,6.53998632E-06,-3.04E-06,2.93929997E-06,-3.49E-07,-1.76E-07,6.04214483E-06,1.17443424E-05,7.96679615E-06,1.48798608E-05,1.51935465E-05,4.20621218E-05,4.38804236E-05,5.46504853E-05,5.80818269E-05,6.78558790E-05,7.70511760E-05,8.71131124E-05,9.72187918E-05,9.21754327E-05,1.05243300E-04,1.01856953E-04,9.93349749E-05,1.08389177E-04,1.06121479E-04,1.05751438E-04,8.83672546E-05,8.84218171E-05,7.67837773E-05,8.28741904E-05,7.24369020E-05,8.31636353E-05,7.49939645E-05,7.60391631E-05,7.97819230E-05,7.75747976E-05,7.05268394E-05,6.31963921E-05,7.28030718E-05,7.04917111E-05,6.59673460E-05,6.60062797E-05,6.70182126E-05,5.85529306E-05,6.03238695E-05,5.72332174E-05,6.03211120E-05,5.23576273E-05,5.31144215E-05,6.19455677E-05,5.94506346E-05,5.38393397E-05,5.19100213E-05,6.37909761E-05,6.02014079E-05,5.84364170E-05,6.19332277E-05,5.82618813E-05,6.84128900E-05,6.65151165E-05,5.89653355E-05,6.13922457E-05,7.11874527E-05,7.25693244E-05,7.19597083E-05,6.94925329E-05,6.37065314E-05,6.72017777E-05,5.82580433E-05,7.01860699E-05,7.06745632E-05,6.28029302E-05,6.25782704E-05,6.04418274E-05,5.31087644E-05,4.99470843E-05,4.98859736E-05,4.65422054E-05,5.37318883E-05,5.30398211E-05,5.07692239E-05,5.18311790E-05,5.25802025E-05,4.04711500E-05,4.67353893E-05,4.31354347E-05,4.74712397E-05,4.59582661E-05,4.89785016E-05,5.11953622E-05,5.35773106E-05,4.47199054E-05,6.14052333E-05,5.66108029E-05,5.12188744E-05,6.91895548E-05,7.02446923E-05,7.42905104E-05,7.61695701E-05,8.20859204E-05,7.94874431E-05,8.58388958E-05,1.05658102E-04,1.03516599E-04,1.02234750E-04,1.21601282E-04,1.26477127E-04,1.25176812E-04,1.30631626E-04,1.29552704E-04,1.36247298E-04,1.14283946E-04,1.18817770E-04,1.18371718E-04,1.27888299E-04,1.34844187E-04,1.27593754E-04,1.28947824E-04,1.25491570E-04,1.28495682E-04,1.16357660E-04,1.20548379E-04,1.13724993E-04,1.13678710E-04,1.13318667E-04,1.15391711E-04,1.25899882E-04,1.43126294E-04,1.60905169E-04,1.85490615E-04,2.33419996E-04,2.82355410E-04,3.55777243E-04,4.77209862E-04,6.35409437E-04,8.62715242E-04,1.18278374E-03,1.60983892E-03,2.18038610E-03,2.92993570E-03,3.89019656E-03,5.13050519E-03,6.63581258E-03,8.41631088E-03,1.05545884E-02,1.30232666E-02,1.59618966E-02,1.90711748E-02,2.23535132E-02,2.56777033E-02,2.90113986E-02,3.23769227E-02,3.56735699E-02,3.85053679E-02,4.11785468E-02,4.33435589E-02,4.49405760E-02,4.64769229E-02,4.73790579E-02,4.79950979E-02,4.82708514E-02,4.81767170E-02,4.78825234E-02,4.73763719E-02,4.67344485E-02,4.59788106E-02,4.52332459E-02,4.44570184E-02,4.36420105E-02,4.28925604E-02,4.21664193E-02,4.15639505E-02,4.09772731E-02,4.03286517E-02,3.99081297E-02,3.93891633E-02,3.89051214E-02,3.84632349E-02,3.81071568E-02,3.75818834E-02,3.71573195E-02,3.67989764E-02,3.63913998E-02,3.59236486E-02,3.55047509E-02,3.50018814E-02,3.46458070E-02,3.43430713E-02,3.38971317E-02,3.35255675E-02,3.32510360E-02,3.29285786E-02,3.25713083E-02,3.22088674E-02,3.19702625E-02,3.17242779E-02,3.14904824E-02,3.10732648E-02,3.07360850E-02,3.04535758E-02,3.01027279E-02,2.97728367E-02,2.94900164E-02,2.91305203E-02,2.88420916E-02,2.85934359E-02,2.84018163E-02,2.81877145E-02,2.80726478E-02,2.78317779E-02,2.77342796E-02,2.75898948E-02,2.74647120E-02,2.72353217E-02,2.70432625E-02,2.69076526E-02,2.65776608E-02,2.63893306E-02,2.61667874E-02,2.58467495E-02,2.56111864E-02,2.53916029E-02,2.50817873E-02,2.47145742E-02,2.43546553E-02,2.39860751E-02,2.33436543E-02,2.24392917E-02,2.13445798E-02,1.99663583E-02,1.82934348E-02,1.64701212E-02,1.45656373E-02,1.25787603E-02,1.07294749E-02,8.97800270E-03,7.31881754E-03,6.02931716E-03,4.91127186E-03,3.94355739E-03,3.20997881E-03,2.60479562E-03,2.10635667E-03,1.67834782E-03,1.36400154E-03,1.13560166E-03,9.37416626E-04,7.78693706E-04,6.49638183E-04,5.47243690E-04,4.39095485E-04,3.84768762E-04,3.29443137E-04,2.94936413E-04,2.46412645E-04,2.17369990E-04,1.99896225E-04,1.70032174E-04,1.57910428E-04,1.33214024E-04,1.22021069E-04,1.12579677E-04,1.03097162E-04,9.89644177E-05,8.38362248E-05,7.98880064E-05,7.67535385E-05,8.13415099E-05,7.61182964E-05,6.80260418E-05,6.96348507E-05,6.27563204E-05,4.11121728E-05,8.41016663E-05,5.54672879E-05,5.06462275E-05,5.03085030E-05,5.94506346E-05,5.58582760E-05,7.13247282E-05,4.82297910E-05,5.79658918E-05,4.81299285E-05,5.12177976E-05,4.74774315E-05,5.05195640E-05,5.46589326E-05,6.98774384E-05,6.43645253E-05,4.81617026E-05,6.64911859E-05,5.39568136E-05,6.75990668E-05,7.51488478E-05,6.64053150E-05,6.11598662E-05,6.63696992E-05,3.99364835E-05,5.81145323E-05,5.59468899E-05,4.97909095E-05,4.61321724E-05,3.02478820E-05,2.70545515E-05,3.16430196E-05,3.11298209E-05,1.78183400E-05,1.59071442E-05,6.39794689E-06,8.15134899E-06,1.81225259E-05,1.88684826E-05,1.68486495E-05,2.82384144E-06,7.42662587E-06,2.25762087E-05,3.81413047E-05,1.07683200E-05,-9.51E-07,5.23982499E-06,2.28442659E-05,5.84821919E-06,2.36398428E-05,2.11640090E-05,3.36915946E-05,1.90983701E-05,1.02317217E-05,1.00542093E-05,2.05577344E-05,9.14661177E-06,4.19855278E-05,1.94169243E-05,1.40550601E-05,2.74100444E-06,-1.63E-05,1.56076726E-06,5.16743739E-06,-3.42E-06,-9.36E-07,7.54522034E-06,-5.72E-06,2.12858936E-06,6.49434332E-06,2.95588161E-05,-4.98E-06,INT SYNC:059.94[Hz],DOUBLE FRAME,NORMAL,STANDARD DARK,TWO,CIE1931 (2°),1°,100,0.33333333,0.33333333,NONE,1,600601,1896116,OFF,TRUE,2024/03/25,16:46:09,OK00,----,----,----,CS-3000HDR,3001075,1.00.0008
30,9.42436422E+02,5.35185404E+02,9.95153046E+00,5.35185404E+02,0.63353946,0.35977076,0.41885728,0.53518112,----,----,602.801312,98.1166539,186.904997,181.547551,257.154652,1.87911563E+00,597,1.48276540E-05,-6.48E-06,-1.13E-05,-9.58E-06,-9.99E-06,3.15111015E-06,-1.02E-05,1.89855691E-05,9.61523347E-06,1.49097150E-05,1.23747179E-06,4.78346647E-06,-1.01E-05,-5.38E-06,-3.68E-06,6.98645317E-06,1.00928328E-05,4.72646389E-06,-9.87E-06,1.45114382E-06,4.59254079E-06,-5.43E-06,6.48923606E-06,-2.01E-06,4.08032520E-06,9.74375507E-06,1.33023752E-06,-5.14E-07,-6.56E-06,6.05247305E-06,-3.33E-07,4.48526544E-06,-8.48E-07,1.08248987E-05,-3.71E-06,6.83294002E-06,4.41272732E-06,1.31487377E-06,-3.84E-06,6.40149437E-06,3.06468041E-06,-4.95E-06,7.19856303E-07,-2.34E-06,-3.12E-06,-1.24E-06,-4.71E-06,-4.50E-06,6.01080319E-06,2.56797398E-06,-1.98E-06,-1.78E-06,4.46174727E-06,-3.32E-06,3.23805557E-06,5.81348604E-06,4.12858554E-07,-1.85E-06,2.92879781E-06,-4.61E-06,8.79394429E-06,1.00023344E-05,1.61817388E-05,1.42626586E-05,2.67849064E-05,3.33510034E-05,4.64715122E-05,6.71902599E-05,8.80255247E-05,1.08100692E-04,1.27578169E-04,1.49652638E-04,1.79899507E-04,2.04489683E-04,2.19776397E-04,2.50330486E-04,2.66977062E-04,2.75904109E-04,2.81393906E-04,2.83319125E-04,2.87419360E-04,2.67275318E-04,2.69485463E-04,2.61089299E-04,2.48691387E-04,2.56079278E-04,2.65196431E-04,2.70145538E-04,2.63377762E-04,2.77256011E-04,2.79499713E-04,2.90606462E-04,2.83061701E-04,2.87543167E-04,2.85708695E-04,2.57376145E-04,2.46815645E-04,2.36776410E-04,2.24287563E-04,2.12789586E-04,2.14090047E-04,2.14030981E-04,2.14397398E-04,2.15907319E-04,2.17478373E-04,2.20276619E-04,2.11762905E-04,2.12170300E-04,1.93100554E-04,1.94942128E-04,1.76149129E-04,1.64914614E-04,1.51631917E-04,1.41992539E-04,1.32412257E-04,1.26176659E-04,1.19749879E-04,1.15564246E-04,1.13962269E-04,1.14581715E-04,1.03910112E-04,1.02103622E-04,9.68014065E-05,8.97129576E-05,8.36532781E-05,8.18542758E-05,7.45898869E-05,7.38140807E-05,6.85722407E-05,7.06149658E-05,6.49247304E-05,6.30895811E-05,6.37495687E-05,5.85448943E-05,5.35525505E-05,5.68040923E-05,5.55299412E-05,5.44433024E-05,5.54966318E-05,4.99766647E-05,5.34472165E-05,5.48052558E-05,5.48263924E-05,5.17981389E-05,5.32329177E-05,5.72139579E-05,5.48820863E-05,5.20261128E-05,6.07335060E-05,5.37066262E-05,6.39569553E-05,7.05365310E-05,7.85239608E-05,7.89650221E-05,8.78645951E-05,9.26281282E-05,9.62197009E-05,1.07818589E-04,1.13451963E-04,1.21258105E-04,1.23253834E-04,1.30640736E-04,1.39406882E-04,1.41714001E-04,1.47575396E-04,1.44405160E-04,1.45997139E-04,1.39069467E-04,1.33991343E-04,1.37306764E-04,1.44674530E-04,1.47213650E-04,1.44859063E-04,1.39293785E-04,1.37701209E-04,1.36762770E-04,1.26043291E-04,1.29954962E-04,1.25521576E-04,1.17678588E-04,1.13605376E-04,1.19587610E-04,1.18597622E-04,1.35667389E-04,1.50467415E-04,1.59928532E-04,1.96829278E-04,2.35078871E-04,2.86868279E-04,3.69219983E-04,4.87287587E-04,6.44881860E-04,8.67687573E-04,1.17527880E-03,1.56458828E-03,2.06244271E-03,2.70749326E-03,3.54886334E-03,4.51337267E-03,5.69498073E-03,7.06010358E-03,8.64867494E-03,1.05134556E-02,1.24758221E-02,1.45398444E-02,1.66661311E-02,1.87749658E-02,2.08183229E-02,2.28688139E-02,2.47240569E-02,2.63806991E-02,2.78821364E-02,2.90421601E-02,3.01378388E-02,3.09165772E-02,3.14622559E-02,3.17182057E-02,3.17921713E-02,3.16835903E-02,3.13762836E-02,3.09317745E-02,3.03587746E-02,2.98500769E-02,2.92585511E-02,2.86135841E-02,2.80133132E-02,2.74083875E-02,2.68195048E-02,2.62248646E-02,2.55980752E-02,2.50302665E-02,2.44224072E-02,2.38818880E-02,2.33834293E-02,2.29257233E-02,2.24041212E-02,2.20358502E-02,2.16073319E-02,2.12245397E-02,2.08172295E-02,2.05128994E-02,2.01410092E-02,1.98531207E-02,1.96765251E-02,1.94908138E-02,1.93634592E-02,1.93391014E-02,1.92684084E-02,1.92176551E-02,1.91552117E-02,1.91318039E-02,1.91135649E-02,1.90723874E-02,1.89397484E-02,1.88452434E-02,1.87828615E-02,1.86768901E-02,1.85367223E-02,1.84558351E-02,1.83037594E-02,1.82201564E-02,1.80748776E-02,1.79523062E-02,1.78080183E-02,1.77139733E-02,1.75303482E-02,1.73801538E-02,1.71800610E-02,1.70047395E-02,1.68453753E-02,1.66551061E-02,1.63807888E-02,1.62033364E-02,1.60017218E-02,1.57752391E-02,1.55141205E-02,1.52846975E-02,1.50772268E-02,1.48095135E-02,1.45971188E-02,1.43050924E-02,1.39780920E-02,1.35862222E-02,1.30999228E-02,1.24180699E-02,1.15297651E-02,1.06141726E-02,9.54240281E-03,8.37171916E-03,7.22374953E-03,6.14579581E-03,5.14398329E-03,4.16098721E-03,3.40713933E-03,2.77181598E-03,2.24879268E-03,1.81454199E-03,1.45862577E-03,1.17329438E-03,9.46609769E-04,7.73002917E-04,6.31586707E-04,5.28297212E-04,4.29111387E-04,3.59538157E-04,3.04348679E-04,2.57697946E-04,2.12689149E-04,1.85259050E-04,1.59813557E-04,1.36100760E-04,1.19369608E-04,1.14477400E-04,9.96063100E-05,9.44641724E-05,7.94090447E-05,7.74874934E-05,6.55726835E-05,6.18174818E-05,6.29349961E-05,4.73828040E-05,5.38658351E-05,5.10621103E-05,5.01365139E-05,5.09582678E-05,5.33007806E-05,4.23314195E-05,3.02957887E-05,4.23742749E-05,4.21011209E-05,4.02085097E-05,3.72744107E-05,3.81352002E-05,4.19092830E-05,4.20883662E-05,4.38835668E-05,5.00728274E-05,4.44204888E-05,3.67033026E-05,4.67821010E-05,4.05537467E-05,4.78825932E-05,3.48632129E-05,3.65352207E-05,3.68657165E-05,3.91944668E-05,3.53406540E-05,4.04005332E-05,2.48847009E-05,4.69572806E-05,4.53974571E-05,4.84034499E-05,3.91839894E-05,4.43351637E-05,3.82692888E-05,2.88895098E-05,4.20561119E-05,3.11320509E-05,1.79356230E-05,2.63178990E-05,3.33158314E-05,2.62713093E-05,2.12601080E-05,1.73067310E-05,1.94919467E-05,1.47654300E-05,1.58936382E-05,1.50975366E-05,1.66141617E-05,4.75544175E-06,-4.83E-06,1.86787875E-05,2.09447444E-05,3.90668856E-06,1.18345943E-05,1.04766805E-05,-6.17E-06,8.58339627E-06,1.11458248E-05,1.15434368E-05,-6.70E-06,-6.49E-06,1.88554441E-06,1.43286825E-05,1.75619064E-07,1.21873436E-05,1.51646300E-05,-4.84E-06,9.52878565E-07,-1.41E-05,2.44866387E-05,4.20292381E-05,2.23948132E-06,1.41843739E-05,5.70101338E-06,3.46947309E-05,7.29282283E-06,-1.84E-05,-2.21E-05,1.26493806E-05,1.55871203E-05,INT SYNC:059.94[Hz],DOUBLE FRAME,NORMAL,STANDARD DARK,TWO,CIE1931 (2°),1°,100,0.33333333,0.33333333,NONE,1,934268,2562794,OFF,TRUE,2024/03/25,16:46:14,OK00,----,----,----,CS-3000HDR,3001075,1.00.0008
31,1.49351813E+03,8.38062854E+02,4.05384374E+00,8.38062854E+02,0.63944848,0.35881587,0.42439673,0.53582212,----,----,603.125898,99.6028832,219.622551,215.712845,337.541201,3.00277571E+00,596,-8.04E-06,1.79510462E-05,7.06329229E-06,-1.91E-05,1.08859758E-05,1.23345671E-05,-1.30E-06,-1.69E-05,5.48364483E-07,-3.94E-06,-1.29E-06,7.97085249E-06,1.54845418E-06,1.54302620E-06,1.15529610E-05,-1.39E-05,1.01623218E-05,4.78650963E-06,2.50627340E-06,6.17464366E-06,6.44501461E-06,1.47929104E-05,-5.54E-06,2.33679657E-06,-1.59E-06,8.10054371E-06,-2.80E-06,-2.31E-06,2.54631823E-06,6.46320677E-06,-4.95E-06,6.97600353E-06,-2.33E-06,1.42577903E-07,-5.16E-06,2.63902416E-06,5.07302366E-06,6.21129539E-06,-4.20E-06,5.02467310E-06,-6.58E-07,-4.38E-07,4.03106753E-07,5.25108771E-06,6.94276196E-06,3.04402511E-06,-1.26E-06,-1.39E-08,-7.79E-07,-8.68E-07,2.28508225E-06,-1.84E-06,-2.61E-07,8.34069226E-07,-1.30E-07,-3.70E-06,-1.81E-06,2.99631483E-06,-5.86E-06,-4.35E-06,6.51923028E-06,-2.36E-06,7.83340693E-06,-9.43E-07,1.66848113E-05,1.29955979E-05,2.09477294E-05,2.78197331E-05,5.01826071E-05,4.87695252E-05,5.81830827E-05,7.32431290E-05,8.29500714E-05,8.36128747E-05,8.86419002E-05,9.91651759E-05,8.84914771E-05,9.73658171E-05,1.00607416E-04,1.01643367E-04,9.00247906E-05,9.96418021E-05,9.68819659E-05,8.29535347E-05,8.52013181E-05,7.15656570E-05,8.72467863E-05,8.34349194E-05,7.41442345E-05,8.08125551E-05,7.54784851E-05,7.55550063E-05,5.21619586E-05,6.35762190E-05,7.57617236E-05,6.27173649E-05,6.07202783E-05,7.16585855E-05,6.85122432E-05,6.00438361E-05,6.59705620E-05,5.76451021E-05,5.89560514E-05,4.76390524E-05,5.37206470E-05,5.35940308E-05,5.17019871E-05,5.34454630E-05,5.58226202E-05,5.86534879E-05,4.99617709E-05,5.37323103E-05,5.51785633E-05,4.63053912E-05,5.80320047E-05,5.48001117E-05,6.24536333E-05,6.23921151E-05,5.73532816E-05,6.13497250E-05,6.26333858E-05,5.43360657E-05,5.44791474E-05,5.50846089E-05,5.03556475E-05,4.77945650E-05,4.65147896E-05,5.14568346E-05,4.42040873E-05,4.77234898E-05,4.77459580E-05,4.35232141E-05,5.33531347E-05,4.79324117E-05,3.16808837E-05,4.45487203E-05,4.70648483E-05,4.07398475E-05,3.80358215E-05,3.77230062E-05,3.38544050E-05,3.69040317E-05,4.05756255E-05,3.74277297E-05,3.73245311E-05,4.39163196E-05,3.39557628E-05,3.08275630E-05,4.77292670E-05,4.47065759E-05,4.28919848E-05,5.56573177E-05,4.63443284E-05,6.24171371E-05,6.67443819E-05,7.50471518E-05,7.42692137E-05,7.47592276E-05,8.37765547E-05,9.50566537E-05,1.03925282E-04,9.75703442E-05,1.05639789E-04,1.15247654E-04,1.10525303E-04,1.10885281E-04,1.14446957E-04,9.34276031E-05,9.99665135E-05,1.05491927E-04,1.09591834E-04,1.00795041E-04,9.95178125E-05,1.01741694E-04,1.03337668E-04,1.07049360E-04,1.06581545E-04,1.01871883E-04,1.00758771E-04,1.01702855E-04,9.83007849E-05,1.10381858E-04,1.20201483E-04,1.31562338E-04,1.52190521E-04,1.76919231E-04,2.20938091E-04,2.71154713E-04,3.53327079E-04,4.63737349E-04,6.17759244E-04,8.47216230E-04,1.17305818E-03,1.59119081E-03,2.16240319E-03,2.90604099E-03,3.82920704E-03,5.14546130E-03,6.62081689E-03,8.42170138E-03,1.05883749E-02,1.30163338E-02,1.59005020E-02,1.90768633E-02,2.23695058E-02,2.57248282E-02,2.90341284E-02,3.23923342E-02,3.56465429E-02,3.85435857E-02,4.11754102E-02,4.32666168E-02,4.49694954E-02,4.64367308E-02,4.74653617E-02,4.80097644E-02,4.82412986E-02,4.81927954E-02,4.78803441E-02,4.73635308E-02,4.67918925E-02,4.60177362E-02,4.52439338E-02,4.45034951E-02,4.35901843E-02,4.28553969E-02,4.21312638E-02,4.15698029E-02,4.09328379E-02,4.03671525E-02,3.98857519E-02,3.93162705E-02,3.88219133E-02,3.84523422E-02,3.79938334E-02,3.75281237E-02,3.71369533E-02,3.66687514E-02,3.63151208E-02,3.58196571E-02,3.54895815E-02,3.49342376E-02,3.46304104E-02,3.42373885E-02,3.39239724E-02,3.34909484E-02,3.32318731E-02,3.27882431E-02,3.25685292E-02,3.22645642E-02,3.19487937E-02,3.16459201E-02,3.13638933E-02,3.10031865E-02,3.07144001E-02,3.04207001E-02,3.00882999E-02,2.96985470E-02,2.94592027E-02,2.90737227E-02,2.87846532E-02,2.85784919E-02,2.84303483E-02,2.81638633E-02,2.80457381E-02,2.77987737E-02,2.77542900E-02,2.75279842E-02,2.73857899E-02,2.72276383E-02,2.70214248E-02,2.68521626E-02,2.65671685E-02,2.63804086E-02,2.61750836E-02,2.58689690E-02,2.55996138E-02,2.53457800E-02,2.50176061E-02,2.47161910E-02,2.43707597E-02,2.38834172E-02,2.33105049E-02,2.24773381E-02,2.13381089E-02,1.99736301E-02,1.82642024E-02,1.64980199E-02,1.45263495E-02,1.25666652E-02,1.07249245E-02,8.91757011E-03,7.33416760E-03,6.03382103E-03,4.90148878E-03,3.96990404E-03,3.19526577E-03,2.60207430E-03,2.06340151E-03,1.67435932E-03,1.36113586E-03,1.12945784E-03,9.34193144E-04,7.65580684E-04,6.39152306E-04,5.57722233E-04,4.70982166E-04,3.91903770E-04,3.35787248E-04,2.86074937E-04,2.41306552E-04,2.20595393E-04,2.01071205E-04,1.63914854E-04,1.65724239E-04,1.38616801E-04,1.28835891E-04,1.24325597E-04,1.10652036E-04,8.31204088E-05,9.61625192E-05,8.38528285E-05,6.39642021E-05,7.18667143E-05,6.10117459E-05,6.51577357E-05,6.67655404E-05,6.34829412E-05,5.95690763E-05,5.66601520E-05,6.58947392E-05,6.75383562E-05,6.14267556E-05,5.27654229E-05,4.12741938E-05,5.58517531E-05,5.96292339E-05,5.89342053E-05,6.93384063E-05,5.96848404E-05,6.52852250E-05,5.38968379E-05,4.65643025E-05,4.71815183E-05,6.56095435E-05,6.21433937E-05,4.64115183E-05,6.49983995E-05,6.18621561E-05,7.76050729E-05,7.08302032E-05,5.49611323E-05,4.99212001E-05,7.18096562E-05,5.68694632E-05,5.95414640E-05,3.76597891E-05,3.38502214E-05,5.02963667E-05,3.42119638E-05,5.57575440E-05,3.13330311E-05,1.55584930E-05,2.79838914E-05,-5.55E-06,5.72536328E-06,2.74183476E-05,2.61298210E-05,2.08991278E-05,1.15813109E-05,3.13308351E-06,4.70284340E-06,1.93051019E-05,2.88679457E-05,3.00532483E-05,-9.18E-06,-1.71E-05,3.02334593E-05,-4.74E-06,3.86801585E-05,1.68966508E-05,1.12417738E-05,-2.14E-06,-2.53E-06,2.90455228E-05,3.52348325E-05,7.24231722E-06,9.05323304E-06,-7.46E-06,1.46901255E-06,-1.58E-05,2.71786103E-05,1.33672165E-05,2.07850553E-06,-5.54E-07,2.10934977E-05,2.78597618E-05,5.65307028E-06,1.62840406E-05,4.85541677E-05,-1.46E-05,INT SYNC:059.94[Hz],DOUBLE FRAME,NORMAL,STANDARD DARK,TWO,CIE1931 (2°),1°,100,0.33333333,0.33333333,NONE,1,600601,1895387,OFF,TRUE,2024/03/25,16:46:19,OK00,----,----,----,CS-3000HDR,3001075,1.00.0008
32,1.03429201E+03,5.85331031E+02,8.66963984E+00,5.85331031E+02,0.63520031,0.35947532,0.42043253,0.53534925,----,----,602.897658,98.5262537,193.054011,188.297657,271.920205,2.06279137E+00,597,-1.29E-05,-1.23E-05,-4.78E-06,3.65497135E-06,5.09247775E-06,-2.03E-06,9.58299643E-06,3.49189781E-06,7.68284423E-08,4.56330417E-06,1.15890653E-05,-1.35E-05,4.87602733E-07,-1.41E-06,4.69700808E-06,-1.56E-05,-4.28E-06,6.07413426E-07,7.99013549E-07,6.97588575E-06,1.80672293E-06,1.30888964E-06,3.11460894E-06,-1.50E-05,2.17762931E-06,8.08947334E-06,-6.01E-06,9.92515561E-06,6.20616856E-06,-8.79E-07,2.73075011E-06,-1.04E-05,3.72514319E-06,3.52214374E-06,-4.03E-06,9.06520199E-06,-2.11E-06,-3.18E-06,-1.64E-06,2.34453523E-06,-3.66E-06,5.22782921E-06,-2.86E-06,-6.16E-06,-5.92E-06,-3.98E-06,1.55465423E-05,-3.56E-06,1.39559472E-06,1.56897192E-06,3.23244399E-06,-6.95E-06,5.34828223E-06,-9.42E-07,-6.07E-06,1.76632273E-06,1.88449246E-06,2.67930972E-07,1.46157890E-06,-7.03E-06,5.28258806E-06,9.39445908E-06,1.01477535E-05,9.87681688E-06,2.88000301E-05,3.87691180E-05,4.05700994E-05,5.76340863E-05,7.54766079E-05,9.81200719E-05,1.13018235E-04,1.31496781E-04,1.59638483E-04,1.77001770E-04,2.01356932E-04,2.22604504E-04,2.30929509E-04,2.39303830E-04,2.41332003E-04,2.48596538E-04,2.35366679E-04,2.42992377E-04,2.32473802E-04,2.16423447E-04,2.24067000E-04,2.20866481E-04,2.28503297E-04,2.30222373E-04,2.32333667E-04,2.34463747E-04,2.44983181E-04,2.46229756E-04,2.54324288E-04,2.34673527E-04,2.30413716E-04,2.27198689E-04,2.11946899E-04,2.04821568E-04,1.92018662E-04,1.83061580E-04,1.76736154E-04,1.76387024E-04,1.82153453E-04,1.73445995E-04,1.78314018E-04,1.79193565E-04,1.80195741E-04,1.77558119E-04,1.66541664E-04,1.61332806E-04,1.48266787E-04,1.27539286E-04,1.21238845E-04,1.16352305E-04,1.11068293E-04,1.02360056E-04,1.00428224E-04,9.16729914E-05,8.86884154E-05,8.72027085E-05,9.14219490E-05,7.57491725E-05,7.19214950E-05,6.67956192E-05,6.67011409E-05,6.33687887E-05,5.70112097E-05,5.31216756E-05,5.46019401E-05,4.98841000E-05,5.05330390E-05,5.17527078E-05,5.07873920E-05,4.49143663E-05,4.43697973E-05,3.96568794E-05,4.02124388E-05,4.20399228E-05,4.05378960E-05,3.81157224E-05,3.63005965E-05,3.90743153E-05,3.75772834E-05,3.94441449E-05,4.03469530E-05,3.79246667E-05,4.78267830E-05,4.33183959E-05,4.43773934E-05,4.34681897E-05,4.96012035E-05,5.03782503E-05,5.98267870E-05,6.03483459E-05,6.13895172E-05,6.93636975E-05,7.37081937E-05,7.67651291E-05,8.38646883E-05,8.76002887E-05,9.41396574E-05,9.67880478E-05,1.09121029E-04,1.08141590E-04,1.11756293E-04,1.15698429E-04,1.03716833E-04,1.03180821E-04,1.03373488E-04,1.00585996E-04,1.08213484E-04,1.05167783E-04,1.13024325E-04,1.07188556E-04,1.03854931E-04,1.03848091E-04,1.06143867E-04,1.05018269E-04,9.43650084E-05,9.71448681E-05,9.52417322E-05,9.65005092E-05,1.06769054E-04,1.17682124E-04,1.34018148E-04,1.49527725E-04,1.81176511E-04,2.25707277E-04,2.85061338E-04,3.75606352E-04,4.94183216E-04,6.61645201E-04,9.20056540E-04,1.24157709E-03,1.65755500E-03,2.21611303E-03,2.90008145E-03,3.81569425E-03,4.89569828E-03,6.19680434E-03,7.69598223E-03,9.42057930E-03,1.14797205E-02,1.36056487E-02,1.59025826E-02,1.81978736E-02,2.05183569E-02,2.27279272E-02,2.49844417E-02,2.70148441E-02,2.88525485E-02,3.03856228E-02,3.16615812E-02,3.27707790E-02,3.36717777E-02,3.42486463E-02,3.45155597E-02,3.46452780E-02,3.44659463E-02,3.41496691E-02,3.36623676E-02,3.31483334E-02,3.25950831E-02,3.19832861E-02,3.12979780E-02,3.06721069E-02,3.00681386E-02,2.95065008E-02,2.88627185E-02,2.82404236E-02,2.76921690E-02,2.70825289E-02,2.65008099E-02,2.59590782E-02,2.55014878E-02,2.49571502E-02,2.45237127E-02,2.40563117E-02,2.36593150E-02,2.31963098E-02,2.28167418E-02,2.24875342E-02,2.21728422E-02,2.18845587E-02,2.16759164E-02,2.15231385E-02,2.13660598E-02,2.13145744E-02,2.12328658E-02,2.11127717E-02,2.11052261E-02,2.10118257E-02,2.09103003E-02,2.08045430E-02,2.06939541E-02,2.05644500E-02,2.04690639E-02,2.03555617E-02,2.02039052E-02,2.00774353E-02,1.99988857E-02,1.98123306E-02,1.97211392E-02,1.95498783E-02,1.94645263E-02,1.93026457E-02,1.91482343E-02,1.89228170E-02,1.87876560E-02,1.85751319E-02,1.84112936E-02,1.81808174E-02,1.79419145E-02,1.77406706E-02,1.75069906E-02,1.72197334E-02,1.69600975E-02,1.67298187E-02,1.64488256E-02,1.62280221E-02,1.58931855E-02,1.55858733E-02,1.51193580E-02,1.45145673E-02,1.37817133E-02,1.28307585E-02,1.17689269E-02,1.05895158E-02,9.29523073E-03,8.04332457E-03,6.85213087E-03,5.72311925E-03,4.65026032E-03,3.79966036E-03,3.09108244E-03,2.49613752E-03,2.01404700E-03,1.61730836E-03,1.32290856E-03,1.05361955E-03,8.63177236E-04,7.18430441E-04,5.85789909E-04,4.71917592E-04,3.94876319E-04,3.35885969E-04,2.88226816E-04,2.45567615E-04,2.09128702E-04,1.75240406E-04,1.53622619E-04,1.34047208E-04,1.18126525E-04,1.05855404E-04,9.34172640E-05,8.73183308E-05,7.95944943E-05,7.69786348E-05,7.59165123E-05,5.83154833E-05,6.55478652E-05,5.40000183E-05,5.19872738E-05,4.64961013E-05,4.53138091E-05,5.26868498E-05,3.63327308E-05,3.64954321E-05,4.49204708E-05,3.79934972E-05,4.69029437E-05,4.30956243E-05,2.91031229E-05,3.12975353E-05,3.69467634E-05,4.71064996E-05,5.37138403E-05,4.27666928E-05,4.58717404E-05,4.96099601E-05,3.53284813E-05,4.33335845E-05,4.57958959E-05,4.46308950E-05,4.40564691E-05,4.39273063E-05,6.29938731E-05,4.32910674E-05,2.76643295E-05,4.52463282E-05,4.85001401E-05,3.89366978E-05,4.16434086E-05,4.99375528E-05,4.72382308E-05,3.95648058E-05,3.63538966E-05,2.85759106E-05,2.63633465E-05,1.32238483E-05,2.85951919E-05,2.74261183E-05,1.83702523E-05,1.58980838E-05,9.90042554E-06,8.82741642E-06,3.09658462E-05,9.14039629E-06,2.16886147E-05,1.37351808E-05,1.12559137E-05,2.55105101E-06,-7.26E-06,9.94408310E-06,1.27533012E-05,1.14871209E-05,2.91158103E-05,1.91274376E-05,-2.72E-06,2.12131381E-05,1.04291230E-05,5.51081530E-06,1.61278695E-05,1.17912223E-05,-1.79E-05,-2.25E-06,5.97144253E-06,2.16152712E-05,4.58907698E-06,1.95601187E-05,6.73076192E-06,2.64899281E-05,7.23132280E-06,2.06597160E-05,9.46263208E-06,2.19337235E-05,5.60206172E-06,3.13652799E-06,3.70096274E-07,3.26240588E-05,2.20898546E-05,INT SYNC:059.94[Hz],DOUBLE FRAME,NORMAL,STANDARD DARK,TWO,CIE1931 (2°),1°,100,0.33333333,0.33333333,NONE,1,867534,2430831,OFF,TRUE,2024/03/25,16:46:23,OK00,----,----,----,CS-3000HDR,3001075,1.00.0008
33,1.49133914E+03,8.36342401E+02,4.07534694E+00,8.36342401E+02,0.63957746,0.35867479,0.42461979,0.53578487,----,----,603.160539,99.5990361,219.461204,215.80919,337.141753,2.99797247E+00,596,-4.53E-06,-2.47E-05,1.42831104E-05,3.38457539E-05,-1.63E-05,3.08741255E-06,1.36959106E-05,-1.69E-05,6.99971270E-06,4.19694243E-06,-1.52E-05,2.81035136E-05,-7.76E-06,6.13456507E-07,-1.13E-05,9.90383705E-06,6.62658920E-07,-8.72E-06,-1.65E-05,1.99739952E-05,-9.97E-06,-5.69E-06,-7.33E-07,-1.64E-05,1.41560633E-06,4.62733442E-06,7.76243178E-06,-3.36E-06,5.89436104E-06,-3.91E-06,9.66036077E-06,-5.57E-06,-1.04E-05,-3.76E-06,8.84463680E-06,4.80818062E-06,3.85056012E-07,-6.60E-07,-1.83E-05,1.72231885E-05,7.38470453E-06,7.02892976E-06,5.50536106E-06,1.06545813E-05,5.59640512E-06,1.19210827E-05,-9.51E-06,-7.56E-06,-6.68E-06,2.97444785E-06,-6.86E-07,-6.79E-07,8.70330678E-06,4.45842079E-06,2.37915924E-06,-3.15E-06,1.05313338E-05,5.06856895E-06,5.39938219E-06,-4.27E-06,1.20127988E-05,6.71008138E-06,3.52557799E-06,4.61398213E-06,9.26123812E-06,1.36628514E-05,5.53917926E-06,2.64548853E-05,4.99610578E-05,4.58309332E-05,6.06022186E-05,6.86248313E-05,7.74675646E-05,9.21381215E-05,8.39414570E-05,9.49737296E-05,9.17822181E-05,1.02580118E-04,1.11708985E-04,1.02875194E-04,1.12596892E-04,1.04920975E-04,9.96925010E-05,9.15301134E-05,7.72602652E-05,7.44340432E-05,9.04186454E-05,8.06385870E-05,6.94441114E-05,8.15722960E-05,7.52481865E-05,7.26282524E-05,7.50668478E-05,6.33084346E-05,6.71829330E-05,6.52426243E-05,7.48228194E-05,5.68368887E-05,5.88456278E-05,6.43052917E-05,6.12688455E-05,5.71767596E-05,6.10292518E-05,4.27765190E-05,4.96259963E-05,5.01781251E-05,5.16426335E-05,4.97935725E-05,4.73739929E-05,4.89515223E-05,3.82056824E-05,4.56102935E-05,4.79525006E-05,4.62286152E-05,3.98328666E-05,5.17354711E-05,4.39993019E-05,5.56624909E-05,4.88492951E-05,5.85069974E-05,5.10854406E-05,4.04844832E-05,4.94602245E-05,4.83551084E-05,4.59546682E-05,4.77077047E-05,4.25216276E-05,3.47024798E-05,4.09109271E-05,3.20451218E-05,4.24857863E-05,3.71442729E-05,3.16052865E-05,3.70607413E-05,3.28924034E-05,3.31820993E-05,4.11473884E-05,3.02284589E-05,3.77468314E-05,3.22545857E-05,2.91564756E-05,3.23602108E-05,2.46469299E-05,3.12532866E-05,2.22265644E-05,3.33496464E-05,3.43633401E-05,3.52526185E-05,3.61463317E-05,3.24502398E-05,3.39689323E-05,4.10255052E-05,3.94739836E-05,4.80578565E-05,4.09076674E-05,4.97533547E-05,5.81693021E-05,5.98262923E-05,7.58876122E-05,7.66632220E-05,7.73097345E-05,7.32723784E-05,7.99115733E-05,8.60283399E-05,9.01977328E-05,9.30789756E-05,8.84856199E-05,8.06160533E-05,8.54107057E-05,8.60594955E-05,8.63166424E-05,8.65536131E-05,9.08796355E-05,9.35068092E-05,9.54973875E-05,9.72009511E-05,8.96646234E-05,8.74485413E-05,8.41517103E-05,8.88945578E-05,8.88891809E-05,9.55900759E-05,1.07881031E-04,1.21800855E-04,1.39095544E-04,1.59904012E-04,2.10647500E-04,2.56350468E-04,3.34038719E-04,4.58393595E-04,6.06685819E-04,8.33764963E-04,1.15472917E-03,1.59102376E-03,2.15162174E-03,2.87119229E-03,3.84340947E-03,5.09914057E-03,6.59370748E-03,8.41606501E-03,1.05525935E-02,1.30083030E-02,1.58930030E-02,1.89875420E-02,2.22971421E-02,2.56495401E-02,2.90381983E-02,3.23087685E-02,3.55375558E-02,3.84651572E-02,4.11264859E-02,4.32626605E-02,4.49558534E-02,4.63930257E-02,4.73289564E-02,4.79535870E-02,4.82441112E-02,4.81903553E-02,4.78210375E-02,4.73083109E-02,4.66307215E-02,4.59443815E-02,4.51761670E-02,4.44720350E-02,4.36010621E-02,4.27911319E-02,4.20941077E-02,4.14456055E-02,4.08989415E-02,4.03841026E-02,3.97836566E-02,3.92458551E-02,3.88284028E-02,3.83460335E-02,3.79518718E-02,3.74614745E-02,3.70842107E-02,3.67254801E-02,3.62165309E-02,3.57836671E-02,3.53418179E-02,3.49478796E-02,3.45831253E-02,3.41460742E-02,3.38468812E-02,3.35125215E-02,3.31975706E-02,3.29183415E-02,3.25181857E-02,3.21531221E-02,3.18991020E-02,3.16672400E-02,3.13710310E-02,3.10056955E-02,3.06738019E-02,3.03297006E-02,3.00252270E-02,2.96947453E-02,2.93598622E-02,2.91364975E-02,2.87853573E-02,2.85805985E-02,2.83574592E-02,2.80971583E-02,2.80067306E-02,2.78274696E-02,2.76798122E-02,2.75034104E-02,2.73399148E-02,2.71297749E-02,2.69970801E-02,2.67624408E-02,2.65223030E-02,2.63602026E-02,2.61057429E-02,2.57797502E-02,2.55292375E-02,2.52825934E-02,2.50043999E-02,2.46847067E-02,2.43869666E-02,2.38859802E-02,2.32352521E-02,2.24122740E-02,2.13432163E-02,1.98825207E-02,1.82631332E-02,1.64314620E-02,1.44971637E-02,1.25613157E-02,1.07007213E-02,8.97306390E-03,7.28199072E-03,5.98751614E-03,4.89366520E-03,3.93253658E-03,3.20627494E-03,2.59237224E-03,2.10400834E-03,1.67020550E-03,1.38030387E-03,1.13015482E-03,9.43597348E-04,7.77422858E-04,6.53884548E-04,5.61680237E-04,4.76533518E-04,3.78497323E-04,3.36532685E-04,3.01562482E-04,2.56687374E-04,2.29503508E-04,2.00849870E-04,1.90329636E-04,1.60158132E-04,1.40107251E-04,1.24660073E-04,1.18256736E-04,9.89679174E-05,9.24712513E-05,7.97831308E-05,8.32960723E-05,7.21698743E-05,6.73995382E-05,7.14488851E-05,8.04264782E-05,7.56166482E-05,5.30968064E-05,5.37303276E-05,6.11445721E-05,4.90041020E-05,5.43686074E-05,6.17005790E-05,6.12740332E-05,5.41779664E-05,6.26302572E-05,6.09365488E-05,4.89414706E-05,5.91392891E-05,6.07593902E-05,5.34888422E-05,6.98610966E-05,7.27052611E-05,6.76170748E-05,5.74301484E-05,5.68757969E-05,6.29866481E-05,5.44684153E-05,4.77211688E-05,5.91138123E-05,6.45178152E-05,6.45277614E-05,7.49835017E-05,6.63968749E-05,6.49789145E-05,5.57736093E-05,4.95589229E-05,3.90875539E-05,4.62640928E-05,3.96987271E-05,3.23620407E-05,1.60023810E-05,1.42897261E-05,2.84959824E-05,4.18123309E-05,1.20291979E-05,4.17153678E-05,1.88551094E-05,2.29032394E-05,8.02875820E-06,2.15296132E-05,3.25651599E-05,2.81625453E-05,-2.61E-05,3.84820305E-06,-1.82E-05,6.71981843E-06,2.43395498E-05,-1.48E-05,3.80196434E-05,8.04435786E-06,2.23020379E-05,1.14673969E-06,-1.52E-05,1.65892234E-05,2.31371214E-05,4.45602855E-05,2.90367789E-05,2.70873988E-05,3.34711649E-06,9.69709527E-06,4.02793921E-05,2.72214384E-05,1.68757961E-05,7.85881730E-06,1.82413878E-05,4.34688118E-05,5.60075132E-05,-2.50E-05,1.78574373E-05,1.69944578E-05,INT SYNC:059.94[Hz],DOUBLE FRAME,NORMAL,STANDARD DARK,TWO,CIE1931 (2°),1°,100,0.33333333,0.33333333,NONE,1,600601,1895396,OFF,TRUE,2024/03/25,16:46:28,OK00,----,----,----,CS-3000HDR,3001075,1.00.0008
34,1.12788897E+03,6.36659202E+02,7.37352106E+00,6.36659202E+02,0.63653432,0.35930437,0.42164477,0.53551287,----,----,602.959883,98.8752616,198.994325,194.6097,286.813412,2.25085826E+00,597,1.21124813E-07,9.05310230E-07,2.22892613E-05,8.11589052E-06,-5.28E-06,1.11114459E-05,4.61299533E-06,-1.87E-05,1.01623345E-05,-6.29E-06,-1.10E-05,2.14568331E-06,1.06375855E-05,-5.15E-06,-3.69E-06,-5.95E-06,6.88941952E-07,-1.07E-05,5.20889125E-06,-1.27E-05,-5.29E-06,-6.40E-07,-4.57E-06,4.30030468E-07,1.29560112E-06,5.71132568E-06,-2.35E-06,4.48210540E-06,8.73563636E-07,6.02497312E-06,1.05620684E-05,1.17767840E-05,2.91407991E-06,1.09788471E-05,-7.63E-07,5.20702497E-06,5.43932356E-06,4.04809180E-06,-3.49E-06,3.66665586E-06,4.13760426E-06,1.30606338E-07,-1.49E-06,4.66333722E-06,-3.48E-06,4.44133457E-06,-9.71E-06,-3.11E-07,-4.67E-07,3.84951409E-06,-5.54E-07,4.22737821E-06,4.98213421E-06,5.66145309E-06,-1.86E-07,2.54300858E-06,9.47627541E-06,1.27074588E-06,6.77573325E-06,1.09914936E-06,3.31634681E-07,1.19306278E-05,1.05052568E-05,6.98876011E-06,1.83475768E-05,3.46466622E-05,3.42683488E-05,4.87194302E-05,6.28473426E-05,8.53033052E-05,9.68106979E-05,1.18378950E-04,1.28297121E-04,1.48408770E-04,1.67559891E-04,1.83131313E-04,1.88734615E-04,2.03852309E-04,2.16927045E-04,2.16243148E-04,2.07593999E-04,2.09835503E-04,1.86789563E-04,1.94671418E-04,1.80601361E-04,1.74852248E-04,1.91350671E-04,1.88580816E-04,1.86547884E-04,2.07568286E-04,1.94131106E-04,2.03434698E-04,1.95465516E-04,1.92694439E-04,1.91825340E-04,1.79856899E-04,1.68815968E-04,1.59992342E-04,1.46866165E-04,1.48637933E-04,1.41353390E-04,1.39399766E-04,1.52625362E-04,1.42358331E-04,1.43023353E-04,1.44639649E-04,1.36935749E-04,1.35386115E-04,1.29385269E-04,1.24240440E-04,1.12810267E-04,1.05621453E-04,1.03250517E-04,8.78900391E-05,8.35008177E-05,7.81712515E-05,7.19364034E-05,6.76800191E-05,6.52981616E-05,6.64509353E-05,6.77406351E-05,5.84434929E-05,5.30105317E-05,5.73291545E-05,4.77299291E-05,4.55555855E-05,5.00107308E-05,4.15610994E-05,4.25530416E-05,4.21802179E-05,3.66059649E-05,3.55663869E-05,3.93394657E-05,3.40327533E-05,2.71920180E-05,3.15558282E-05,3.49786169E-05,3.00315678E-05,3.15342550E-05,3.03003344E-05,2.75583843E-05,3.09245879E-05,2.48612141E-05,3.12501397E-05,3.01271302E-05,3.48921712E-05,2.97478509E-05,2.97037495E-05,3.64952029E-05,3.36044031E-05,3.64921725E-05,4.31446133E-05,4.60009869E-05,4.42651035E-05,4.83056028E-05,5.46213560E-05,5.52487400E-05,5.79232146E-05,6.42579253E-05,6.60952792E-05,6.42970554E-05,7.51171465E-05,7.55885485E-05,8.05337186E-05,8.03570292E-05,8.68248608E-05,7.92620849E-05,8.17935652E-05,7.91821003E-05,7.97207031E-05,8.23323426E-05,8.50009965E-05,8.32900187E-05,8.44007009E-05,8.70921285E-05,8.36792460E-05,8.73996905E-05,8.43859671E-05,8.38316409E-05,8.09599296E-05,8.65561233E-05,8.49755306E-05,9.67940505E-05,1.07300904E-04,1.21529149E-04,1.42451187E-04,1.74514396E-04,2.22926799E-04,2.89428426E-04,3.86002270E-04,5.12442144E-04,6.94219430E-04,9.69682238E-04,1.31284085E-03,1.76227745E-03,2.35997862E-03,3.12903803E-03,4.09692433E-03,5.29856980E-03,6.68220082E-03,8.34318437E-03,1.02239605E-02,1.24377534E-02,1.47931045E-02,1.72636155E-02,1.97984315E-02,2.23178118E-02,2.47906484E-02,2.72455625E-02,2.93978527E-02,3.13341320E-02,3.30107510E-02,3.43434513E-02,3.55976596E-02,3.64304222E-02,3.70051265E-02,3.73083912E-02,3.74220386E-02,3.72152440E-02,3.68982889E-02,3.64750884E-02,3.58902849E-02,3.52470167E-02,3.46245728E-02,3.39657478E-02,3.33747379E-02,3.27140018E-02,3.21263038E-02,3.14908363E-02,3.09112631E-02,3.03171929E-02,2.96917111E-02,2.91194227E-02,2.86010336E-02,2.81219166E-02,2.75699217E-02,2.71287933E-02,2.66893450E-02,2.62142960E-02,2.57250164E-02,2.52629500E-02,2.49042790E-02,2.44932324E-02,2.42247824E-02,2.39664763E-02,2.37368569E-02,2.35851333E-02,2.34459583E-02,2.33016293E-02,2.32070088E-02,2.30541844E-02,2.30088364E-02,2.29063816E-02,2.26947274E-02,2.25825254E-02,2.24530958E-02,2.23047603E-02,2.21591983E-02,2.20279563E-02,2.18372028E-02,2.17039529E-02,2.15452015E-02,2.14667264E-02,2.12749019E-02,2.12004986E-02,2.10240893E-02,2.08768286E-02,2.06860267E-02,2.05330364E-02,2.03832444E-02,2.01968625E-02,1.99489221E-02,1.97103173E-02,1.94716360E-02,1.92482900E-02,1.89613849E-02,1.87085066E-02,1.84352994E-02,1.81624182E-02,1.78689081E-02,1.75764747E-02,1.71551518E-02,1.67078432E-02,1.60745699E-02,1.52497767E-02,1.41631970E-02,1.30319679E-02,1.17314793E-02,1.03025595E-02,8.88939574E-03,7.56768044E-03,6.35404466E-03,5.13132336E-03,4.20955988E-03,3.40906903E-03,2.77394359E-03,2.21446599E-03,1.82508328E-03,1.46688928E-03,1.15883164E-03,9.52570641E-04,7.80224917E-04,6.47485198E-04,5.45759627E-04,4.48183739E-04,3.69774236E-04,3.22081934E-04,2.66552466E-04,2.24951757E-04,1.94172724E-04,1.67271603E-04,1.49989486E-04,1.45918399E-04,1.28663640E-04,1.08291824E-04,1.03667007E-04,9.20977036E-05,8.88398208E-05,7.50565814E-05,6.20628052E-05,7.01188619E-05,6.89959925E-05,5.77901956E-05,5.70776501E-05,6.01277789E-05,5.69866825E-05,5.52428719E-05,4.63430624E-05,4.83684853E-05,4.72351676E-05,4.40700387E-05,3.90869318E-05,3.93579649E-05,3.81823265E-05,4.71474777E-05,5.10556420E-05,5.30608559E-05,4.14015412E-05,6.46401386E-05,3.97513722E-05,3.45640183E-05,4.40694894E-05,3.87213695E-05,5.49740216E-05,5.16136788E-05,4.43153658E-05,4.38450443E-05,4.15248251E-05,4.16151197E-05,4.18688069E-05,3.86806350E-05,3.73967305E-05,4.75813504E-05,3.81139325E-05,2.86963823E-05,4.13999005E-05,2.44360290E-05,4.60355004E-05,5.16876862E-05,2.90774969E-05,2.47473945E-05,2.43363193E-05,2.86389968E-05,1.84007058E-05,1.09231341E-05,3.38530094E-06,1.55459911E-05,1.95631510E-05,1.02762360E-05,2.01874172E-05,3.24489120E-05,2.16544486E-05,1.33758294E-05,1.25526285E-05,2.25073218E-05,-2.99E-06,2.77621875E-05,1.31583793E-05,1.10802612E-05,3.64939478E-05,-5.45E-06,-1.05E-06,-9.80E-07,3.66624954E-06,1.75120040E-05,1.66521158E-06,-1.59E-05,5.14616931E-06,-3.05E-05,-2.16E-06,3.61113380E-05,5.98234947E-05,9.38627818E-06,9.21021456E-06,-4.84E-06,-4.51E-06,3.25969304E-05,-3.55E-06,2.53553935E-06,6.85421110E-05,3.09118623E-05,INT SYNC:059.94[Hz],DOUBLE FRAME,NORMAL,STANDARD DARK,TWO,CIE1931 (2°),1°,100,0.33333333,0.33333333,NONE,1,800801,2293274,OFF,TRUE,2024/03/25,16:46:32,OK00,----,----,----,CS-3000HDR,3001075,1.00.0008
35,1.49376582E+03,8.37325421E+02,4.02698805E+00,8.37325421E+02,0.63969601,0.35857945,0.42479587,0.53576528,----,----,603.184521,99.6058668,219.55342,216.078885,337.574064,3.00240932E+00,596,-4.46E-06,2.43551185E-05,1.65982806E-06,1.44817986E-05,2.42261467E-05,8.08418008E-06,-9.75E-06,-1.06E-05,7.53680797E-06,7.85418615E-06,-2.44E-07,-2.07E-05,-1.93E-05,6.44979355E-06,1.71302308E-05,3.25852579E-06,-8.84E-06,-1.54E-05,7.50259051E-06,1.11708005E-05,4.95822042E-06,-5.14E-06,9.94642051E-06,-2.30E-06,8.64029334E-06,-6.64E-06,2.36098413E-06,-4.91E-06,1.17259833E-05,1.07277938E-05,4.65447147E-06,1.32925834E-06,-7.46E-06,8.90377464E-07,8.45620889E-06,5.85988391E-06,2.46699551E-06,7.19440504E-06,9.98814812E-07,-4.64E-07,-9.83E-06,-6.49E-06,-4.38E-06,7.15879287E-06,-5.20E-06,5.21337199E-07,1.12864718E-05,7.87446970E-06,2.82160113E-06,2.19603112E-06,-5.13E-06,-4.56E-06,4.40152280E-06,4.69678389E-06,3.17792137E-06,4.38779625E-06,1.61683215E-06,-9.92E-07,1.26345549E-05,3.07268169E-06,9.38638732E-06,-2.54E-06,7.34818832E-06,5.47150512E-06,1.85305180E-05,9.51076981E-06,-9.11E-07,3.23811182E-05,3.71606002E-05,5.37984488E-05,5.60652443E-05,6.83469989E-05,7.02452307E-05,8.05092714E-05,9.17853249E-05,9.46933142E-05,1.02366903E-04,1.02920501E-04,9.37614313E-05,1.07918022E-04,1.02870654E-04,1.03997372E-04,9.07384383E-05,8.88188661E-05,7.61039919E-05,8.15951644E-05,8.53632082E-05,8.07186225E-05,7.25705904E-05,7.00349483E-05,7.56434165E-05,8.08852419E-05,8.12533763E-05,7.76165325E-05,6.94897390E-05,7.09180822E-05,6.82427853E-05,6.70832451E-05,6.24763052E-05,6.58867284E-05,6.36056429E-05,5.21472248E-05,5.40311303E-05,4.53526081E-05,4.92863946E-05,5.23269082E-05,5.17142726E-05,4.75578381E-05,4.53428547E-05,4.84381781E-05,5.20306930E-05,4.00289282E-05,4.24083810E-05,4.13776033E-05,4.50127118E-05,3.93665723E-05,4.01462385E-05,4.53404355E-05,3.95557436E-05,3.95684619E-05,4.17116098E-05,4.22215817E-05,4.37549679E-05,4.31009212E-05,3.88762382E-05,4.19014723E-05,4.06930048E-05,4.38400893E-05,4.16765834E-05,3.33309617E-05,3.83472616E-05,3.33719872E-05,2.88376614E-05,3.27858470E-05,3.40715342E-05,2.81952161E-05,3.60873819E-05,3.21544758E-05,2.79371961E-05,2.43538816E-05,2.59070603E-05,3.17997583E-05,2.46911513E-05,3.03455781E-05,1.70088733E-05,3.35097575E-05,3.11377335E-05,3.18447601E-05,2.03516502E-05,2.27770724E-05,3.38721111E-05,3.87366308E-05,4.07630578E-05,4.12873087E-05,3.96606301E-05,5.24649986E-05,4.61639829E-05,4.66304919E-05,5.39430075E-05,6.03293374E-05,6.67160784E-05,6.50939619E-05,6.86521525E-05,6.26265828E-05,6.66928099E-05,7.48090606E-05,7.69841063E-05,6.39350110E-05,7.43810087E-05,7.06322026E-05,7.06521314E-05,8.02037321E-05,7.30966931E-05,7.72467320E-05,7.80130140E-05,8.14403538E-05,8.18940462E-05,8.05652235E-05,8.46297844E-05,8.10394849E-05,8.20673449E-05,9.78723110E-05,1.13646798E-04,1.15078532E-04,1.30309068E-04,1.65856763E-04,2.00128750E-04,2.60356872E-04,3.33974254E-04,4.48653183E-04,5.99680352E-04,8.26734875E-04,1.15231040E-03,1.57740712E-03,2.14139163E-03,2.87529221E-03,3.83241405E-03,5.09336079E-03,6.60639023E-03,8.43145885E-03,1.05296206E-02,1.29701607E-02,1.59096494E-02,1.90290734E-02,2.22860798E-02,2.56879125E-02,2.89919954E-02,3.23188603E-02,3.56236622E-02,3.85095514E-02,4.11705412E-02,4.33187075E-02,4.49137203E-02,4.65024859E-02,4.74611595E-02,4.80134115E-02,4.82871868E-02,4.81773205E-02,4.79298495E-02,4.74613048E-02,4.67594601E-02,4.59856950E-02,4.52248119E-02,4.45270874E-02,4.35843952E-02,4.28516231E-02,4.21635136E-02,4.15836014E-02,4.09704410E-02,4.04118598E-02,3.98447588E-02,3.94118764E-02,3.89243774E-02,3.84614430E-02,3.80544364E-02,3.76118608E-02,3.71111929E-02,3.67563665E-02,3.63503620E-02,3.58859003E-02,3.54769714E-02,3.50186527E-02,3.46889682E-02,3.42863835E-02,3.38968784E-02,3.35651785E-02,3.32633443E-02,3.29270363E-02,3.26022692E-02,3.23202312E-02,3.19945961E-02,3.16242501E-02,3.14416215E-02,3.10917906E-02,3.07659768E-02,3.03882062E-02,3.01151145E-02,2.97532827E-02,2.94195581E-02,2.91238725E-02,2.87589598E-02,2.86139976E-02,2.83918381E-02,2.81561352E-02,2.80110948E-02,2.79359799E-02,2.77820844E-02,2.76057534E-02,2.74551846E-02,2.72746552E-02,2.70328056E-02,2.68904865E-02,2.65827049E-02,2.63287965E-02,2.61048526E-02,2.58670226E-02,2.55748071E-02,2.52770782E-02,2.50181761E-02,2.47174129E-02,2.43437476E-02,2.39131358E-02,2.33026687E-02,2.24406775E-02,2.13874560E-02,1.98968258E-02,1.83082987E-02,1.65264867E-02,1.45707671E-02,1.25951692E-02,1.07254712E-02,8.94297753E-03,7.26315472E-03,5.96741773E-03,4.87643201E-03,3.95704061E-03,3.19859735E-03,2.60060001E-03,2.08772323E-03,1.67340296E-03,1.37951504E-03,1.13887840E-03,9.31352959E-04,7.63584976E-04,6.55955635E-04,5.28178702E-04,4.56930109E-04,3.83687700E-04,3.19128914E-04,2.86390685E-04,2.56328785E-04,2.08715079E-04,2.01327537E-04,1.76659480E-04,1.50853055E-04,1.50393942E-04,1.23092264E-04,1.11330955E-04,1.17633928E-04,9.31637624E-05,9.62107079E-05,7.97812463E-05,7.12505789E-05,7.07665458E-05,6.31657604E-05,6.42121158E-05,6.51665541E-05,5.98158804E-05,6.29471542E-05,5.20988251E-05,6.28542912E-05,8.23042137E-05,5.79299267E-05,7.12689507E-05,8.44594906E-05,6.63813771E-05,5.81221211E-05,6.90236047E-05,6.41274601E-05,6.47151974E-05,6.30632494E-05,4.65875892E-05,5.25102005E-05,6.25988469E-05,6.48581627E-05,5.02988587E-05,6.10343304E-05,6.56862176E-05,3.98268639E-05,5.97741237E-05,5.09083184E-05,6.59683210E-05,6.70337395E-05,6.38166748E-05,7.10015956E-05,3.91805443E-05,3.63833642E-05,3.33343232E-05,4.67507634E-05,4.98285117E-05,3.75959462E-05,1.74518773E-05,9.38382254E-06,7.85117300E-06,-8.40E-07,-1.30E-05,1.02111080E-05,-4.12E-06,1.41541523E-05,7.63082244E-06,2.22750114E-05,4.73813780E-05,4.01896177E-05,1.61980261E-05,5.20949982E-07,2.77839135E-05,2.74517934E-05,1.51150198E-05,-5.09E-06,3.79318335E-05,1.21550156E-05,2.43343820E-05,-1.16E-06,-1.03E-05,3.79155717E-05,2.40875033E-05,-9.92E-06,6.58015688E-06,4.74851595E-06,-1.05E-05,-3.17E-06,3.79996891E-05,-9.63E-06,1.73811793E-06,2.14946976E-05,3.09371571E-05,9.60711350E-06,9.43476334E-06,-4.90E-06,7.56119152E-06,4.77780341E-05,INT SYNC:059.94[Hz],DOUBLE FRAME,NORMAL,STANDARD DARK,TWO,CIE1931 (2°),1°,100,0.33333333,0.33333333,NONE,1,600601,1897035,OFF,TRUE,2024/03/25,16:46:37,OK00,----,----,----,CS-3000HDR,3001075,1.00.0008
36,1.23804396E+03,6.97261310E+02,6.49294193E+00,6.97261310E+02,0.63757601,0.35908021,0.4226689,0.53560215,----,----,603.029406,99.1204268,205.610251,201.469084,301.701241,2.47470777E+00,596,1.84115797E-05,-8.49E-06,9.14873362E-06,-1.94E-06,5.46139972E-07,3.14034992E-06,-1.34E-05,-2.11E-05,-4.10E-06,9.03077307E-06,9.17162015E-06,5.38959875E-06,-3.90E-06,1.06846414E-06,1.35086248E-05,-1.38E-05,4.39911673E-07,-3.49E-07,7.20704293E-07,6.70503823E-06,-6.74E-06,3.49188690E-06,-7.60E-07,9.80642653E-06,7.23484800E-06,2.42753299E-06,1.56274314E-06,3.80244751E-06,1.14878785E-05,4.91054107E-06,7.55769679E-06,8.04090905E-06,-2.65E-06,2.03204013E-06,2.91225206E-06,8.61797980E-06,6.42949681E-06,-2.98E-06,-6.14E-06,5.89866659E-06,3.13634723E-06,1.03435441E-05,3.11009217E-07,-4.01E-07,2.22373319E-06,-2.98E-06,4.71131307E-06,-7.63E-07,5.67449717E-07,6.14846113E-06,7.45448961E-06,-2.17E-06,1.72706859E-06,-1.63E-06,-7.21E-06,-4.51E-07,1.24802636E-06,6.07503853E-06,8.27342137E-06,7.56831241E-06,4.44983925E-06,4.86522549E-06,-3.54E-06,1.58715666E-05,1.86815269E-05,2.16835033E-05,2.68773219E-05,4.92302570E-05,6.42890664E-05,7.25031205E-05,9.09939481E-05,1.01143181E-04,1.16799281E-04,1.29824912E-04,1.46280887E-04,1.70098239E-04,1.62025492E-04,1.76365880E-04,1.77557915E-04,1.84916396E-04,1.78615257E-04,1.76266170E-04,1.77105409E-04,1.59349962E-04,1.56121518E-04,1.57685965E-04,1.57393442E-04,1.59185336E-04,1.58500974E-04,1.62324606E-04,1.71960855E-04,1.78549031E-04,1.69408362E-04,1.63045188E-04,1.59731091E-04,1.54883470E-04,1.41746728E-04,1.43731304E-04,1.21463068E-04,1.21896977E-04,1.17634780E-04,1.15690527E-04,1.20007011E-04,1.17252188E-04,1.22879821E-04,1.17882271E-04,1.19372409E-04,1.21043951E-04,1.14459006E-04,1.05608873E-04,8.68320931E-05,8.52191952E-05,8.40841021E-05,7.09204396E-05,6.81943129E-05,6.04998204E-05,5.91615571E-05,5.89411829E-05,5.43260539E-05,5.23015988E-05,5.46386727E-05,4.41859556E-05,4.45453843E-05,4.46763297E-05,4.49976033E-05,4.36740884E-05,3.74663105E-05,3.79110279E-05,3.17366103E-05,3.60312370E-05,3.33529133E-05,3.18364109E-05,3.26990303E-05,3.15767247E-05,2.88422525E-05,2.98668638E-05,3.30865332E-05,3.28602036E-05,2.86793074E-05,3.13618693E-05,3.06120601E-05,2.49306577E-05,3.06085567E-05,2.59593016E-05,2.38393750E-05,2.32181119E-05,2.71499430E-05,2.09174214E-05,3.28380374E-05,3.02446806E-05,2.73737714E-05,3.44021064E-05,4.51458836E-05,3.19228238E-05,4.17539813E-05,4.36652444E-05,4.68727994E-05,4.43157987E-05,5.03956144E-05,4.96146858E-05,5.17698827E-05,6.17618425E-05,6.75849733E-05,6.66156266E-05,6.90040251E-05,7.29013555E-05,7.11006796E-05,7.29845924E-05,6.88794316E-05,6.94606497E-05,7.76220113E-05,7.45971047E-05,7.79878901E-05,7.84155563E-05,7.88692050E-05,8.20851637E-05,8.28812699E-05,8.48464188E-05,8.23988521E-05,7.97144166E-05,7.87610770E-05,9.57568627E-05,9.74443319E-05,1.02644430E-04,1.19016673E-04,1.47793238E-04,1.84162200E-04,2.31675265E-04,3.01828492E-04,4.04178194E-04,5.44390641E-04,7.48531660E-04,1.03799696E-03,1.40837498E-03,1.90788612E-03,2.53574573E-03,3.36495414E-03,4.43891622E-03,5.70836011E-03,7.27159157E-03,9.07157734E-03,1.11227231E-02,1.35730635E-02,1.61451660E-02,1.88701879E-02,2.16378700E-02,2.43573450E-02,2.71208733E-02,2.97459811E-02,3.21539529E-02,3.43061201E-02,3.60987894E-02,3.75275426E-02,3.87565605E-02,3.96582708E-02,4.02994119E-02,4.06474397E-02,4.06302698E-02,4.05213870E-02,4.00569923E-02,3.95974144E-02,3.89739349E-02,3.83841917E-02,3.76806334E-02,3.69689018E-02,3.63501385E-02,3.56810242E-02,3.50856110E-02,3.44454497E-02,3.38962488E-02,3.33858356E-02,3.27403285E-02,3.21453884E-02,3.16746607E-02,3.11636999E-02,3.05920206E-02,3.01620252E-02,2.97025107E-02,2.92657446E-02,2.87478231E-02,2.83163749E-02,2.78432108E-02,2.74483245E-02,2.71139704E-02,2.67651211E-02,2.65338421E-02,2.62892526E-02,2.61507239E-02,2.59096939E-02,2.57498808E-02,2.56012157E-02,2.54307631E-02,2.52609514E-02,2.50986684E-02,2.49358527E-02,2.47152299E-02,2.45425683E-02,2.43519582E-02,2.41661239E-02,2.39328519E-02,2.37756353E-02,2.36648060E-02,2.35143807E-02,2.33682692E-02,2.32067294E-02,2.30681878E-02,2.29280703E-02,2.27582678E-02,2.26381253E-02,2.24895664E-02,2.21750289E-02,2.19829604E-02,2.17856001E-02,2.15296764E-02,2.13037059E-02,2.10409574E-02,2.07589772E-02,2.05175579E-02,2.01703012E-02,1.98791809E-02,1.95696950E-02,1.91738978E-02,1.86396707E-02,1.79151557E-02,1.70841087E-02,1.58696249E-02,1.45445457E-02,1.30622433E-02,1.15187652E-02,9.95399617E-03,8.47630948E-03,7.07143079E-03,5.72107965E-03,4.73353220E-03,3.84973804E-03,3.09858331E-03,2.51027220E-03,2.01157108E-03,1.62909576E-03,1.31521176E-03,1.07584125E-03,8.74435180E-04,7.29672960E-04,5.97011123E-04,4.98400943E-04,4.26338753E-04,3.52486502E-04,3.01743625E-04,2.64845497E-04,2.29512181E-04,1.97430621E-04,1.74064669E-04,1.58792667E-04,1.34124086E-04,1.14321447E-04,1.15455870E-04,9.92980204E-05,9.21157334E-05,7.67597885E-05,8.31613725E-05,6.97368014E-05,6.56104166E-05,5.41279514E-05,5.61127454E-05,5.79626940E-05,5.62167443E-05,5.83030815E-05,3.77013494E-05,5.03534902E-05,6.18147242E-05,5.51184457E-05,4.25173530E-05,3.60369377E-05,4.36126029E-05,5.09751553E-05,4.92089675E-05,3.64443986E-05,5.16763175E-05,5.21073271E-05,2.81715547E-05,5.16342661E-05,5.04725722E-05,3.88992266E-05,5.68126816E-05,5.04559466E-05,4.96712164E-05,6.96864809E-05,3.59367841E-05,5.22898481E-05,5.99567102E-05,3.99751334E-05,3.77620745E-05,5.02627954E-05,3.64954321E-05,4.84343254E-05,6.18694903E-05,2.69303855E-05,1.72201453E-05,3.77419929E-05,1.74972429E-05,3.22493070E-05,2.56529274E-05,2.58722994E-05,2.70741421E-05,1.28994143E-05,1.94641634E-05,2.45778483E-05,2.11270853E-05,1.03921639E-05,4.97262317E-06,3.71942565E-06,5.31262963E-08,1.74647230E-05,2.27050314E-05,2.10965445E-05,4.33949572E-06,-4.70E-06,2.48562428E-05,1.14681516E-05,1.47525288E-05,-6.62E-06,-5.84E-06,-1.23E-05,-1.82E-05,-2.27E-05,-2.96E-05,2.06530767E-05,3.26259033E-05,-4.15E-06,3.46251312E-07,-1.31E-05,3.25314213E-05,1.30893195E-05,7.54543180E-06,1.52054581E-05,4.24063801E-05,-1.90E-05,-2.42E-05,-6.78E-08,-3.21E-08,-2.15E-05,INT SYNC:059.94[Hz],DOUBLE FRAME,NORMAL,STANDARD DARK,TWO,CIE1931 (2°),1°,100,0.33333333,0.33333333,NONE,1,734067,2161564,OFF,TRUE,2024/03/25,16:46:40,OK00,----,----,----,CS-3000HDR,3001075,1.00.0008
37,1.49159902E+03,8.36156008E+02,3.99351081E+00,8.36156008E+02,0.6396912,0.35859613,0.42477789,0.53577154,----,----,603.180626,99.6094543,219.443711,215.956078,337.575403,2.99768148E+00,596,2.01981220E-05,-9.49E-06,-3.32E-06,-3.49E-06,1.36805975E-05,-1.47E-05,1.39895258E-06,-1.02E-05,1.39885981E-06,-3.54E-06,9.82354322E-06,1.26685627E-05,-7.60E-06,7.23801122E-07,1.07900951E-05,1.41581268E-06,-1.83E-05,-1.68E-05,2.90281823E-05,-2.55E-05,5.71228429E-06,2.84312705E-06,-1.32E-06,-7.11E-07,9.41941380E-06,-2.50E-06,1.64423400E-05,-8.39E-07,1.26265622E-05,-1.41E-05,1.33443500E-05,2.36447204E-06,-2.11E-06,3.91144295E-06,-9.62E-07,9.30837723E-06,2.84979569E-06,-8.30E-06,-4.10E-06,2.68309236E-06,3.94442168E-06,1.19579545E-05,3.29431850E-06,6.94394339E-06,1.75108914E-06,2.66658935E-06,-6.40E-06,4.59276043E-06,8.12109192E-06,5.33040247E-06,-6.21E-06,2.96941198E-06,1.01692713E-05,8.02160685E-06,-2.69E-06,7.40814858E-06,5.38636232E-06,-5.77E-06,-4.31E-06,-1.19E-06,5.62623791E-06,4.04340562E-06,-2.08E-06,6.69067731E-06,1.22628599E-05,1.15928888E-05,1.49120633E-05,3.57417302E-05,3.44210348E-05,5.50374971E-05,5.27843076E-05,5.29429199E-05,7.33755805E-05,8.61628796E-05,9.08007642E-05,9.49910391E-05,8.72719975E-05,1.00218916E-04,9.90078333E-05,1.04209328E-04,1.03548984E-04,1.02951519E-04,1.04552440E-04,9.56174554E-05,8.10798447E-05,8.14419254E-05,8.64949907E-05,8.53897363E-05,7.34731148E-05,8.35496321E-05,7.93596118E-05,6.94057453E-05,6.64948384E-05,7.33439228E-05,7.18598531E-05,6.95074414E-05,6.40905055E-05,6.30189825E-05,5.52745914E-05,5.36085645E-05,5.45052171E-05,5.50171717E-05,5.85593261E-05,4.83534459E-05,5.00903298E-05,5.05862190E-05,4.60947995E-05,4.95531276E-05,4.75553461E-05,3.92847214E-05,4.09968306E-05,4.53824105E-05,4.47463972E-05,3.67711109E-05,4.13650632E-05,4.39084251E-05,3.85848070E-05,3.82047583E-05,3.91061658E-05,3.73172807E-05,4.61001619E-05,3.81526770E-05,3.71032511E-05,3.04775203E-05,3.85056774E-05,3.72493523E-05,3.80235251E-05,4.10989960E-05,3.44003893E-05,3.34261313E-05,2.92075547E-05,3.06081020E-05,3.59623045E-05,3.18644416E-05,2.49297282E-05,2.89443578E-05,2.67047144E-05,2.12160721E-05,3.10215764E-05,3.38638456E-05,3.00071242E-05,2.53240596E-05,2.61654150E-05,2.65399922E-05,2.33623196E-05,3.09148891E-05,2.51130659E-05,2.76864430E-05,3.42964122E-05,2.64011214E-05,3.16786354E-05,3.30298244E-05,4.20117940E-05,4.20228571E-05,4.30486034E-05,3.97592157E-05,4.95482236E-05,4.99207526E-05,4.63848301E-05,5.88572948E-05,6.74297044E-05,1.08526561E-04,6.46747358E-05,6.93068941E-05,6.29710485E-05,6.96930001E-05,6.98333824E-05,6.15090830E-05,5.93661389E-05,6.29098067E-05,6.88264045E-05,7.60347830E-05,7.68586906E-05,7.24800921E-05,7.63340868E-05,7.77982277E-05,8.93745309E-05,7.81667113E-05,7.89842888E-05,7.40208270E-05,8.19423367E-05,9.69804460E-05,9.80788463E-05,1.13459988E-04,1.35506096E-04,1.62308934E-04,1.99308197E-04,2.61375855E-04,3.34011653E-04,4.39402298E-04,6.01381354E-04,8.17742723E-04,1.15884980E-03,1.57821027E-03,2.13789265E-03,2.88182823E-03,3.82444845E-03,5.09769656E-03,6.57962263E-03,8.39057658E-03,1.05142221E-02,1.29907839E-02,1.58955585E-02,1.90092921E-02,2.23121438E-02,2.56914347E-02,2.90026516E-02,3.23443078E-02,3.55762243E-02,3.84736061E-02,4.11251783E-02,4.32520732E-02,4.49124053E-02,4.64118309E-02,4.73792478E-02,4.79645506E-02,4.82099243E-02,4.81433980E-02,4.78516519E-02,4.73034829E-02,4.67519090E-02,4.59791124E-02,4.52237055E-02,4.43946496E-02,4.35464010E-02,4.28451262E-02,4.21370268E-02,4.14759219E-02,4.09372896E-02,4.03733961E-02,3.98320556E-02,3.92974056E-02,3.87569554E-02,3.83664630E-02,3.79000343E-02,3.75183783E-02,3.70840840E-02,3.66782583E-02,3.63003984E-02,3.57513279E-02,3.54392752E-02,3.49995494E-02,3.45680080E-02,3.41943540E-02,3.38249616E-02,3.34870405E-02,3.31890211E-02,3.29033174E-02,3.25457416E-02,3.22240442E-02,3.19281369E-02,3.16456743E-02,3.13360132E-02,3.09749134E-02,3.07209454E-02,3.03890519E-02,3.00737936E-02,2.97075063E-02,2.93961857E-02,2.91052256E-02,2.88084168E-02,2.85673812E-02,2.83724703E-02,2.81767026E-02,2.79824212E-02,2.78477333E-02,2.76335832E-02,2.75435541E-02,2.74237003E-02,2.71895174E-02,2.69758422E-02,2.68117078E-02,2.65604611E-02,2.63296869E-02,2.61355415E-02,2.58420017E-02,2.55182348E-02,2.52635144E-02,2.50027142E-02,2.46600043E-02,2.43331194E-02,2.38148011E-02,2.32432894E-02,2.23818906E-02,2.13356353E-02,1.99206192E-02,1.83124095E-02,1.64825264E-02,1.45447627E-02,1.25487642E-02,1.07233757E-02,8.94537102E-03,7.29786279E-03,5.98085904E-03,4.87374840E-03,3.93868145E-03,3.18511063E-03,2.58046761E-03,2.10104464E-03,1.67985470E-03,1.37594668E-03,1.12227804E-03,9.38886020E-04,7.64784054E-04,6.43875974E-04,5.45990246E-04,4.65599180E-04,3.80178128E-04,3.32739815E-04,2.89472518E-04,2.46421230E-04,2.25507305E-04,1.89422732E-04,1.82129093E-04,1.59218500E-04,1.42679637E-04,1.28016371E-04,1.27423671E-04,1.05945968E-04,8.80756052E-05,9.83828868E-05,8.99163497E-05,8.60515065E-05,7.05441780E-05,6.23065353E-05,6.32534066E-05,7.01064273E-05,5.59080618E-05,4.78255461E-05,6.76288837E-05,5.73618017E-05,5.41469017E-05,4.65427365E-05,4.34942449E-05,4.48039100E-05,7.02246689E-05,4.71677777E-05,6.14482560E-05,5.26949261E-05,5.12330989E-05,5.43357237E-05,5.95723541E-05,5.36558073E-05,6.43218882E-05,4.11082619E-05,4.77848625E-05,4.67267964E-05,6.45408509E-05,4.66807687E-05,8.30876015E-05,6.38329147E-05,4.80020753E-05,6.25238317E-05,5.30197394E-05,5.36221378E-05,4.49492836E-05,3.90178393E-05,4.70909545E-05,5.26429867E-05,4.81309544E-05,5.32742852E-05,4.41529846E-05,3.72334252E-05,1.57451905E-05,3.40925835E-05,1.64638786E-05,2.98764480E-05,3.86298052E-05,9.99819804E-06,1.12604557E-05,1.65435704E-05,2.13459007E-05,1.02088725E-05,7.29376779E-06,8.36719391E-06,-1.01E-05,2.23303559E-05,3.86046377E-05,2.95533646E-05,2.66322895E-05,1.93593896E-05,2.39446558E-06,-1.41E-05,-9.21E-06,1.50501155E-05,-6.77E-06,1.23942791E-05,3.31949923E-05,-1.68E-05,-2.45E-06,-5.47E-06,2.40963418E-05,-4.53E-06,-3.44E-06,5.91888329E-06,2.70370874E-05,1.82624553E-05,-4.78E-05,-3.83E-05,-1.91E-05,6.60758360E-06,INT SYNC:059.94[Hz],DOUBLE FRAME,NORMAL,STANDARD DARK,TWO,CIE1931 (2°),1°,100,0.33333333,0.33333333,NONE,1,633967,1961304,OFF,TRUE,2024/03/25,16:46:44,OK00,----,----,----,CS-3000HDR,3001075,1.00.0008
38,1.33966494E+03,7.53183798E+02,5.76305716E+00,7.53183798E+02,0.63835767,0.3588962,0.42345177,0.5356625,----,----,603.0867,99.2995998,211.383168,207.405015,314.787131,2.68291003E+00,597,4.83576605E-06,7.02818397E-06,-1.76E-06,-1.65E-06,1.47852588E-05,-1.57E-05,-2.17E-05,-2.50E-06,1.36383269E-05,1.29967548E-05,1.11035206E-05,-5.49E-06,-2.84E-06,-1.58E-06,8.53215261E-06,-1.33E-05,5.43557644E-06,-7.75E-06,1.68246133E-05,6.09281551E-06,4.08546794E-06,-9.10E-06,4.25185499E-06,-7.07E-06,1.64615744E-06,3.84338227E-06,-1.19E-05,1.98348553E-05,1.03664051E-05,1.39416297E-05,1.25271490E-05,-3.01E-06,1.09560178E-05,2.46159880E-06,-6.66E-07,1.95707844E-06,7.45067564E-06,-7.46E-06,6.59456737E-06,3.87091904E-06,3.51521339E-06,6.70332213E-07,6.84380211E-06,-1.94E-06,-4.06E-06,2.11437822E-07,-3.70E-06,-6.93E-06,-3.82E-06,2.57252077E-06,-8.12E-06,1.27406247E-05,1.92582274E-06,-5.75E-06,-3.87E-06,-6.32E-06,9.71585268E-06,5.23404151E-06,2.87863912E-07,2.23604616E-06,8.14970463E-06,3.26787358E-06,1.45150152E-05,5.00768556E-06,2.01293169E-05,2.24157247E-05,1.58896510E-05,3.33627722E-05,5.59082946E-05,6.90761954E-05,7.32009867E-05,8.20312562E-05,1.12511152E-04,1.14098322E-04,1.26765779E-04,1.42888457E-04,1.47578598E-04,1.48868843E-04,1.65743128E-04,1.65325619E-04,1.61170654E-04,1.47145256E-04,1.51621294E-04,1.34205271E-04,1.31608234E-04,1.36034767E-04,1.36173097E-04,1.37457959E-04,1.30016313E-04,1.43307348E-04,1.43815792E-04,1.45345504E-04,1.40677497E-04,1.40334843E-04,1.38993215E-04,1.34485759E-04,1.31975670E-04,1.12814552E-04,1.16906471E-04,1.09124456E-04,1.00974816E-04,1.06489853E-04,1.05107487E-04,9.45836000E-05,1.03461854E-04,9.46404034E-05,9.95256487E-05,9.58936143E-05,9.57578668E-05,9.58915625E-05,7.46365404E-05,7.73678767E-05,7.10987661E-05,6.19485581E-05,5.83277833E-05,4.67690588E-05,5.12851475E-05,5.29160716E-05,5.72033387E-05,4.71242929E-05,4.90219827E-05,4.05160645E-05,4.23676720E-05,4.26380248E-05,4.29045467E-05,4.20086217E-05,4.10842513E-05,3.95787756E-05,3.73120929E-05,3.20208383E-05,3.56001183E-05,4.07913249E-05,3.20494510E-05,3.13334276E-05,3.14546196E-05,2.52807695E-05,2.68051153E-05,3.31811461E-05,2.56916555E-05,3.03831057E-05,2.67438663E-05,1.83444208E-05,1.54277368E-05,3.28276947E-05,2.39845122E-05,2.37661097E-05,2.56385592E-05,2.27616747E-05,2.30728674E-05,2.44542061E-05,3.71494643E-05,2.93023386E-05,3.70250127E-05,3.58868310E-05,4.27699051E-05,3.67621578E-05,4.50232110E-05,4.19347889E-05,4.69381412E-05,5.19918431E-05,5.82168468E-05,6.03219742E-05,6.88707005E-05,6.58624194E-05,6.95454728E-05,7.58017632E-05,7.15292554E-05,6.47619599E-05,6.17569967E-05,6.40620128E-05,7.47022859E-05,6.87414577E-05,7.62948621E-05,7.40739924E-05,7.86836390E-05,8.25154129E-05,7.53491549E-05,8.05568925E-05,7.86857781E-05,8.05532254E-05,8.43029629E-05,9.35029748E-05,9.52511837E-05,1.15531249E-04,1.33666399E-04,1.51664644E-04,1.90838473E-04,2.48654978E-04,3.29494447E-04,4.22703859E-04,5.61576686E-04,7.75949622E-04,1.07627932E-03,1.48336112E-03,2.00241455E-03,2.69774813E-03,3.55687947E-03,4.73384978E-03,6.11385005E-03,7.77242426E-03,9.68971383E-03,1.19191865E-02,1.45534230E-02,1.73463952E-02,2.03059446E-02,2.33494341E-02,2.62688883E-02,2.92081591E-02,3.21949087E-02,3.47684808E-02,3.70220318E-02,3.89525518E-02,4.05233540E-02,4.18199040E-02,4.28048968E-02,4.33841869E-02,4.36211936E-02,4.36560810E-02,4.33547273E-02,4.30209525E-02,4.24539447E-02,4.17792425E-02,4.11130451E-02,4.04250696E-02,3.96955386E-02,3.89611237E-02,3.82715240E-02,3.77034880E-02,3.71232219E-02,3.64993326E-02,3.60485651E-02,3.54289822E-02,3.49025019E-02,3.43872644E-02,3.39887440E-02,3.34344506E-02,3.29589210E-02,3.25333886E-02,3.20909992E-02,3.15720998E-02,3.11207883E-02,3.07153296E-02,3.02311424E-02,2.98676435E-02,2.95480881E-02,2.92003918E-02,2.89768465E-02,2.86503118E-02,2.84525212E-02,2.81833056E-02,2.80175824E-02,2.77965833E-02,2.76488941E-02,2.73336340E-02,2.71281861E-02,2.68527679E-02,2.66521554E-02,2.64079999E-02,2.61212364E-02,2.58925986E-02,2.57255957E-02,2.55364273E-02,2.53751744E-02,2.51565687E-02,2.51619257E-02,2.49573644E-02,2.48393677E-02,2.46799495E-02,2.45307647E-02,2.43042186E-02,2.40958147E-02,2.39834953E-02,2.37130895E-02,2.34109815E-02,2.32044887E-02,2.29914691E-02,2.26758067E-02,2.23948117E-02,2.20780838E-02,2.18191110E-02,2.14985963E-02,2.09840499E-02,2.03501265E-02,1.96545199E-02,1.87251288E-02,1.74546279E-02,1.60377547E-02,1.43556213E-02,1.27066551E-02,1.09701557E-02,9.30321496E-03,7.78824231E-03,6.33171527E-03,5.21476287E-03,4.23220173E-03,3.44861159E-03,2.75995256E-03,2.22131261E-03,1.78822107E-03,1.44245615E-03,1.18697865E-03,9.75702656E-04,8.01106973E-04,6.69269823E-04,5.57871419E-04,4.70219558E-04,3.88719694E-04,3.31195100E-04,2.72043835E-04,2.43603092E-04,2.20972128E-04,1.92955806E-04,1.75494046E-04,1.45520156E-04,1.34154514E-04,1.14134316E-04,1.06829262E-04,1.02241131E-04,8.41434885E-05,8.01175265E-05,8.47821939E-05,7.94887892E-05,6.86205385E-05,6.10752977E-05,5.70352786E-05,5.27493830E-05,6.15807148E-05,5.95713536E-05,5.00490969E-05,5.59729306E-05,5.76104685E-05,6.39092250E-05,5.06143733E-05,4.81658353E-05,4.98326699E-05,5.46783303E-05,5.93030672E-05,4.08385349E-05,3.97318036E-05,5.54972903E-05,4.49918261E-05,4.94758278E-05,5.06384313E-05,5.35217732E-05,5.72027020E-05,5.03970368E-05,5.63980284E-05,4.98710178E-05,5.42134694E-05,6.83207400E-05,4.03380654E-05,4.03183949E-05,4.05008250E-05,5.41357949E-05,4.16619769E-05,2.68777585E-05,3.38819846E-05,7.47245622E-06,3.64366242E-05,4.17732372E-05,2.61411205E-05,1.55796060E-05,2.32061266E-05,1.76062422E-05,3.37666097E-05,2.62461308E-05,3.89322886E-05,2.68665849E-06,-5.46E-06,1.24121834E-05,1.67306971E-05,9.03054479E-06,8.18615536E-06,1.51791637E-05,1.28207239E-05,-5.05E-06,-1.13E-05,-1.30E-05,-4.72E-06,3.51017616E-06,4.28423991E-05,1.86599318E-05,8.71940028E-06,5.86781789E-06,3.74020988E-06,-1.18E-05,-3.07E-05,1.96216406E-05,1.95529447E-05,-4.13E-05,9.33864430E-06,4.65567500E-05,-3.03E-06,-1.16E-05,-2.00E-06,2.93505291E-05,9.72305952E-06,-2.69E-05,1.77035308E-05,2.19030389E-05,5.34834253E-05,INT SYNC:059.94[Hz],DOUBLE FRAME,NORMAL,STANDARD DARK,TWO,CIE1931 (2°),1°,100,0.33333333,0.33333333,NONE,1,667334,2032921,OFF,TRUE,2024/03/25,16:46:49,OK00,----,----,----,CS-3000HDR,3001075,1.00.0008
39,1.49254469E+03,8.36642607E+02,4.00105347E+00,8.36642607E+02,0.63970176,0.3585834,0.42479716,0.53576799,----,----,603.18373,99.6087819,219.489374,216.019308,337.61112,2.99976014E+00,597,-2.18E-07,8.78998071E-06,3.17730496E-06,-1.54E-05,5.37187873E-07,-5.85E-06,-7.83E-06,1.25951110E-05,-1.39E-06,3.86921238E-06,-5.28E-06,-1.87E-05,4.36512437E-07,4.53884104E-06,1.50765600E-05,-2.21E-06,5.04909121E-06,-6.40E-07,1.93263804E-05,1.60819491E-05,3.98891098E-06,3.60326590E-06,-2.45E-07,-3.99E-06,2.69269913E-06,9.77304899E-06,-2.32E-05,1.14840429E-06,-8.71E-06,-2.03E-06,9.49444711E-06,7.75418812E-06,1.34464717E-05,7.40995517E-07,-1.41E-05,9.70829660E-06,1.79745211E-06,3.33744970E-06,-4.14E-06,-5.18E-06,1.32789510E-05,3.58805465E-07,-1.22E-06,6.53886991E-06,2.78039647E-06,1.05167464E-05,1.13434589E-05,1.35681580E-06,7.71472787E-06,1.41483997E-06,2.91834613E-06,-5.21E-06,2.51709162E-06,7.04996000E-06,3.65761821E-06,-2.90E-06,3.92750280E-06,-1.37E-06,9.03260388E-06,-5.54E-07,3.00286001E-06,9.06161546E-08,1.21416531E-06,1.02532704E-05,1.12934758E-05,1.51335989E-05,1.27544381E-05,3.34266260E-05,5.03063602E-05,5.53095706E-05,6.61890590E-05,6.25701359E-05,7.64112556E-05,8.17543842E-05,8.73245735E-05,8.75840124E-05,9.51571928E-05,1.02120481E-04,1.00742829E-04,9.61950209E-05,1.02714715E-04,9.01534586E-05,9.33667761E-05,8.45534523E-05,7.91607526E-05,8.06877506E-05,7.81253038E-05,7.96354288E-05,8.16708634E-05,7.17807125E-05,7.26219514E-05,7.44234858E-05,7.63443459E-05,7.79206821E-05,7.06735591E-05,6.85293271E-05,7.22336117E-05,5.92045071E-05,6.03113149E-05,6.00875464E-05,5.16650398E-05,4.75491033E-05,5.75243648E-05,5.12308798E-05,4.95415952E-05,4.36265254E-05,5.19747555E-05,5.20642025E-05,4.53575703E-05,4.57034621E-05,3.77166252E-05,3.45595945E-05,4.66913698E-05,3.91778158E-05,4.86424397E-05,4.34457143E-05,3.21831430E-05,4.14460483E-05,4.41584561E-05,4.53684224E-05,3.84796185E-05,3.84738014E-05,3.82169819E-05,3.95085190E-05,4.09536005E-05,3.77194410E-05,3.47663081E-05,3.74183364E-05,3.71164315E-05,2.67348914E-05,3.79560988E-05,3.71342867E-05,3.82078106E-05,2.80578988E-05,3.50605806E-05,2.89351447E-05,2.82960809E-05,3.07455739E-05,3.34889155E-05,3.14626777E-05,3.27764537E-05,2.85770257E-05,2.43683262E-05,3.07818882E-05,2.63557558E-05,2.73062469E-05,3.38322243E-05,2.31646300E-05,2.60575380E-05,2.50726425E-05,1.88909162E-05,2.79897376E-05,3.87729851E-05,4.28071326E-05,3.75279305E-05,4.00749595E-05,4.48675892E-05,5.62712594E-05,5.45954281E-05,5.64094262E-05,5.89732481E-05,6.43010208E-05,6.83651087E-05,6.73140021E-05,7.03373589E-05,6.98364092E-05,7.02673424E-05,6.67330387E-05,6.60906662E-05,7.14023699E-05,7.74852379E-05,7.42098055E-05,8.01082278E-05,7.27259976E-05,7.39520328E-05,8.47383926E-05,7.97359753E-05,7.26130747E-05,7.82099596E-05,8.36195759E-05,8.65509282E-05,9.89355103E-05,1.00399702E-04,1.15423121E-04,1.34954011E-04,1.61893200E-04,2.00053633E-04,2.58348271E-04,3.39181599E-04,4.47943428E-04,6.10760646E-04,8.23836948E-04,1.14219345E-03,1.58343324E-03,2.16368190E-03,2.86795851E-03,3.81829939E-03,5.08575095E-03,6.58714073E-03,8.37654341E-03,1.05120726E-02,1.29966903E-02,1.59009006E-02,1.90362968E-02,2.22872533E-02,2.56510004E-02,2.89970730E-02,3.22949924E-02,3.55988853E-02,3.84715274E-02,4.11300771E-02,4.32910882E-02,4.48997766E-02,4.64412086E-02,4.73936014E-02,4.79744226E-02,4.82630692E-02,4.82683145E-02,4.79460917E-02,4.73586060E-02,4.67650779E-02,4.60107699E-02,4.52432372E-02,4.44483869E-02,4.35599759E-02,4.28766757E-02,4.21629027E-02,4.15715128E-02,4.09234948E-02,4.03731056E-02,3.98561545E-02,3.93010043E-02,3.88295539E-02,3.84055711E-02,3.79680544E-02,3.75679135E-02,3.71091440E-02,3.67267281E-02,3.62865664E-02,3.59045975E-02,3.54431346E-02,3.50234136E-02,3.45915705E-02,3.42642777E-02,3.38138901E-02,3.35088074E-02,3.32216807E-02,3.28720510E-02,3.25279497E-02,3.21927965E-02,3.19618955E-02,3.16273049E-02,3.13563719E-02,3.10543682E-02,3.07476111E-02,3.03420946E-02,3.00614852E-02,2.97612455E-02,2.94295046E-02,2.90918909E-02,2.88311057E-02,2.85826325E-02,2.83245519E-02,2.81028692E-02,2.80449409E-02,2.78548524E-02,2.77090669E-02,2.75691561E-02,2.74118520E-02,2.72570048E-02,2.70397086E-02,2.68300120E-02,2.66072862E-02,2.64012329E-02,2.60978490E-02,2.58162469E-02,2.55551748E-02,2.52912082E-02,2.49806270E-02,2.46862378E-02,2.43554935E-02,2.38786079E-02,2.32373290E-02,2.23940555E-02,2.14537159E-02,1.98623016E-02,1.83415730E-02,1.64770801E-02,1.45104360E-02,1.25713944E-02,1.06824720E-02,8.99555720E-03,7.28297466E-03,6.00757357E-03,4.87088785E-03,3.95925762E-03,3.20658484E-03,2.57972069E-03,2.10656342E-03,1.67423568E-03,1.36490620E-03,1.12839497E-03,9.28816968E-04,7.69681763E-04,6.51311304E-04,5.36012929E-04,4.59096220E-04,3.82892322E-04,3.36400117E-04,2.86599621E-04,2.59250519E-04,2.20151167E-04,2.05556964E-04,1.83649798E-04,1.61005199E-04,1.37417970E-04,1.21987257E-04,1.22279031E-04,1.02872022E-04,9.22411346E-05,9.40087193E-05,8.31586367E-05,6.20595893E-05,7.18956944E-05,7.25409918E-05,5.21410147E-05,4.73062209E-05,5.38000168E-05,4.58737450E-05,5.28819874E-05,5.44111354E-05,4.52597924E-05,4.65924604E-05,5.86548958E-05,6.35841643E-05,5.86418209E-05,5.82766806E-05,5.93039258E-05,5.34395804E-05,5.44245886E-05,6.53872703E-05,6.31699368E-05,5.48456119E-05,5.70655066E-05,4.87393190E-05,7.01692261E-05,7.60123439E-05,4.31585941E-05,5.91722928E-05,6.51978917E-05,5.01265276E-05,6.02307882E-05,5.62624737E-05,5.02124894E-05,3.87910768E-05,4.69398692E-05,5.02131988E-05,2.00031664E-05,4.37419658E-05,2.88410974E-05,8.47539559E-06,4.15134600E-05,4.01515827E-05,2.26357788E-05,3.96376163E-05,2.88412575E-05,1.22098172E-05,2.66337775E-05,3.03908510E-05,2.40768586E-05,3.63272738E-05,1.50070118E-05,9.71273585E-06,1.90018582E-05,9.09730534E-06,8.35328228E-06,5.58613192E-06,1.34349330E-05,4.34859930E-06,1.97636236E-05,1.74368051E-05,2.39273941E-05,2.67211872E-05,2.74005633E-05,3.40972365E-05,-9.46E-06,1.14820496E-05,2.76864776E-05,-2.73E-05,-2.49E-05,-2.92E-06,5.27205084E-05,3.96413525E-05,3.94445306E-05,1.02264185E-05,3.21199404E-05,2.75851221E-06,-3.67E-05,-2.27E-05,2.47340886E-05,2.02266183E-05,INT SYNC:059.94[Hz],DOUBLE FRAME,NORMAL,STANDARD DARK,TWO,CIE1931 (2°),1°,100,0.33333333,0.33333333,NONE,1,600601,1902143,OFF,TRUE,2024/03/25,16:46:53,OK00,----,----,----,CS-3000HDR,3001075,1.00.0008
40,1.43941368E+03,8.07801938E+02,4.86703387E+00,8.07801938E+02,0.6391478,0.35869107,0.42426027,0.53571542,----,----,603.148695,99.4749437,216.751749,213.034981,328.274501,2.88920371E+00,596,-1.24E-05,-1.70E-05,7.17763169E-06,2.00277864E-05,-1.03E-05,-3.85E-05,1.88655065E-06,-8.98E-06,-9.54E-07,6.13426346E-06,5.22846358E-06,6.14176042E-06,-1.67E-05,-1.27E-06,5.59322007E-06,-1.48E-05,-1.04E-05,-4.62E-06,1.30013668E-05,2.31886656E-06,1.13276046E-05,-1.40E-05,-6.91E-06,3.42270914E-06,1.42591152E-05,1.64622124E-05,-7.86E-06,1.73732951E-05,1.47270548E-05,1.11733752E-05,8.57445229E-06,-9.94E-06,5.47730963E-07,8.22452603E-06,7.78948015E-06,6.29751412E-06,7.13057398E-06,5.13896202E-06,2.36928955E-07,-6.94E-06,7.70881888E-06,5.15292868E-06,-3.96E-07,3.13406258E-06,-1.99E-06,-2.42E-06,6.68836810E-06,9.42383565E-07,1.11328109E-05,7.14688713E-06,-1.38E-06,-4.76E-06,5.16333421E-06,3.98442762E-06,1.50310518E-06,5.76393518E-07,1.51730246E-05,5.91352682E-06,1.90593425E-06,1.29084619E-05,7.43943292E-06,2.60911202E-06,1.99702918E-05,1.15590547E-06,1.76125775E-06,2.28040899E-05,3.40329570E-05,3.62528699E-05,5.52768543E-05,5.92338802E-05,5.90190793E-05,7.51278058E-05,9.28368900E-05,1.07200496E-04,1.09381232E-04,1.23723701E-04,1.12324560E-04,1.21034638E-04,1.33160618E-04,1.23047139E-04,1.28181506E-04,1.11022768E-04,1.10149180E-04,1.05167994E-04,1.02780316E-04,1.01784615E-04,1.08328371E-04,1.03026177E-04,1.03089806E-04,1.03126527E-04,1.02874561E-04,1.08551118E-04,1.03077022E-04,1.10391062E-04,1.00045749E-04,1.00312864E-04,9.31662435E-05,8.01425340E-05,8.16796455E-05,7.76283123E-05,7.44754798E-05,7.97610846E-05,7.61447445E-05,6.77509452E-05,7.07808358E-05,7.14912458E-05,7.42083866E-05,7.41819240E-05,6.97151700E-05,6.63584797E-05,7.16808063E-05,4.60199299E-05,6.26622495E-05,5.81007516E-05,4.85387573E-05,5.11641010E-05,4.12404952E-05,3.75317213E-05,4.47482707E-05,4.90920029E-05,4.41210905E-05,4.05353530E-05,4.31008229E-05,4.87280231E-05,3.24188259E-05,4.34225149E-05,3.43860120E-05,3.72945324E-05,3.69970912E-05,2.89669806E-05,3.41073064E-05,3.69344889E-05,3.24525899E-05,3.51114577E-05,3.70787529E-05,2.59272947E-05,3.19038372E-05,3.36145822E-05,3.07257287E-05,2.90001753E-05,2.48238975E-05,2.69327156E-05,2.72110956E-05,2.61649748E-05,2.65801064E-05,2.94361780E-05,2.74508147E-05,2.40442168E-05,3.49090515E-05,3.13959281E-05,3.15662583E-05,3.41304367E-05,3.86231368E-05,4.00316021E-05,3.95964962E-05,5.06075048E-05,4.05292340E-05,4.30440195E-05,5.07255645E-05,5.80579363E-05,5.94238882E-05,6.03608751E-05,6.57679993E-05,5.92714277E-05,7.36427464E-05,6.93379843E-05,7.50956315E-05,6.98993899E-05,6.70335139E-05,6.65808329E-05,7.27513689E-05,7.48138700E-05,7.36498041E-05,7.32894987E-05,7.71743726E-05,7.82395073E-05,8.47338233E-05,7.30432948E-05,7.98130059E-05,8.35835381E-05,8.57148698E-05,9.51749316E-05,9.80905679E-05,1.10284753E-04,1.32656947E-04,1.66052152E-04,1.98867914E-04,2.61208450E-04,3.23926273E-04,4.38727729E-04,5.99822495E-04,8.12425511E-04,1.13563112E-03,1.54861005E-03,2.10496644E-03,2.80761928E-03,3.73300025E-03,4.97370586E-03,6.43380871E-03,8.19446612E-03,1.02620302E-02,1.26620233E-02,1.54943001E-02,1.84759572E-02,2.16472559E-02,2.48686466E-02,2.80816201E-02,3.12967785E-02,3.44155468E-02,3.72150019E-02,3.97097468E-02,4.18437049E-02,4.34845462E-02,4.47981395E-02,4.57774810E-02,4.63730507E-02,4.66042496E-02,4.65922318E-02,4.63269651E-02,4.58380766E-02,4.52358648E-02,4.44890521E-02,4.38490361E-02,4.30702455E-02,4.22406271E-02,4.14731540E-02,4.08034585E-02,4.02345844E-02,3.96439023E-02,3.90605442E-02,3.85580137E-02,3.80353741E-02,3.74754667E-02,3.70237269E-02,3.65953185E-02,3.61273549E-02,3.57434452E-02,3.53387073E-02,3.48706543E-02,3.43172587E-02,3.39112803E-02,3.34518142E-02,3.30950655E-02,3.26828659E-02,3.23009342E-02,3.19863148E-02,3.17097455E-02,3.13757248E-02,3.10902093E-02,3.07591967E-02,3.05067506E-02,3.02593466E-02,3.00033819E-02,2.96862330E-02,2.94037350E-02,2.91459505E-02,2.88175624E-02,2.85218265E-02,2.82532405E-02,2.78745517E-02,2.77196784E-02,2.75092348E-02,2.73117535E-02,2.71025747E-02,2.69723274E-02,2.68724300E-02,2.66233124E-02,2.65068077E-02,2.63821557E-02,2.62011886E-02,2.60670483E-02,2.57922970E-02,2.55776886E-02,2.53343415E-02,2.50736773E-02,2.47531403E-02,2.45182868E-02,2.43662093E-02,2.39263140E-02,2.37179063E-02,2.33462956E-02,2.28948556E-02,2.22542416E-02,2.14787647E-02,2.03937814E-02,1.90499239E-02,1.75207015E-02,1.57581531E-02,1.38303274E-02,1.20088747E-02,1.02110254E-02,8.57094210E-03,6.99769985E-03,5.72369201E-03,4.64638276E-03,3.77235562E-03,3.04460083E-03,2.48053088E-03,2.00440758E-03,1.59543357E-03,1.31344260E-03,1.07960158E-03,8.69988173E-04,7.23596546E-04,6.04373985E-04,5.15915221E-04,4.45529120E-04,3.75965465E-04,3.19080864E-04,2.79414933E-04,2.33631654E-04,2.08713056E-04,1.94897191E-04,1.60429976E-04,1.60261596E-04,1.45076163E-04,1.16298630E-04,1.15238137E-04,1.09553279E-04,9.38112280E-05,9.49265232E-05,7.46261067E-05,7.48265884E-05,6.55458862E-05,6.52966482E-05,6.93499824E-05,5.87562681E-05,5.48209900E-05,4.25907128E-05,5.77429455E-05,6.82940590E-05,5.39087305E-05,5.15559768E-05,4.53143221E-05,4.75057750E-05,6.20961728E-05,5.59823275E-05,5.49639008E-05,6.50096845E-05,5.45936382E-05,5.71699857E-05,4.96634493E-05,5.15477404E-05,5.88388612E-05,5.29702265E-05,3.98366647E-05,6.16715843E-05,5.63968060E-05,5.40967412E-05,6.55685799E-05,5.25629475E-05,4.23554338E-05,4.86028257E-05,5.41953850E-05,5.33285820E-05,4.69366605E-05,3.49933398E-05,1.84861274E-05,3.50038426E-05,3.52545794E-05,1.79325416E-05,9.08699894E-06,1.62953056E-05,1.64389130E-05,1.14000359E-05,1.46505943E-06,2.56889925E-05,3.23869790E-05,1.87025489E-05,7.47144497E-07,2.86148952E-05,3.08013696E-05,1.55905636E-05,-6.83E-06,2.37726863E-06,2.39927085E-05,-7.62E-06,1.01223650E-05,1.27168059E-05,3.73451840E-05,3.80934762E-05,1.45295944E-05,-2.68E-05,-1.28E-05,1.58186886E-05,1.41870714E-05,2.87897492E-05,3.76974640E-05,-3.76E-05,2.04891330E-05,-1.54E-05,5.87130235E-05,-1.89E-05,1.75818132E-05,1.60241379E-05,-3.23E-06,-2.52E-06,-9.99E-06,-1.91E-05,3.39991457E-05,2.52940190E-05,INT SYNC:059.94[Hz],DOUBLE FRAME,NORMAL,STANDARD DARK,TWO,CIE1931 (2°),1°,100,0.33333333,0.33333333,NONE,1,633967,1965234,OFF,TRUE,2024/03/25,16:46:57,OK00,----,----,----,CS-3000HDR,3001075,1.00.0008
41,1.49151331E+03,8.36074538E+02,4.06180246E+00,8.36074538E+02,0.63968157,0.3585764,0.42478683,0.53576141,----,----,603.184946,99.6006087,219.436064,215.965464,337.17474,2.99754227E+00,597,-2.31E-05,1.89896912E-06,1.96302153E-05,1.84940327E-05,1.62250071E-05,5.57235637E-07,1.14715695E-05,-9.19E-06,-8.82E-06,7.10248378E-06,-1.66E-06,2.36972505E-06,-4.38E-06,-6.06E-06,-2.70E-06,-3.37E-06,-2.29E-05,-9.38E-06,-3.58E-06,1.02910153E-05,-7.64E-06,-7.23E-06,-1.70E-05,-9.87E-06,1.10394549E-05,1.94692875E-05,-2.61E-06,5.15540819E-07,2.15321925E-05,1.95729717E-05,9.65887375E-06,7.25874997E-06,-1.60E-05,-3.89E-06,8.99891893E-06,1.03327229E-05,-4.06E-06,7.95740277E-07,-4.92E-06,-7.47E-06,7.25305836E-06,4.97152769E-06,2.77474828E-06,-3.96E-07,-2.60E-06,-8.43E-06,-8.48E-06,1.82614963E-06,4.96893836E-06,-2.56E-07,-5.79E-06,6.83998269E-06,3.72872751E-06,4.01220632E-06,1.01253154E-05,-7.02E-06,5.35156505E-06,5.11678218E-06,-1.08E-07,-6.26E-07,5.56053328E-06,5.06769356E-06,9.23976222E-06,6.37539142E-06,1.68678635E-05,3.28359565E-05,2.11921924E-05,2.68732401E-05,5.04918680E-05,4.50479019E-05,5.49439792E-05,6.91283858E-05,7.68973114E-05,8.47779811E-05,9.49925379E-05,9.37309087E-05,1.07876309E-04,9.02307656E-05,1.09998829E-04,1.07171516E-04,8.99712832E-05,9.61346232E-05,9.42891347E-05,9.06407004E-05,7.67976380E-05,8.42321897E-05,7.68698083E-05,8.37877451E-05,6.95974086E-05,7.93662693E-05,8.11901991E-05,7.75287117E-05,6.64722538E-05,7.50864638E-05,7.21882388E-05,7.03968180E-05,6.83775943E-05,6.38440906E-05,6.98809017E-05,5.91928183E-05,5.32994891E-05,5.07262921E-05,5.80053420E-05,5.50460500E-05,5.16245091E-05,5.58200773E-05,5.43030110E-05,5.04811615E-05,4.55404697E-05,4.80236158E-05,4.24541286E-05,4.57072711E-05,4.92209729E-05,3.96988216E-05,4.27278319E-05,4.77625726E-05,5.17435292E-05,4.21540026E-05,3.39280814E-05,4.36955306E-05,4.33945170E-05,3.75159943E-05,3.88643966E-05,4.50129155E-05,3.54903823E-05,3.00837601E-05,3.95152201E-05,3.64997250E-05,3.18215789E-05,3.36039702E-05,3.36883022E-05,2.99318981E-05,3.37035199E-05,2.33700139E-05,3.13458731E-05,3.10482719E-05,3.67465727E-05,3.41982632E-05,3.08288436E-05,3.13527889E-05,2.54228216E-05,2.64509363E-05,2.90924090E-05,2.96884900E-05,2.24409450E-05,2.53920534E-05,2.92375498E-05,2.58221698E-05,3.02910103E-05,2.63678503E-05,3.19586907E-05,3.63705585E-05,3.68470428E-05,3.16463629E-05,3.86208449E-05,4.05697829E-05,3.02455755E-05,5.03823467E-05,5.70878765E-05,5.43740243E-05,6.25525354E-05,6.06355716E-05,5.43771639E-05,7.14869821E-05,6.89194130E-05,6.93432085E-05,6.40424478E-05,6.09953822E-05,6.83266480E-05,6.75920164E-05,7.49735555E-05,6.99398151E-05,8.50245633E-05,7.99052214E-05,8.02655850E-05,7.86271194E-05,7.82865973E-05,7.49311366E-05,7.59617906E-05,8.02694631E-05,8.10923157E-05,8.82132517E-05,9.93002468E-05,1.19318320E-04,1.35564216E-04,1.61140269E-04,1.98361769E-04,2.57762236E-04,3.35255609E-04,4.36873175E-04,6.03247900E-04,8.28841177E-04,1.15493115E-03,1.58529903E-03,2.14164611E-03,2.88461498E-03,3.84297385E-03,5.07886335E-03,6.59411261E-03,8.39821994E-03,1.05264178E-02,1.29939718E-02,1.58771686E-02,1.89949535E-02,2.23102961E-02,2.56618727E-02,2.90186182E-02,3.23224217E-02,3.55816521E-02,3.84562314E-02,4.10334468E-02,4.32391502E-02,4.49911729E-02,4.64091972E-02,4.73550633E-02,4.79471385E-02,4.82308753E-02,4.82376069E-02,4.78169061E-02,4.73342240E-02,4.67161760E-02,4.59293388E-02,4.52378653E-02,4.44327369E-02,4.35407013E-02,4.27906029E-02,4.20688726E-02,4.14811373E-02,4.09014151E-02,4.02772091E-02,3.98107171E-02,3.93207744E-02,3.87825184E-02,3.83668393E-02,3.79809178E-02,3.74725424E-02,3.70872952E-02,3.67456526E-02,3.63683552E-02,3.58451083E-02,3.54328305E-02,3.49848121E-02,3.45239528E-02,3.42367329E-02,3.38744372E-02,3.34814377E-02,3.31605747E-02,3.28446776E-02,3.24974582E-02,3.22279260E-02,3.18528377E-02,3.16741765E-02,3.13328244E-02,3.10401041E-02,3.06879636E-02,3.03435810E-02,3.00709270E-02,2.96880882E-02,2.93841790E-02,2.90648043E-02,2.88376547E-02,2.86222920E-02,2.83708088E-02,2.81530060E-02,2.80358642E-02,2.78216507E-02,2.76892483E-02,2.75621284E-02,2.73787323E-02,2.72004176E-02,2.69874297E-02,2.68235561E-02,2.65483148E-02,2.63297502E-02,2.60815192E-02,2.57924516E-02,2.55094785E-02,2.52714995E-02,2.50020549E-02,2.46923380E-02,2.43452098E-02,2.38905754E-02,2.32505426E-02,2.24658009E-02,2.13052183E-02,1.98948495E-02,1.83013584E-02,1.64229125E-02,1.45082381E-02,1.25376815E-02,1.07311681E-02,8.94318614E-03,7.32930982E-03,5.97538054E-03,4.85831872E-03,3.96295637E-03,3.19699710E-03,2.58994382E-03,2.11214414E-03,1.65403995E-03,1.36245170E-03,1.12703303E-03,9.31838294E-04,7.62098818E-04,6.61747414E-04,5.34398889E-04,4.54232126E-04,3.94611066E-04,3.39157501E-04,2.90265074E-04,2.51366786E-04,2.22122108E-04,1.97418150E-04,1.67079343E-04,1.54537076E-04,1.34244270E-04,1.22494268E-04,1.21838049E-04,1.12386217E-04,9.20655366E-05,8.61147928E-05,7.59482718E-05,6.72229580E-05,6.89997105E-05,6.00301464E-05,6.17116966E-05,5.60273875E-05,5.78261242E-05,5.43669266E-05,6.61721933E-05,5.99922823E-05,6.42895830E-05,6.13222583E-05,5.48801727E-05,5.50237710E-05,4.73461005E-05,6.07451475E-05,6.95934286E-05,6.41639417E-05,5.72848476E-05,5.69929543E-05,5.61301349E-05,5.83723886E-05,6.37815028E-05,4.30876280E-05,4.95473469E-05,4.62522403E-05,7.10588793E-05,3.92564361E-05,6.42774612E-05,6.00379317E-05,5.93551013E-05,5.95071833E-05,4.56831513E-05,4.38457209E-05,4.86475510E-05,3.04454115E-05,3.39186081E-05,5.14173189E-05,2.78168700E-05,3.03015859E-05,3.35389486E-05,3.59066362E-05,4.33738096E-05,1.62579508E-05,2.26245393E-05,3.46604138E-05,1.08784343E-05,8.07733977E-06,2.12845334E-05,2.25186850E-05,1.41792571E-05,8.89245621E-06,1.72343005E-06,-5.33E-06,-1.20E-05,1.80669904E-05,4.27601808E-05,2.42616952E-05,-8.42E-07,5.36816151E-06,3.12144243E-06,-1.12E-05,1.30818871E-05,1.41791324E-05,1.35229839E-05,-2.53E-06,-1.28E-05,-2.08E-05,-2.41E-05,2.23194056E-05,2.86215582E-05,3.35479745E-05,-3.31E-05,-2.32E-05,4.11529181E-05,3.65182896E-05,2.22754443E-06,1.47384098E-05,-1.95E-05,3.20536456E-05,INT SYNC:059.94[Hz],DOUBLE FRAME,NORMAL,STANDARD DARK,TWO,CIE1931 (2°),1°,100,0.33333333,0.33333333,NONE,1,600601,1898079,OFF,TRUE,2024/03/25,16:47:01,OK00,----,----,----,CS-3000HDR,3001075,1.00.0008
42,1.49148829E+03,8.36029895E+02,4.30381258E+00,8.36029895E+02,0.63962356,0.35853075,0.42477876,0.53573161,----,----,603.19427,99.5694165,219.431873,215.976643,335.828359,2.99738153E+00,596,-9.34E-06,-8.31E-06,7.83701307E-06,-5.74E-06,-1.59E-06,-2.51E-05,-4.73E-06,-2.54E-05,1.86305660E-05,-1.41E-05,3.28846659E-06,-5.52E-06,-1.77E-06,-6.20E-06,5.46501042E-06,-2.42E-06,-1.42E-06,-8.54E-06,-1.02E-05,1.12241460E-05,6.27317604E-07,1.70878582E-06,-1.70E-05,-1.57E-06,-6.66E-06,1.53725032E-05,-7.88E-06,-9.80E-07,8.32502519E-06,6.95945573E-06,9.53309154E-06,-3.00E-06,-4.92E-06,2.78027892E-06,8.65638322E-06,1.95401822E-06,4.42067130E-06,1.55255784E-05,-9.40E-07,-3.69E-06,-3.17E-06,4.07635468E-07,-6.96E-06,3.76263370E-06,4.27094392E-06,1.15912835E-05,1.46628076E-06,4.86707722E-06,-1.06E-06,-7.13E-06,1.16224919E-06,-8.90E-06,6.93389552E-07,-1.96E-06,6.20413039E-06,-2.56E-05,7.10564836E-06,9.84219241E-06,-7.40E-06,-8.43E-07,2.87257626E-06,1.42361580E-06,5.58726060E-06,4.47449975E-06,7.56038798E-06,1.71993961E-05,1.53257879E-05,3.64308835E-05,4.85561723E-05,4.02647165E-05,6.90773086E-05,7.46060687E-05,8.36815452E-05,9.20907041E-05,9.56326403E-05,1.01504920E-04,1.05312152E-04,1.12816007E-04,1.19432916E-04,1.18233504E-04,1.06605439E-04,1.05838873E-04,1.02894548E-04,9.64723513E-05,8.91152085E-05,9.29295566E-05,8.12863436E-05,9.06831920E-05,9.92440400E-05,8.13578154E-05,8.83194080E-05,9.05789420E-05,7.72489730E-05,8.39799686E-05,8.63484674E-05,8.50310462E-05,8.17671971E-05,7.78881586E-05,7.68804166E-05,6.48698478E-05,6.33152085E-05,5.41374357E-05,6.27189220E-05,5.41335066E-05,6.07931506E-05,6.03371336E-05,5.99338455E-05,6.69253714E-05,5.42658054E-05,5.10529317E-05,4.90771054E-05,5.32500817E-05,5.77459505E-05,4.73539367E-05,4.17163901E-05,3.97882250E-05,4.13311645E-05,4.33482019E-05,4.49944855E-05,4.48908140E-05,3.92369438E-05,4.37211020E-05,3.99734017E-05,4.14570022E-05,3.77226461E-05,3.03043016E-05,3.54573713E-05,3.54310250E-05,3.89321358E-05,3.00021638E-05,3.28380811E-05,2.92677578E-05,3.17221056E-05,3.47442510E-05,3.33808930E-05,3.52157076E-05,2.63358615E-05,2.85010210E-05,2.60950765E-05,2.62699759E-05,2.60227189E-05,3.01074033E-05,2.24131709E-05,3.14269892E-05,2.81922021E-05,2.46794352E-05,2.22303552E-05,3.19373867E-05,2.04115331E-05,2.27198216E-05,3.60711019E-05,3.65722299E-05,4.17496994E-05,3.39732105E-05,4.10957073E-05,4.50580301E-05,3.56104538E-05,4.65368139E-05,4.95677341E-05,5.77681385E-05,6.79771110E-05,6.05997448E-05,6.82402533E-05,7.52481719E-05,7.03005717E-05,6.53267780E-05,6.74281764E-05,6.88561558E-05,6.46534827E-05,6.54457835E-05,7.78271569E-05,7.44831559E-05,7.49889005E-05,7.97158209E-05,8.35176979E-05,8.02978902E-05,8.36495237E-05,7.61166884E-05,8.18161716E-05,8.63268506E-05,8.83175744E-05,8.80916559E-05,9.96552189E-05,1.17313968E-04,1.25724357E-04,1.58892988E-04,2.01989416E-04,2.58468091E-04,3.38219746E-04,4.39826370E-04,6.02583576E-04,8.28812481E-04,1.15363125E-03,1.57378369E-03,2.12764810E-03,2.88870023E-03,3.81898647E-03,5.08278981E-03,6.57157926E-03,8.36232956E-03,1.05056698E-02,1.29717216E-02,1.59146190E-02,1.89480893E-02,2.22493634E-02,2.56245174E-02,2.89994255E-02,3.22814845E-02,3.55833136E-02,3.85426991E-02,4.11023684E-02,4.32444997E-02,4.49874476E-02,4.64005880E-02,4.73844074E-02,4.79082726E-02,4.81946096E-02,4.81578670E-02,4.78171855E-02,4.73649837E-02,4.67275158E-02,4.59453948E-02,4.51910011E-02,4.44140434E-02,4.35522608E-02,4.27941419E-02,4.20840979E-02,4.14932333E-02,4.09209952E-02,4.02804837E-02,3.98433693E-02,3.93097810E-02,3.88084427E-02,3.83798964E-02,3.79619338E-02,3.75395902E-02,3.71350050E-02,3.67130861E-02,3.62903550E-02,3.58251184E-02,3.54726501E-02,3.49114239E-02,3.45709622E-02,3.42366919E-02,3.38318385E-02,3.35070640E-02,3.31859142E-02,3.28548700E-02,3.25326100E-02,3.22064795E-02,3.19666266E-02,3.16593125E-02,3.13607603E-02,3.10128257E-02,3.07795927E-02,3.04316338E-02,3.01088002E-02,2.97083613E-02,2.94477995E-02,2.90453862E-02,2.87925452E-02,2.85259243E-02,2.83767674E-02,2.81156395E-02,2.80655324E-02,2.77981739E-02,2.76683029E-02,2.75172815E-02,2.73122042E-02,2.72068102E-02,2.69696172E-02,2.67504435E-02,2.65596379E-02,2.62511931E-02,2.60339268E-02,2.57832855E-02,2.55601946E-02,2.52820812E-02,2.50181984E-02,2.46769320E-02,2.43617594E-02,2.38982514E-02,2.32193731E-02,2.24153101E-02,2.13337224E-02,1.98932067E-02,1.82484295E-02,1.64320245E-02,1.45374583E-02,1.25068286E-02,1.06702838E-02,8.89501255E-03,7.26852287E-03,5.98480226E-03,4.86172689E-03,3.93339386E-03,3.18948715E-03,2.57782848E-03,2.10671080E-03,1.67766912E-03,1.36604288E-03,1.12652604E-03,9.28818074E-04,7.74854387E-04,6.42074621E-04,5.46406605E-04,4.65764344E-04,3.92931513E-04,3.24934517E-04,2.86800496E-04,2.52763217E-04,2.20073780E-04,1.97043424E-04,1.83927434E-04,1.58299546E-04,1.32243484E-04,1.27327381E-04,1.17891926E-04,9.83369900E-05,8.30148128E-05,7.48431048E-05,7.98725014E-05,7.48663369E-05,6.68317152E-05,6.72647657E-05,5.67907955E-05,7.07505969E-05,6.15078461E-05,6.67358836E-05,6.60521182E-05,6.01979227E-05,4.35923248E-05,4.53032626E-05,5.36644766E-05,5.99828963E-05,6.64193431E-05,4.64324257E-05,5.81041932E-05,4.82402211E-05,4.77291032E-05,5.53068676E-05,6.38124693E-05,4.77407157E-05,6.02549881E-05,5.65769151E-05,5.07330733E-05,6.78676515E-05,4.88257647E-05,5.96971731E-05,3.85309868E-05,4.99304551E-05,4.24202772E-05,5.33270904E-05,5.96893587E-05,4.72366119E-05,5.97279650E-05,4.42997007E-05,4.62858916E-05,5.02985386E-05,2.77232939E-05,2.29803063E-05,2.26135926E-05,2.48623910E-05,1.91352119E-05,2.46260443E-05,-2.66E-06,2.54710976E-05,1.85579611E-05,1.76215945E-05,1.55734433E-05,-4.60E-06,2.62739959E-05,1.04375840E-05,2.09030463E-06,3.50201517E-05,6.68007669E-06,1.81382784E-05,5.08065532E-05,2.42394872E-05,8.83221855E-06,3.08702077E-08,5.18095067E-06,3.90915557E-06,4.07475545E-06,3.00847951E-05,1.96129713E-05,-7.74E-06,-1.25E-05,-2.11E-05,-2.43E-05,3.52898205E-05,4.19650532E-05,3.47570676E-05,-3.55E-06,3.75205891E-05,1.20183695E-05,5.14061821E-06,-2.86E-05,-2.45E-05,3.61527855E-05,4.17514493E-05,INT SYNC:059.94[Hz],DOUBLE FRAME,NORMAL,STANDARD DARK,TWO,CIE1931 (2°),1°,100,0.33333333,0.33333333,NONE,1,600601,1896041,OFF,TRUE,2024/03/25,16:47:05,OK00,----,----,----,CS-3000HDR,3001075,1.00.0008
43,1.49152506E+03,8.36081076E+02,4.02608514E+00,8.36081076E+02,0.63969139,0.35858189,0.4247901,0.5357655,----,----,603.18388,99.6052125,219.436678,215.96605,337.377907,2.99770498E+00,596,-1.54E-05,5.78245999E-06,-9.92E-07,-5.54E-06,-8.85E-07,-8.55E-06,3.47435412E-06,-3.71E-06,-2.05E-06,-9.92E-06,1.02504646E-05,-1.44E-05,-1.26E-05,1.18688185E-05,1.93947672E-05,-2.06E-05,-5.69E-06,-9.56E-06,1.26521090E-05,-7.04E-06,-3.95E-06,1.35424434E-05,9.51779839E-06,-1.22E-06,1.29269620E-05,1.82051608E-05,-8.21E-06,-8.20E-06,5.36529024E-06,1.75233254E-05,4.04221555E-06,-3.18E-07,-8.52E-06,6.18143258E-06,-1.12E-06,1.43325924E-05,2.46646141E-06,1.59435217E-06,-8.03E-06,1.04123387E-06,7.28939767E-06,2.29628085E-06,-2.44E-06,1.32496489E-05,-9.02E-06,2.43564341E-06,1.21605071E-05,-7.40E-06,3.05855542E-06,3.61475509E-06,-4.15E-06,-8.63E-06,7.33130832E-07,8.07278775E-06,5.61111619E-06,-6.69E-06,1.38902096E-05,-2.05E-07,-1.01E-06,2.34206641E-06,7.36560878E-06,7.08815151E-06,1.11108293E-05,7.72818021E-06,2.43402883E-05,2.48709839E-05,2.37906479E-05,3.28666174E-05,4.94278502E-05,4.33430905E-05,5.87483119E-05,6.32127849E-05,7.94888401E-05,8.86187845E-05,8.67728377E-05,8.92648750E-05,1.05105457E-04,9.55681317E-05,1.06816529E-04,1.04425962E-04,9.09602604E-05,9.59268364E-05,8.87911301E-05,8.54280515E-05,7.74039290E-05,7.89835321E-05,8.74967445E-05,7.38285817E-05,7.36557049E-05,6.78045544E-05,6.93889160E-05,7.55606015E-05,6.88176224E-05,7.05332423E-05,7.17227886E-05,7.07994113E-05,6.92841422E-05,6.33896561E-05,5.71742858E-05,6.32593801E-05,5.49355973E-05,5.02711227E-05,5.14019812E-05,5.24016759E-05,5.68596879E-05,5.03473711E-05,5.37237938E-05,5.51648045E-05,4.56508460E-05,4.95440836E-05,4.19693242E-05,4.84674529E-05,4.38705210E-05,4.46158519E-05,3.56784840E-05,3.79122575E-05,4.45336918E-05,3.63250510E-05,3.96128598E-05,4.42908604E-05,3.85999047E-05,3.08575472E-05,3.54667281E-05,3.73071671E-05,3.61775092E-05,4.22550329E-05,3.86298962E-05,3.23161803E-05,3.83819279E-05,2.86198574E-05,3.83972329E-05,3.60982303E-05,3.70087437E-05,2.77324107E-05,3.23169115E-05,3.34508404E-05,2.99194780E-05,2.98236428E-05,3.31429401E-05,3.37747333E-05,2.76998217E-05,2.51196943E-05,3.25477740E-05,2.57577431E-05,2.10977978E-05,2.83832796E-05,2.88525280E-05,2.08187357E-05,3.06291586E-05,3.16513724E-05,3.48248614E-05,3.31522497E-05,3.91307876E-05,4.27072264E-05,3.95639181E-05,4.04102066E-05,5.03228694E-05,4.25177059E-05,5.45360017E-05,5.47752716E-05,3.89751040E-05,6.98920703E-05,6.53717871E-05,6.58864519E-05,6.46951594E-05,7.00378005E-05,7.39256575E-05,6.01063948E-05,6.50609945E-05,6.29372516E-05,6.75977717E-05,7.42364427E-05,7.64948272E-05,7.15138012E-05,7.40246614E-05,7.62942727E-05,7.33821289E-05,7.25298087E-05,7.38185481E-05,8.76725244E-05,8.33028971E-05,9.04155459E-05,1.05611834E-04,1.19889279E-04,1.32919813E-04,1.56905589E-04,2.04150347E-04,2.61428766E-04,3.45370994E-04,4.49045998E-04,6.09012961E-04,8.27655895E-04,1.14774331E-03,1.58017629E-03,2.14437838E-03,2.87243119E-03,3.80016211E-03,5.09069860E-03,6.58745319E-03,8.39537568E-03,1.05189020E-02,1.29959164E-02,1.58857815E-02,1.90155823E-02,2.22646054E-02,2.56326739E-02,2.89960187E-02,3.22405659E-02,3.56056318E-02,3.85285616E-02,4.10666764E-02,4.32926416E-02,4.49424535E-02,4.64585461E-02,4.73926775E-02,4.79616001E-02,4.81871106E-02,4.81438376E-02,4.77978550E-02,4.73186262E-02,4.67680022E-02,4.59936969E-02,4.52472195E-02,4.44941260E-02,4.35009450E-02,4.28219773E-02,4.21598963E-02,4.14881036E-02,4.08408120E-02,4.03741822E-02,3.97733375E-02,3.92860509E-02,3.88069488E-02,3.84349003E-02,3.79579589E-02,3.75307091E-02,3.71249840E-02,3.68017964E-02,3.63173261E-02,3.58256474E-02,3.53944525E-02,3.50212194E-02,3.45937535E-02,3.42002325E-02,3.38026993E-02,3.34415138E-02,3.31619270E-02,3.28000747E-02,3.25534195E-02,3.22330631E-02,3.18429805E-02,3.16137932E-02,3.13394070E-02,3.09985243E-02,3.06548569E-02,3.03552970E-02,3.00405379E-02,2.97521576E-02,2.93671973E-02,2.90324353E-02,2.88064722E-02,2.85519361E-02,2.83416975E-02,2.81550307E-02,2.79786680E-02,2.77843531E-02,2.76582781E-02,2.74822414E-02,2.73264889E-02,2.71781534E-02,2.69816928E-02,2.67831031E-02,2.66129598E-02,2.63287649E-02,2.61037927E-02,2.58221775E-02,2.55228933E-02,2.53523327E-02,2.49692183E-02,2.46981606E-02,2.43564621E-02,2.38922220E-02,2.32370812E-02,2.24100109E-02,2.12945919E-02,1.99544933E-02,1.82934869E-02,1.64927859E-02,1.45417480E-02,1.25142094E-02,1.06871184E-02,8.97626579E-03,7.30536273E-03,6.01089979E-03,4.86628246E-03,3.94505821E-03,3.20502999E-03,2.57979659E-03,2.09841202E-03,1.65187579E-03,1.35610183E-03,1.14086759E-03,9.27815970E-04,7.76139554E-04,6.54578151E-04,5.56892192E-04,4.60517418E-04,3.92676709E-04,3.29241040E-04,2.86281633E-04,2.47064163E-04,2.20221089E-04,1.91927189E-04,1.73099819E-04,1.76633956E-04,1.36205941E-04,1.22923419E-04,1.12080270E-04,1.05410953E-04,8.66442570E-05,8.80423177E-05,8.66249902E-05,7.48736275E-05,6.88914588E-05,7.70130428E-05,7.26681610E-05,6.49416106E-05,4.61294221E-05,5.90209711E-05,5.87976465E-05,5.72550598E-05,6.63730243E-05,4.96468892E-05,5.56086889E-05,7.01458193E-05,6.84175029E-05,4.93488587E-05,5.69495642E-05,5.81177082E-05,6.09435883E-05,4.79810442E-05,8.16773827E-05,6.69198998E-05,6.66403939E-05,5.34603823E-05,3.89940760E-05,8.06069074E-05,4.93674343E-05,5.75380545E-05,5.78136714E-05,7.06157371E-05,6.17523110E-05,5.98483894E-05,4.52235399E-05,6.58998397E-05,5.34610153E-05,3.29676077E-05,4.15375362E-05,3.72895411E-05,2.86757950E-05,2.96423459E-05,2.32807888E-05,2.96745275E-05,4.16451894E-06,3.71581882E-05,3.24532339E-05,5.30942234E-05,-5.98E-06,1.65329384E-05,-3.79E-06,1.69415198E-05,2.62867270E-05,2.06460736E-05,2.66317838E-05,1.97187910E-05,-8.94E-06,3.07104456E-05,2.27547134E-05,2.02057181E-05,-1.49E-07,2.88709016E-05,1.01814794E-05,-9.79E-06,2.86978939E-05,5.91626667E-05,2.45166266E-05,9.30956321E-06,1.87618134E-05,1.38791768E-06,3.29263275E-05,3.13494311E-05,5.66936833E-05,-3.44E-05,2.23899491E-07,2.18863770E-05,5.97013168E-05,1.97255213E-05,-5.08E-06,1.59499032E-05,7.88930356E-06,-3.15E-05,INT SYNC:059.94[Hz],DOUBLE FRAME,NORMAL,STANDARD DARK,TWO,CIE1931 (2°),1°,100,0.33333333,0.33333333,NONE,1,633967,1965741,OFF,TRUE,2024/03/25,16:47:11,OK00,----,----,----,CS-3000HDR,3001075,1.00.0008
44,1.49270920E+03,8.36748863E+02,4.25119656E+00,8.36748863E+02,0.63962946,0.35854889,0.42476816,0.5357404,----,----,603.190243,99.5766614,219.499343,216.021566,336.23148,3.00033851E+00,596,2.16628705E-05,-2.63E-06,-8.10E-07,2.09149639E-05,-7.19E-06,1.02191843E-05,-2.98E-05,-1.75E-05,-1.27E-06,1.83227639E-05,-7.74E-06,-5.05E-06,5.94064568E-06,1.01668238E-05,4.81621919E-06,-9.81E-06,-1.66E-05,4.12688087E-06,1.48384679E-05,1.05509562E-05,-7.19E-06,1.80885536E-07,-1.17E-07,-3.01E-06,5.84032341E-06,1.06349735E-05,7.71933719E-06,1.34418542E-05,-2.97E-06,-1.25E-05,9.45551983E-06,-2.48E-08,1.02210834E-05,-1.18E-05,8.60836099E-06,-1.96E-06,6.68419671E-06,-8.87E-06,-1.16E-05,-5.00E-06,1.35155715E-05,-2.57E-06,1.71054171E-06,8.88845761E-07,-9.03E-06,4.63024207E-06,9.68701352E-06,1.15402390E-05,5.74339720E-06,3.23792756E-06,3.42772432E-06,-4.90E-06,3.17154127E-06,7.73442252E-07,-4.48E-06,7.52402821E-06,-6.92E-06,6.76212039E-06,-4.02E-06,-8.11E-06,-1.10E-05,4.14904662E-06,4.90858429E-06,-2.15E-06,2.55748146E-05,2.19366175E-05,2.45524825E-05,3.57867648E-05,3.37872771E-05,5.63781286E-05,6.38037891E-05,7.17931543E-05,8.29807541E-05,8.20462592E-05,9.16815916E-05,1.12320580E-04,1.11218709E-04,1.01980775E-04,1.15292554E-04,1.06784246E-04,1.09508299E-04,1.02148602E-04,9.79027318E-05,9.49090609E-05,8.54172322E-05,8.74171237E-05,8.20308560E-05,8.76016784E-05,8.38323904E-05,8.58476269E-05,9.32429757E-05,9.35082717E-05,7.90566191E-05,6.90291126E-05,7.93605141E-05,8.55625985E-05,8.18054032E-05,7.54690700E-05,7.35078575E-05,7.18273004E-05,6.80178855E-05,5.27604898E-05,6.02126711E-05,5.56647283E-05,5.59633081E-05,5.32519953E-05,5.74397127E-05,6.62901148E-05,5.37734886E-05,5.44044087E-05,4.26150254E-05,4.47051316E-05,4.17180672E-05,3.80998208E-05,3.90215137E-05,4.00503814E-05,4.04011043E-05,3.66774548E-05,3.75777090E-05,3.68934743E-05,4.82741962E-05,4.10976427E-05,3.76645112E-05,4.38257375E-05,3.58138823E-05,3.58240250E-05,3.53079158E-05,3.37120800E-05,3.64527514E-05,3.93020382E-05,3.09534516E-05,2.42033111E-05,3.38909158E-05,2.75053171E-05,2.67070391E-05,2.78651314E-05,3.16241676E-05,3.33861863E-05,3.51776689E-05,2.90459684E-05,2.59507924E-05,2.57844677E-05,3.11308977E-05,2.81250777E-05,2.26985412E-05,2.86809191E-05,3.21844382E-05,3.48813192E-05,3.38303289E-05,2.94225774E-05,4.07373191E-05,3.93204136E-05,4.12842237E-05,2.92071545E-05,3.87790315E-05,4.53693028E-05,4.49865984E-05,5.80922569E-05,5.31159421E-05,6.23540182E-05,5.76719176E-05,5.92996366E-05,6.27526824E-05,6.76838099E-05,6.63468600E-05,7.31159816E-05,6.40570943E-05,6.63476021E-05,6.79609875E-05,5.95317542E-05,6.63217579E-05,6.79558289E-05,7.68187019E-05,7.51593689E-05,8.34500097E-05,8.47721094E-05,8.05236268E-05,8.55001053E-05,8.16980391E-05,7.90640042E-05,8.80559601E-05,9.50608010E-05,9.94686561E-05,1.18585689E-04,1.33720328E-04,1.63882913E-04,2.05113436E-04,2.56650936E-04,3.37728678E-04,4.35478927E-04,6.01792708E-04,8.16755230E-04,1.14850781E-03,1.57727767E-03,2.14828341E-03,2.89081247E-03,3.84018803E-03,5.07280044E-03,6.60609594E-03,8.40435829E-03,1.05313696E-02,1.29539017E-02,1.59210879E-02,1.90649815E-02,2.23347899E-02,2.56216750E-02,2.90123187E-02,3.22539471E-02,3.55772898E-02,3.84553857E-02,4.11259085E-02,4.32618186E-02,4.49977182E-02,4.64332774E-02,4.74096648E-02,4.80265617E-02,4.82760631E-02,4.82530259E-02,4.78336401E-02,4.73923534E-02,4.67361659E-02,4.59670946E-02,4.52556275E-02,4.44649644E-02,4.35585454E-02,4.28511873E-02,4.21801656E-02,4.15699109E-02,4.09342721E-02,4.04294655E-02,3.98765057E-02,3.93240750E-02,3.88372168E-02,3.84174027E-02,3.80211063E-02,3.76617722E-02,3.71399038E-02,3.67135368E-02,3.62842865E-02,3.58299799E-02,3.54532599E-02,3.49712409E-02,3.45845446E-02,3.42414714E-02,3.38923521E-02,3.35159674E-02,3.31813507E-02,3.28800455E-02,3.25946175E-02,3.22506204E-02,3.19477133E-02,3.16534527E-02,3.13801542E-02,3.09798755E-02,3.07124145E-02,3.03626247E-02,3.00910752E-02,2.96575241E-02,2.93395165E-02,2.90715378E-02,2.87640207E-02,2.85710543E-02,2.84018219E-02,2.81907115E-02,2.80482378E-02,2.78389622E-02,2.77025495E-02,2.75321938E-02,2.74445973E-02,2.71841176E-02,2.69804224E-02,2.67902464E-02,2.65687555E-02,2.63540521E-02,2.61509996E-02,2.58564036E-02,2.55394243E-02,2.53022797E-02,2.50242725E-02,2.47357544E-02,2.43353546E-02,2.39161719E-02,2.33159848E-02,2.23907549E-02,2.13832129E-02,1.99274942E-02,1.83454789E-02,1.65091306E-02,1.46003393E-02,1.25689926E-02,1.07111307E-02,9.00620315E-03,7.27343094E-03,5.99885453E-03,4.88698622E-03,3.94268055E-03,3.20849428E-03,2.61019450E-03,2.09846604E-03,1.68689911E-03,1.38026511E-03,1.12845073E-03,9.28267546E-04,7.72203435E-04,6.47504407E-04,5.41312678E-04,4.65278979E-04,3.83059698E-04,3.27020709E-04,2.87560048E-04,2.55798659E-04,2.13852356E-04,2.08553640E-04,1.60443509E-04,1.57290124E-04,1.38724950E-04,1.34640213E-04,1.25553939E-04,1.00724974E-04,1.01152771E-04,8.36738909E-05,9.11182724E-05,7.38244344E-05,6.59178913E-05,7.52850028E-05,6.76213967E-05,6.16871694E-05,5.96298851E-05,4.98043046E-05,7.91765269E-05,4.70700215E-05,4.83956392E-05,4.70509549E-05,4.11011970E-05,6.38639831E-05,6.47066045E-05,5.92886827E-05,5.40120927E-05,5.90681302E-05,5.59791551E-05,3.08840245E-05,4.41428965E-05,5.84761947E-05,7.39090683E-05,4.61359414E-05,5.82165521E-05,5.84068366E-05,6.53792595E-05,5.40630208E-05,4.64915393E-05,5.39143548E-05,7.42306947E-05,5.33029342E-05,5.95519305E-05,4.78652437E-05,5.36866501E-05,5.65026094E-05,2.50893463E-05,1.42422050E-05,3.28090282E-05,4.21307741E-05,4.19498647E-05,3.26981935E-05,3.11107979E-05,2.14886568E-05,1.69507730E-05,1.07444212E-05,4.37159833E-05,2.84990037E-05,1.35360715E-05,1.12873995E-05,1.88957983E-05,2.45105821E-05,7.98878659E-07,1.11206873E-05,-4.80E-06,1.82725762E-05,2.50041066E-05,-1.48E-05,4.23443526E-05,4.05963037E-05,9.16745921E-06,8.64108824E-06,-8.52E-06,1.02219283E-05,-7.33E-07,1.33641142E-05,-1.77E-05,-1.34E-05,1.38924415E-05,-1.60E-05,5.21324982E-05,2.38428584E-05,3.87771688E-05,-6.13E-06,-1.59E-05,4.45323931E-05,-1.86E-06,-1.39E-05,1.91817144E-05,-1.09E-05,INT SYNC:059.94[Hz],DOUBLE FRAME,NORMAL,STANDARD DARK,TWO,CIE1931 (2°),1°,100,0.33333333,0.33333333,NONE,1,600601,1894573,OFF,TRUE,2024/03/25,16:47:17,OK00,----,----,----,CS-3000HDR,3001075,1.00.0008
45,1.49170815E+03,8.36159057E+02,3.98237820E+00,8.36159057E+02,0.63971028,0.3585819,0.42480529,0.53576886,----,----,603.184231,99.6108887,219.443997,215.98486,337.639479,2.99785030E+00,597,-1.09E-05,6.83746794E-06,3.66599170E-06,1.71504835E-05,5.41938834E-06,-1.10E-05,-8.77E-06,-1.09E-05,-3.66E-06,1.23909585E-05,-1.40E-05,7.17947205E-06,6.17760770E-06,1.31228007E-05,-6.18E-06,-7.73E-06,5.41477903E-07,-1.38E-05,6.32479578E-06,3.69827922E-06,-1.03E-05,-8.16E-06,3.76499020E-06,1.42932404E-05,6.47571323E-06,8.53096026E-06,1.89266905E-06,-1.02E-05,8.25122129E-07,2.21636037E-06,2.69763514E-05,-9.04E-06,5.11447161E-06,-1.11E-05,-7.69E-07,-1.40E-06,-1.34E-06,-1.08E-06,-3.86E-06,1.05268618E-05,2.09417507E-07,7.56180089E-06,7.03899013E-06,5.65187383E-06,-1.91E-06,-2.88E-06,-2.17E-06,2.80933477E-07,4.04266166E-06,5.54533563E-06,-1.35E-06,-4.48E-06,4.23707070E-06,1.27738713E-06,6.85513805E-06,4.05879518E-06,1.70918283E-05,3.39746430E-06,3.17104923E-06,-1.11E-06,-3.18E-06,6.36622963E-06,1.29419586E-05,-1.65E-06,1.33875637E-05,1.36483832E-05,1.71819902E-05,3.33630378E-05,3.99081582E-05,4.61697928E-05,5.68232499E-05,6.49416761E-05,6.99147568E-05,8.17912223E-05,8.52884405E-05,9.72455673E-05,8.38151900E-05,1.03414328E-04,1.00307559E-04,1.05896303E-04,1.09651599E-04,1.02442464E-04,9.14120319E-05,8.30468052E-05,7.39846728E-05,8.86859852E-05,8.24999588E-05,7.65245277E-05,6.85595005E-05,7.93782310E-05,7.51898551E-05,7.24143756E-05,7.05811617E-05,7.58913375E-05,7.35971917E-05,7.35861831E-05,6.88742293E-05,6.54646574E-05,6.26958645E-05,5.45751318E-05,5.88782641E-05,4.44997313E-05,5.92951110E-05,4.35610091E-05,4.65478806E-05,5.25853175E-05,4.14521928E-05,5.23741073E-05,4.75759225E-05,4.56548005E-05,4.36525261E-05,4.37609742E-05,3.97052536E-05,3.93326663E-05,4.35268194E-05,3.78263576E-05,4.49193576E-05,3.61496495E-05,3.81937280E-05,3.94068193E-05,3.89513079E-05,3.75945529E-05,3.59850346E-05,3.56892415E-05,3.39607650E-05,3.77157703E-05,3.45267472E-05,3.69962800E-05,3.64271182E-05,3.25982837E-05,3.28795795E-05,3.11050026E-05,3.11059630E-05,2.80590266E-05,3.66828826E-05,3.22922533E-05,2.79588985E-05,3.17978229E-05,3.47099085E-05,3.25491274E-05,3.12359953E-05,3.20443905E-05,2.65379967E-05,2.18920650E-05,2.49410095E-05,2.57485899E-05,2.63344336E-05,2.93630947E-05,3.09500429E-05,2.28829849E-05,2.92068507E-05,3.51862800E-05,3.98546836E-05,3.88366789E-05,3.38353748E-05,3.80668862E-05,4.76720525E-05,3.27849484E-05,5.13116065E-05,6.17735204E-05,6.29164715E-05,5.89505216E-05,6.94414703E-05,6.45847103E-05,7.08465959E-05,7.29519452E-05,7.20555618E-05,6.02178297E-05,6.45282344E-05,6.95394556E-05,6.83993349E-05,7.60284529E-05,7.14760317E-05,7.92189167E-05,7.91107523E-05,8.66858027E-05,7.66742305E-05,7.66835146E-05,8.02117138E-05,8.08309924E-05,8.95256962E-05,9.33364499E-05,9.75797157E-05,1.12210422E-04,1.32384055E-04,1.57485367E-04,2.02603944E-04,2.58308108E-04,3.41188832E-04,4.49821266E-04,6.00654515E-04,8.27263342E-04,1.15534698E-03,1.57821912E-03,2.15131859E-03,2.87223724E-03,3.83932167E-03,5.07962052E-03,6.58667088E-03,8.37484375E-03,1.05015375E-02,1.29969027E-02,1.58707015E-02,1.90084688E-02,2.23208778E-02,2.56768130E-02,2.89921295E-02,3.22796591E-02,3.56100649E-02,3.84755246E-02,4.10510115E-02,4.32912186E-02,4.49179746E-02,4.63956147E-02,4.73298915E-02,4.79094647E-02,4.81509268E-02,4.82034907E-02,4.77848165E-02,4.73889969E-02,4.67063673E-02,4.60139997E-02,4.52315547E-02,4.44379449E-02,4.35903333E-02,4.28966917E-02,4.21792194E-02,4.15189005E-02,4.08574790E-02,4.03346084E-02,3.98668684E-02,3.93502787E-02,3.88432108E-02,3.84059288E-02,3.79167125E-02,3.75835970E-02,3.70639861E-02,3.67370546E-02,3.62959951E-02,3.58733423E-02,3.53806168E-02,3.49816754E-02,3.45636420E-02,3.41906063E-02,3.38225812E-02,3.34948748E-02,3.32041681E-02,3.28618698E-02,3.25267725E-02,3.21990587E-02,3.18925790E-02,3.15667540E-02,3.13749090E-02,3.10403351E-02,3.07324436E-02,3.03212926E-02,3.00648473E-02,2.97756251E-02,2.94375643E-02,2.90381163E-02,2.87212525E-02,2.85037328E-02,2.83491034E-02,2.81536970E-02,2.80271508E-02,2.78854575E-02,2.77209077E-02,2.75008827E-02,2.73692850E-02,2.72320099E-02,2.69950554E-02,2.68400330E-02,2.65029334E-02,2.62947138E-02,2.61138510E-02,2.58564409E-02,2.55161468E-02,2.52715610E-02,2.50228178E-02,2.47384831E-02,2.43083090E-02,2.38862392E-02,2.32645087E-02,2.24197935E-02,2.13908590E-02,1.99006777E-02,1.83022358E-02,1.64574068E-02,1.45196458E-02,1.25877094E-02,1.06611056E-02,8.97550303E-03,7.31325801E-03,6.00044429E-03,4.88302158E-03,3.95006593E-03,3.17797973E-03,2.59830104E-03,2.09340733E-03,1.67923525E-03,1.36352016E-03,1.13766210E-03,9.26277717E-04,7.65949488E-04,6.39673264E-04,5.42789290E-04,4.48950363E-04,3.82389495E-04,3.32491676E-04,2.82023218E-04,2.51101272E-04,2.24560397E-04,2.03653792E-04,1.72844972E-04,1.58079973E-04,1.40851262E-04,1.27458858E-04,1.03207843E-04,9.44127823E-05,1.16128540E-04,9.21656901E-05,8.25969328E-05,8.70844378E-05,9.18101869E-05,7.86425517E-05,6.33195814E-05,6.17220576E-05,5.77511055E-05,5.70807351E-05,4.60455958E-05,3.88177286E-05,4.43581630E-05,6.48399000E-05,5.71041492E-05,5.70662451E-05,5.73835932E-05,6.14621531E-05,4.87429170E-05,5.31027690E-05,6.17890037E-05,4.38891257E-05,5.63883805E-05,5.72007084E-05,6.24972090E-05,4.85283745E-05,3.20655090E-05,5.44075338E-05,5.40236324E-05,6.59861616E-05,6.84512706E-05,6.42741215E-05,4.97984074E-05,4.77322246E-05,5.46323754E-05,4.82652322E-05,3.79990779E-05,4.49239960E-05,5.39973262E-05,4.69832557E-05,1.68936076E-05,3.68410510E-05,2.58236378E-05,7.68334849E-06,2.41859670E-05,2.49850455E-05,7.15805254E-06,4.59645780E-05,1.02474341E-05,2.42435490E-05,2.31540726E-05,3.06420516E-05,1.16094752E-05,-6.04E-06,2.09076297E-05,1.22715146E-05,2.35246243E-05,2.36026772E-05,2.13070034E-05,-1.62E-05,1.61812768E-05,1.65754932E-06,2.11600855E-06,-2.22E-05,-8.30E-06,1.42312329E-05,1.56644601E-05,-5.85E-06,3.88333683E-06,1.17265085E-06,1.02028916E-05,1.90625178E-05,2.39134442E-05,2.84711564E-06,2.54175775E-05,3.08476447E-05,5.58133206E-06,5.08219200E-05,-4.40E-05,-4.41E-05,1.64701360E-05,2.90537391E-05,INT SYNC:059.94[Hz],DOUBLE FRAME,NORMAL,STANDARD DARK,TWO,CIE1931 (2°),1°,100,0.33333333,0.33333333,NONE,1,633967,1964397,OFF,TRUE,2024/03/25,16:47:22,OK00,----,----,----,CS-3000HDR,3001075,1.00.0008
46,1.49075090E+03,8.35653520E+02,4.08626259E+00,8.35653520E+02,0.63967254,0.35857407,0.42478154,0.53575881,----,----,603.185309,99.5971937,219.396538,215.92609,336.968865,2.99603934E+00,597,4.47335395E-07,-2.95E-05,-1.08E-05,1.50349306E-05,-8.96E-06,-4.64E-06,1.67145663E-05,-9.34E-06,1.14581917E-06,-9.05E-06,-1.84E-05,1.76849135E-05,2.32129914E-05,4.25580129E-06,1.28292822E-06,2.32037928E-06,-2.27E-05,-1.27E-05,-9.71E-06,3.76910134E-06,-4.64E-06,3.92086986E-06,-6.17E-06,1.04320679E-05,4.82340147E-06,-1.01E-06,-2.62E-06,3.52623829E-06,2.06174172E-06,1.98593825E-05,-3.16E-07,-1.46E-05,1.06593770E-05,8.56886436E-06,4.28157819E-06,1.02425283E-05,-2.59E-06,9.54777170E-06,-1.13E-05,-7.69E-06,5.73568173E-07,4.13151793E-06,-4.21E-07,1.02721851E-05,-4.86E-06,-5.83E-07,9.85278712E-06,-8.69E-08,1.07407959E-05,1.22229776E-05,-3.55E-06,1.08311669E-05,6.23085907E-06,-9.07E-06,4.29164993E-06,-6.95E-06,9.51567290E-06,6.88585260E-06,2.76888227E-06,-4.25E-06,6.85323903E-06,6.86788644E-06,8.48683248E-06,7.35674348E-06,1.02759477E-05,1.29370692E-05,1.40907814E-05,3.72387040E-05,3.74394731E-05,5.34697501E-05,6.44569882E-05,7.10609966E-05,8.04518495E-05,8.76571794E-05,8.92561657E-05,8.61553272E-05,9.91633860E-05,1.06138388E-04,1.04191240E-04,9.65717772E-05,1.03084392E-04,1.00631747E-04,9.06591595E-05,8.40280845E-05,8.80670414E-05,8.38284977E-05,8.00054113E-05,8.84451729E-05,7.63408607E-05,7.27936349E-05,7.51462067E-05,7.08291918E-05,7.00406963E-05,7.49147512E-05,7.62273339E-05,7.62767304E-05,7.94657390E-05,5.72182798E-05,6.42776940E-05,6.62313032E-05,5.74062506E-05,5.62325877E-05,6.22147418E-05,5.56624436E-05,5.79500011E-05,4.60859119E-05,4.94890228E-05,5.48851058E-05,4.63112628E-05,5.08091762E-05,4.28980275E-05,4.40723343E-05,3.61343446E-05,3.62930878E-05,3.68058172E-05,4.51926353E-05,4.55404188E-05,3.98648881E-05,4.74383414E-05,4.09248423E-05,2.84187045E-05,4.10898283E-05,3.54319309E-05,3.21140105E-05,4.32230008E-05,3.65376436E-05,3.46669804E-05,4.00139688E-05,3.95541210E-05,3.35696786E-05,3.72017967E-05,3.38653044E-05,2.94845959E-05,3.23013082E-05,2.68345466E-05,3.43511056E-05,3.16887672E-05,3.50444607E-05,2.81132525E-05,2.71147746E-05,2.58639011E-05,2.89715845E-05,3.15064790E-05,2.60968100E-05,2.35079533E-05,2.09952213E-05,2.85198330E-05,2.58999371E-05,3.35521981E-05,2.91200413E-05,2.78820244E-05,3.81226891E-05,3.93891423E-05,3.21737098E-05,3.80702186E-05,4.84949996E-05,4.81968491E-05,5.01689137E-05,4.37560011E-05,5.06433717E-05,5.36507760E-05,5.43156857E-05,6.46911940E-05,6.90842207E-05,7.11765024E-05,7.62801792E-05,6.67257773E-05,6.00285130E-05,6.25574976E-05,6.05069290E-05,7.32332264E-05,6.81543752E-05,7.27591614E-05,7.58914321E-05,8.82404856E-05,8.26702089E-05,7.08824809E-05,7.82607676E-05,8.16350803E-05,8.90586307E-05,8.08906116E-05,9.58479868E-05,1.02707614E-04,1.13540933E-04,1.39657364E-04,1.65987702E-04,2.05636723E-04,2.61550857E-04,3.31833842E-04,4.40215750E-04,6.03642431E-04,8.28853925E-04,1.15344068E-03,1.56565162E-03,2.15235655E-03,2.88757263E-03,3.80551652E-03,5.05786482E-03,6.58559706E-03,8.41513649E-03,1.05294567E-02,1.29815042E-02,1.59615446E-02,1.89979877E-02,2.22551171E-02,2.56288797E-02,2.89195031E-02,3.22558172E-02,3.55451480E-02,3.85261215E-02,4.10902388E-02,4.32043746E-02,4.49209511E-02,4.63940054E-02,4.73510288E-02,4.79059182E-02,4.81814146E-02,4.81861718E-02,4.77862954E-02,4.73165289E-02,4.67043221E-02,4.59598042E-02,4.51459587E-02,4.43314202E-02,4.35013659E-02,4.27905545E-02,4.21212688E-02,4.15694788E-02,4.08808067E-02,4.03049067E-02,3.97965312E-02,3.93406153E-02,3.87826934E-02,3.83402072E-02,3.80109549E-02,3.74711640E-02,3.70521657E-02,3.67285125E-02,3.62756737E-02,3.58053967E-02,3.53699848E-02,3.49931866E-02,3.45774777E-02,3.41820717E-02,3.38477306E-02,3.34283970E-02,3.31626981E-02,3.28420512E-02,3.25033143E-02,3.21922377E-02,3.18498537E-02,3.16026732E-02,3.13376747E-02,3.09419576E-02,3.07092126E-02,3.03418748E-02,3.00357640E-02,2.96729188E-02,2.94231493E-02,2.90497802E-02,2.87527908E-02,2.85316277E-02,2.83166338E-02,2.80986261E-02,2.79750451E-02,2.78006159E-02,2.75991149E-02,2.74951607E-02,2.74036266E-02,2.71996837E-02,2.69783791E-02,2.67922506E-02,2.65324004E-02,2.62875985E-02,2.61210911E-02,2.58063097E-02,2.55264509E-02,2.52961181E-02,2.50340700E-02,2.47725565E-02,2.43347827E-02,2.37735305E-02,2.32118610E-02,2.24097781E-02,2.13437416E-02,1.98364928E-02,1.83061808E-02,1.64518226E-02,1.45152956E-02,1.25811007E-02,1.07153896E-02,8.89269542E-03,7.27724936E-03,5.99719118E-03,4.88723954E-03,3.94883193E-03,3.18456814E-03,2.57062772E-03,2.10676552E-03,1.66427391E-03,1.38284580E-03,1.12979836E-03,9.24230611E-04,7.60615163E-04,6.59954734E-04,5.42273687E-04,4.79268725E-04,3.76937853E-04,3.32685973E-04,2.83799978E-04,2.58713146E-04,2.20430025E-04,1.84939156E-04,1.63836768E-04,1.55569287E-04,1.33415670E-04,1.24554834E-04,1.12639849E-04,9.96766830E-05,8.83262983E-05,8.98200451E-05,7.98773253E-05,8.07528195E-05,7.45003490E-05,7.29672392E-05,6.07014372E-05,6.02032487E-05,4.83263320E-05,5.76429993E-05,7.02140896E-05,5.94778903E-05,4.67697391E-05,5.34042956E-05,5.80890810E-05,6.90871748E-05,6.87541251E-05,5.53911341E-05,5.82342145E-05,7.50517574E-05,6.42763189E-05,5.41321024E-05,6.18054328E-05,6.81920355E-05,5.67396310E-05,4.11815381E-05,5.48980752E-05,7.33645647E-05,6.04081470E-05,5.54616818E-05,5.96531499E-05,4.68062608E-05,5.31139704E-05,6.31295406E-05,6.06781359E-05,5.89626252E-05,4.97771725E-05,3.64294974E-05,3.95079951E-05,2.60310971E-05,2.43188188E-05,4.97666915E-05,3.53067189E-05,4.08285159E-05,1.86762663E-05,8.97848531E-06,1.61735716E-05,1.91683521E-05,-1.16E-05,1.45377135E-05,1.18807857E-05,1.72333184E-05,1.88371741E-05,1.86360703E-05,4.32245452E-06,-6.90E-08,5.95325810E-06,1.44727028E-05,5.78666413E-06,-5.17E-06,3.48671449E-07,1.96089477E-05,2.48626438E-05,1.08256299E-05,3.14179415E-05,1.28404945E-05,-4.85E-07,3.73136481E-06,-1.03E-05,-1.01E-05,-1.20E-05,6.10729330E-05,3.97073745E-05,3.22669912E-05,2.08138299E-05,2.61660125E-06,4.37598756E-05,6.10264869E-05,1.97506160E-05,-6.19E-06,1.49268644E-05,-5.42E-05,INT SYNC:059.94[Hz],DOUBLE FRAME,NORMAL,STANDARD DARK,TWO,CIE1931 (2°),1°,100,0.33333333,0.33333333,NONE,1,600601,1895591,OFF,TRUE,2024/03/25,16:47:27,OK00,----,----,----,CS-3000HDR,3001075,1.00.0008
47,1.48920238E+03,8.34792132E+02,4.02035485E+00,8.34792132E+02,0.63968766,0.3585854,0.42478412,0.53576633,----,----,603.183009,99.6051512,219.315628,215.848605,337.201738,2.99272686E+00,597,-3.74E-06,-2.82E-06,-1.04E-05,1.59816809E-05,7.94931384E-06,-9.30E-06,-5.50E-06,5.31090745E-06,2.15581895E-05,1.13010974E-05,-8.00E-06,1.00741418E-05,1.83399115E-05,8.75746252E-07,6.44641034E-08,-4.33E-06,-1.24E-05,-1.71E-05,2.79125061E-07,1.86144025E-05,1.48777863E-05,2.86334011E-06,-1.12E-05,-7.86E-06,1.12164180E-05,1.26479217E-05,-7.67E-06,2.62227331E-06,-5.12E-06,3.88494618E-06,-5.85E-08,-1.49E-06,-3.71E-06,-5.82E-06,4.28439353E-06,1.51322081E-06,-5.03E-06,8.88671730E-06,-3.65E-07,8.18990611E-06,7.87267527E-06,7.50529443E-06,-1.50E-06,9.81268295E-06,8.31301350E-06,-2.28E-06,5.35965319E-06,-2.92E-06,7.68733969E-07,-2.03E-06,-5.28E-06,3.37796655E-06,5.68374116E-06,4.28899421E-06,5.18616253E-06,-3.04E-06,1.03960074E-05,7.71316900E-06,-2.19E-06,3.04337732E-06,2.05324250E-06,7.15884426E-06,7.93732761E-06,1.22067668E-05,1.06082207E-05,1.55259931E-05,1.50715914E-05,2.13397907E-05,3.59167716E-05,4.75214692E-05,5.69853582E-05,6.45652253E-05,6.94455812E-05,7.75746739E-05,9.51876718E-05,9.99924450E-05,1.01477388E-04,9.70421097E-05,1.01964724E-04,1.04746177E-04,9.63331404E-05,9.05558118E-05,9.66848820E-05,8.89163930E-05,8.52015437E-05,8.99566585E-05,7.86762612E-05,8.31463476E-05,7.51035041E-05,7.92082719E-05,8.11029604E-05,7.75161607E-05,6.72192473E-05,6.62916282E-05,7.07978834E-05,7.17921066E-05,7.15965725E-05,6.38156780E-05,6.60429287E-05,5.91137905E-05,5.85375637E-05,5.85105408E-05,5.14782405E-05,4.66222627E-05,4.84766824E-05,4.42654637E-05,4.43113786E-05,5.52600832E-05,4.66055280E-05,4.67969330E-05,4.70302366E-05,4.03941267E-05,4.93666776E-05,4.51826090E-05,4.83734220E-05,3.93175396E-05,4.03829181E-05,4.14532260E-05,3.68787187E-05,4.44460893E-05,4.05474966E-05,4.13267298E-05,2.88513911E-05,3.46673405E-05,3.16087098E-05,3.89315355E-05,4.56637645E-05,3.83017359E-05,3.84868072E-05,4.13671260E-05,3.83571823E-05,3.21601874E-05,3.40429215E-05,2.80252498E-05,3.44344990E-05,3.32521231E-05,2.87323764E-05,3.51357048E-05,2.83830159E-05,2.95686023E-05,2.87661405E-05,2.40898025E-05,2.66801399E-05,2.51737783E-05,2.33480496E-05,2.74470112E-05,2.90855551E-05,2.58933778E-05,3.01219607E-05,2.93062203E-05,2.99701151E-05,3.35721525E-05,3.74357369E-05,3.72390750E-05,3.88804983E-05,4.49562322E-05,4.32771922E-05,4.59022594E-05,4.67712562E-05,5.72131612E-05,5.87551949E-05,5.51422454E-05,5.83165602E-05,6.62778766E-05,6.52618910E-05,7.23803096E-05,6.64055624E-05,6.09058116E-05,6.30701616E-05,6.39306309E-05,6.70532827E-05,7.21052129E-05,8.00615962E-05,7.75298467E-05,7.89849219E-05,7.76797897E-05,8.20489804E-05,7.48544771E-05,7.87436002E-05,8.17038381E-05,8.54031168E-05,8.87529241E-05,1.08673499E-04,1.21533420E-04,1.34852788E-04,1.60030846E-04,1.93560190E-04,2.58619111E-04,3.29837756E-04,4.42057179E-04,5.99380524E-04,8.34189646E-04,1.15144090E-03,1.57133746E-03,2.12669000E-03,2.86625372E-03,3.81144159E-03,5.06852893E-03,6.55757124E-03,8.38368759E-03,1.05013112E-02,1.29553741E-02,1.59344282E-02,1.89596955E-02,2.22509708E-02,2.55775396E-02,2.89848503E-02,3.22816595E-02,3.54703628E-02,3.84101197E-02,4.10475694E-02,4.32354584E-02,4.48070876E-02,4.63673398E-02,4.73474003E-02,4.78535444E-02,4.81668785E-02,4.82072197E-02,4.77757677E-02,4.72987778E-02,4.66620736E-02,4.58969437E-02,4.51110527E-02,4.43765782E-02,4.34703045E-02,4.27722260E-02,4.20747846E-02,4.14768718E-02,4.07556891E-02,4.02294472E-02,3.97485495E-02,3.92891057E-02,3.87080349E-02,3.83404307E-02,3.79449539E-02,3.74106430E-02,3.70336808E-02,3.66618894E-02,3.62454765E-02,3.57496999E-02,3.53297330E-02,3.49106006E-02,3.45942378E-02,3.41629237E-02,3.37872803E-02,3.34225595E-02,3.31285484E-02,3.27632725E-02,3.24248970E-02,3.21354046E-02,3.18806171E-02,3.15535367E-02,3.13132331E-02,3.09578869E-02,3.06262877E-02,3.03093977E-02,2.99969018E-02,2.96547133E-02,2.93278657E-02,2.90453844E-02,2.87766866E-02,2.84671430E-02,2.82980055E-02,2.80924104E-02,2.79755741E-02,2.78021470E-02,2.76226811E-02,2.74429172E-02,2.73346901E-02,2.71295439E-02,2.68895142E-02,2.67770346E-02,2.64960099E-02,2.62672715E-02,2.60685720E-02,2.57737953E-02,2.55132187E-02,2.52075121E-02,2.49336045E-02,2.46710274E-02,2.42824629E-02,2.37985458E-02,2.32281256E-02,2.23647580E-02,2.12877728E-02,1.98848043E-02,1.82494763E-02,1.64415836E-02,1.44912116E-02,1.25725325E-02,1.06648179E-02,8.94283317E-03,7.29584601E-03,5.99826965E-03,4.89171967E-03,3.94414784E-03,3.18991975E-03,2.59335246E-03,2.08816445E-03,1.66770758E-03,1.36051571E-03,1.12361985E-03,9.18800128E-04,7.80087488E-04,6.47896086E-04,5.41293935E-04,4.59985662E-04,3.90138157E-04,3.33675416E-04,2.92042037E-04,2.62729853E-04,2.32919905E-04,2.04207478E-04,1.76933390E-04,1.61289718E-04,1.56852824E-04,1.36550691E-04,1.15764749E-04,1.12051850E-04,8.99939478E-05,8.56333863E-05,8.36072722E-05,8.30053032E-05,6.87597203E-05,6.98024378E-05,7.32194821E-05,6.78134456E-05,5.96049322E-05,6.70387017E-05,6.05985661E-05,4.09867498E-05,6.62107195E-05,5.96003265E-05,4.83922922E-05,6.26927431E-05,7.33086999E-05,6.09510207E-05,5.90984855E-05,6.42506129E-05,4.98908848E-05,5.31365004E-05,6.74228795E-05,5.13097111E-05,5.50878758E-05,5.73076068E-05,4.79744376E-05,6.15010867E-05,6.02675937E-05,4.47443963E-05,6.63367464E-05,5.90770615E-05,4.86830759E-05,5.72521240E-05,4.47508501E-05,4.96038847E-05,4.37966228E-05,3.02587141E-05,3.47779242E-05,5.42762682E-05,2.67388805E-05,3.53958785E-05,3.72659997E-05,3.84904961E-05,2.72358557E-05,1.21041994E-05,2.26296888E-05,4.41366901E-05,1.09301927E-05,4.71973317E-06,1.04340948E-07,1.19021315E-05,2.21256250E-05,-4.64E-06,1.92582138E-05,1.51979448E-05,-9.52E-06,-5.62E-06,1.34546472E-05,-1.45E-05,7.60408329E-06,-1.68E-05,1.64582434E-05,1.19018496E-05,3.65102392E-06,2.18483710E-05,1.51860104E-05,3.07871269E-05,4.91864448E-05,-1.23E-05,-3.58E-05,-1.54E-05,7.57268717E-05,-8.59E-06,1.41313303E-05,-3.10E-07,1.32480018E-05,2.11821589E-05,-2.72E-06,-1.52E-07,3.46181150E-05,-6.65E-05,INT SYNC:059.94[Hz],DOUBLE FRAME,NORMAL,STANDARD DARK,TWO,CIE1931 (2°),1°,100,0.33333333,0.33333333,NONE,1,600601,1898809,OFF,TRUE,2024/03/25,16:47:32,OK00,----,----,----,CS-3000HDR,3001075,1.00.0008
48,1.49145443E+03,8.36059381E+02,3.99829556E+00,8.36059381E+02,0.63969405,0.35859105,0.42478448,0.53576988,----,----,603.181839,99.6087784,219.434641,215.9554,337.532474,2.99754013E+00,596,7.08109656E-06,-1.31E-05,-3.95E-06,1.89795446E-05,2.57470092E-05,2.10899962E-05,-1.38E-05,-2.59E-05,1.18590390E-06,-3.43E-06,-5.54E-06,-6.37E-06,-1.10E-05,3.00826628E-06,1.73672163E-06,2.26141992E-06,-6.53E-06,-6.13E-06,-4.67E-06,6.59995521E-06,3.02663761E-06,-7.65E-06,1.01875112E-05,-9.59E-07,3.95241341E-06,5.31201022E-06,-2.55E-06,1.05746108E-06,-3.28E-06,3.05246408E-06,1.43960733E-05,2.70476403E-06,5.76373805E-06,3.28262627E-06,-5.06E-07,-7.35E-06,-1.69E-06,-9.42E-07,-8.98E-06,-2.07E-06,1.68240731E-05,7.77124023E-06,1.72999953E-05,-3.19E-06,-7.28E-06,3.36785615E-06,-3.46E-06,2.89435235E-07,-6.31E-06,-1.06E-05,-1.11E-05,-4.66E-06,1.18015606E-07,3.34434321E-06,-5.38E-06,-2.88E-06,4.01041143E-06,4.32300885E-06,3.67346229E-06,6.78537617E-06,-1.47E-06,1.03638549E-05,1.43088364E-05,3.33992284E-06,7.43843657E-06,1.30322132E-05,1.64198591E-05,3.41449522E-05,4.32487795E-05,4.83561817E-05,5.45455187E-05,6.73481991E-05,7.37201699E-05,8.75300975E-05,9.61394035E-05,9.93351350E-05,9.56557924E-05,1.04422492E-04,9.65139916E-05,9.75227595E-05,9.97140960E-05,9.83871942E-05,9.60920515E-05,8.71321317E-05,7.28387022E-05,9.45784705E-05,8.22021466E-05,7.08832667E-05,7.49166138E-05,8.28154443E-05,6.85919804E-05,7.32495901E-05,7.38688541E-05,8.03175935E-05,7.57292291E-05,7.67597594E-05,6.99190277E-05,6.62426173E-05,7.13636909E-05,6.07739821E-05,5.72626632E-05,4.81296483E-05,5.41532681E-05,4.49005965E-05,5.60785993E-05,5.12732186E-05,4.41942066E-05,5.24931529E-05,4.75841989E-05,4.43317622E-05,5.14476778E-05,5.00400529E-05,4.75981724E-05,4.22672529E-05,3.76417265E-05,4.22293488E-05,3.66543827E-05,3.35819750E-05,4.51520973E-05,4.07021471E-05,4.27657942E-05,4.18129639E-05,3.39951366E-05,4.61990094E-05,3.58879224E-05,3.84021660E-05,3.73353578E-05,3.98267257E-05,3.71908282E-05,3.73515686E-05,3.62247556E-05,3.60300110E-05,3.80982456E-05,3.01508790E-05,2.91737706E-05,2.60087236E-05,3.14311001E-05,2.87941839E-05,3.51318777E-05,2.81876437E-05,2.84731450E-05,3.03508168E-05,2.70495329E-05,2.54126953E-05,2.50009452E-05,2.73540209E-05,3.52777170E-05,1.65083366E-05,2.83438894E-05,3.18810053E-05,3.34096803E-05,3.42539315E-05,2.95145674E-05,3.98242955E-05,3.26902118E-05,4.81312745E-05,4.15115792E-05,4.49828221E-05,5.66242634E-05,5.41528789E-05,6.56671182E-05,6.28185007E-05,7.21131437E-05,7.39586394E-05,7.16646391E-05,6.51056835E-05,7.00064265E-05,5.87720242E-05,6.77222051E-05,7.27862061E-05,7.43320124E-05,6.41166916E-05,7.75328517E-05,7.76004890E-05,7.12163164E-05,8.11063946E-05,8.38281194E-05,7.83097930E-05,7.82383795E-05,8.42337176E-05,9.12520991E-05,9.03324690E-05,1.06794585E-04,1.17368530E-04,1.41428798E-04,1.59639254E-04,2.02358817E-04,2.66795803E-04,3.30639188E-04,4.42460470E-04,5.99155552E-04,8.23585258E-04,1.14673155E-03,1.58142205E-03,2.14436697E-03,2.87348661E-03,3.80978943E-03,5.05760266E-03,6.59060990E-03,8.41515232E-03,1.05155446E-02,1.29895853E-02,1.59032065E-02,1.90376416E-02,2.23155487E-02,2.56529395E-02,2.90186424E-02,3.22813056E-02,3.54938991E-02,3.84597927E-02,4.11358550E-02,4.32435535E-02,4.48731817E-02,4.64488491E-02,4.73710634E-02,4.79690544E-02,4.82861251E-02,4.81517576E-02,4.78527918E-02,4.73447666E-02,4.66981046E-02,4.59106937E-02,4.51617055E-02,4.43552434E-02,4.36079577E-02,4.27851044E-02,4.20828871E-02,4.14511263E-02,4.09048311E-02,4.03541662E-02,3.98219079E-02,3.93451154E-02,3.88072692E-02,3.84053923E-02,3.79932858E-02,3.75062972E-02,3.71107087E-02,3.67225073E-02,3.62519175E-02,3.58230174E-02,3.54079939E-02,3.49926427E-02,3.45864370E-02,3.42521071E-02,3.38721722E-02,3.34795453E-02,3.31511497E-02,3.28146145E-02,3.24825235E-02,3.21726501E-02,3.19189467E-02,3.15998569E-02,3.13888490E-02,3.09636425E-02,3.07232477E-02,3.03804241E-02,3.00508495E-02,2.97366530E-02,2.94268001E-02,2.90864483E-02,2.87730880E-02,2.85730399E-02,2.83498261E-02,2.81756427E-02,2.80189849E-02,2.78156046E-02,2.77112182E-02,2.75391471E-02,2.73601636E-02,2.72049960E-02,2.70025954E-02,2.67450921E-02,2.65683252E-02,2.64125373E-02,2.61598509E-02,2.57937815E-02,2.55736541E-02,2.52740774E-02,2.49577872E-02,2.46951059E-02,2.43095122E-02,2.38481387E-02,2.32872386E-02,2.24410333E-02,2.12790128E-02,1.99274663E-02,1.82935577E-02,1.64322034E-02,1.45212431E-02,1.25591438E-02,1.06752496E-02,8.95779207E-03,7.30872853E-03,5.99412667E-03,4.87090088E-03,3.96492146E-03,3.22054233E-03,2.60372134E-03,2.10145256E-03,1.67093810E-03,1.38347421E-03,1.13149080E-03,9.28961439E-04,7.77496782E-04,6.52266899E-04,5.38706547E-04,4.59268689E-04,3.82658152E-04,3.39234248E-04,2.90327618E-04,2.54077429E-04,2.22633025E-04,1.81998126E-04,1.70348969E-04,1.50569060E-04,1.33396927E-04,1.24376369E-04,1.04232866E-04,1.02782287E-04,1.02539001E-04,7.73847132E-05,6.85278064E-05,7.85082375E-05,8.49619173E-05,6.55543990E-05,5.78156178E-05,5.36640109E-05,5.42465568E-05,5.87389586E-05,5.68316536E-05,6.62205930E-05,6.25178582E-05,4.93292791E-05,5.30360412E-05,5.50733421E-05,5.24370880E-05,4.81752249E-05,5.82234570E-05,6.92892500E-05,4.69201404E-05,4.29432621E-05,6.34602475E-05,6.12206131E-05,5.89040719E-05,4.97230722E-05,5.66448070E-05,5.81416534E-05,4.85021337E-05,6.55381882E-05,6.73979084E-05,5.94369776E-05,4.82946780E-05,5.85612033E-05,6.91921887E-05,4.99203161E-05,5.42943599E-05,3.73469775E-05,4.64571531E-05,4.74240042E-05,3.02175868E-05,4.04497223E-05,3.92498659E-05,2.82502897E-05,2.14360316E-05,2.41503130E-05,4.11548790E-05,1.26614495E-05,1.12575181E-05,2.00490231E-05,5.37894221E-06,6.11717314E-06,2.44261319E-05,2.16764984E-05,1.47574892E-05,1.95957746E-05,1.04107330E-05,5.87677778E-06,3.77804827E-06,3.31727460E-05,2.85052520E-05,2.23549669E-05,8.18220906E-06,-5.97E-06,1.33265530E-05,1.72176715E-05,-5.75E-06,-1.47E-05,-3.57E-06,1.40299844E-05,-8.84E-06,-1.62E-05,5.31058822E-06,4.85368437E-05,-9.97E-07,6.16817033E-06,3.48047361E-05,-1.91E-05,-5.27E-05,2.32031398E-05,1.55959788E-05,-4.15E-06,INT SYNC:059.94[Hz],DOUBLE FRAME,NORMAL,STANDARD DARK,TWO,CIE1931 (2°),1°,100,0.33333333,0.33333333,NONE,1,600601,1897727,OFF,TRUE,2024/03/25,16:47:38,OK00,----,----,----,CS-3000HDR,3001075,1.00.0008
49,1.49511178E+03,8.37981538E+02,4.03525620E+00,8.37981538E+02,0.63972166,0.35855175,0.42483998,0.53575802,----,----,603.191322,99.6052084,219.61493,216.183498,337.63323,3.00465297E+00,596,2.47309636E-05,-3.85E-05,-1.25E-05,2.00128252E-05,-9.81E-06,-1.02E-05,6.81790470E-06,-9.87E-06,5.09473648E-06,1.34935899E-05,-5.09E-06,9.82101369E-07,-1.52E-05,-1.35E-05,1.44281739E-05,-3.77E-06,-8.64E-06,-8.75E-06,7.43840110E-06,5.04632862E-06,-1.38E-06,-8.49E-07,-1.68E-05,-1.44E-05,4.33113655E-06,1.20194254E-05,7.45873922E-06,4.99267458E-07,-3.50E-06,7.66620815E-06,4.73893306E-06,6.71719226E-06,-7.11E-06,4.67546488E-06,-5.00E-06,1.01389423E-05,6.91313835E-06,4.02372689E-06,1.12983835E-05,-5.21E-06,3.79244875E-06,8.36224717E-06,-2.26E-07,3.62245714E-06,-2.79E-06,-9.39E-06,5.48428170E-06,5.29773570E-06,7.90820559E-06,-3.63E-06,3.06679112E-06,6.43618068E-06,3.78423374E-06,4.54743304E-06,3.40533120E-06,8.50760841E-07,4.06790650E-06,-4.77E-06,2.15402770E-06,1.40158818E-05,4.44434136E-06,1.07191136E-05,3.95044208E-06,7.55812562E-06,-1.24E-06,2.16026128E-05,1.16472438E-05,2.51677429E-05,4.95460263E-05,3.85466665E-05,5.10423779E-05,7.44857753E-05,7.05488928E-05,8.82955865E-05,9.07604554E-05,9.24898559E-05,1.01543184E-04,9.48755114E-05,1.06874970E-04,9.43617561E-05,1.06562744E-04,1.10104091E-04,9.25308486E-05,8.82920140E-05,7.93462823E-05,7.65090444E-05,8.55512480E-05,8.89444855E-05,7.82528732E-05,7.29701496E-05,7.71051127E-05,7.27081060E-05,6.88208893E-05,6.91512396E-05,7.16800569E-05,6.46715926E-05,7.61782503E-05,6.75527190E-05,6.12052390E-05,5.54022590E-05,5.79049047E-05,6.92754547E-05,5.43303468E-05,4.99407834E-05,3.93665832E-05,5.35009531E-05,5.95383353E-05,5.10228347E-05,4.21342302E-05,4.79567134E-05,4.71665226E-05,4.68406070E-05,4.05541177E-05,3.64225161E-05,4.52071799E-05,4.64304867E-05,3.64270709E-05,3.96448449E-05,4.23121419E-05,3.32525960E-05,4.15600007E-05,3.29743889E-05,3.44057335E-05,4.06458676E-05,3.38335703E-05,3.22332635E-05,2.77423169E-05,4.12151385E-05,4.22476041E-05,2.87162547E-05,3.71915812E-05,3.16589176E-05,3.23697459E-05,3.24164030E-05,2.86962804E-05,3.42242056E-05,3.03457000E-05,2.80264594E-05,3.07518530E-05,2.74371832E-05,2.82117853E-05,3.66254899E-05,2.94860383E-05,2.74646409E-05,3.00901047E-05,2.25693093E-05,2.83289919E-05,2.28834106E-05,2.30029473E-05,2.71778063E-05,2.85446040E-05,3.12123411E-05,4.03183767E-05,4.33770801E-05,4.60422998E-05,3.99004384E-05,4.20563629E-05,5.37200831E-05,5.29184872E-05,5.33529164E-05,5.81178356E-05,5.72796453E-05,6.33609961E-05,7.01858808E-05,6.59099460E-05,7.17067815E-05,7.03302794E-05,6.11416763E-05,6.17601763E-05,6.63856626E-05,7.11404136E-05,7.20898533E-05,7.54814828E-05,7.29873864E-05,7.71103951E-05,7.93035288E-05,7.98174442E-05,7.49629835E-05,8.09416742E-05,8.84815890E-05,7.99571208E-05,8.63109963E-05,1.02180951E-04,1.23097096E-04,1.37684488E-04,1.70818283E-04,2.02127630E-04,2.69078533E-04,3.41477367E-04,4.47599305E-04,6.00800966E-04,8.33524158E-04,1.15180796E-03,1.58072822E-03,2.13389122E-03,2.87546008E-03,3.82577768E-03,5.08000236E-03,6.57674298E-03,8.38419516E-03,1.05474032E-02,1.30188894E-02,1.59169100E-02,1.90221835E-02,2.23405901E-02,2.57036798E-02,2.89937444E-02,3.23493257E-02,3.56393419E-02,3.85162458E-02,4.11351062E-02,4.33287062E-02,4.50826213E-02,4.64442186E-02,4.74511348E-02,4.80731986E-02,4.83284220E-02,4.82722037E-02,4.79405336E-02,4.74622101E-02,4.68454398E-02,4.61075939E-02,4.52823937E-02,4.45559621E-02,4.36905511E-02,4.29345518E-02,4.22131382E-02,4.16678712E-02,4.09663022E-02,4.04835641E-02,3.99318933E-02,3.94295789E-02,3.89819182E-02,3.84879000E-02,3.80767919E-02,3.76005806E-02,3.72396782E-02,3.68701816E-02,3.63603495E-02,3.59042585E-02,3.54934968E-02,3.50488387E-02,3.47108096E-02,3.43667641E-02,3.39491032E-02,3.36058661E-02,3.32626328E-02,3.28740254E-02,3.26105170E-02,3.22382450E-02,3.19314562E-02,3.16910408E-02,3.14481072E-02,3.11153941E-02,3.07857003E-02,3.04744300E-02,3.00986171E-02,2.97677983E-02,2.94636395E-02,2.91024167E-02,2.88089234E-02,2.86312513E-02,2.84260418E-02,2.81803757E-02,2.80918106E-02,2.79366225E-02,2.77867932E-02,2.76101585E-02,2.74747070E-02,2.73270197E-02,2.71034986E-02,2.68857889E-02,2.66126487E-02,2.64059976E-02,2.61515770E-02,2.58261375E-02,2.56541390E-02,2.53580939E-02,2.50034351E-02,2.47999784E-02,2.44153701E-02,2.39348710E-02,2.32907739E-02,2.24661771E-02,2.13955529E-02,1.99075844E-02,1.83173120E-02,1.65306814E-02,1.45957433E-02,1.25520276E-02,1.07449060E-02,8.96331575E-03,7.30318157E-03,6.02030382E-03,4.89646289E-03,3.92976264E-03,3.20059201E-03,2.61903927E-03,2.10674223E-03,1.67873304E-03,1.37781026E-03,1.11581024E-03,9.26747045E-04,7.79698836E-04,6.50197151E-04,5.35220897E-04,4.65483987E-04,3.88615852E-04,3.29674425E-04,2.93007848E-04,2.52711150E-04,2.21094801E-04,1.90739491E-04,1.80210001E-04,1.60911703E-04,1.24787432E-04,1.12797024E-04,1.16328389E-04,1.14778981E-04,8.95809571E-05,8.93401375E-05,7.20041207E-05,8.19284760E-05,6.22558728E-05,7.27982770E-05,6.65352272E-05,6.93959155E-05,6.91598325E-05,5.45628500E-05,7.49811588E-05,6.66599663E-05,5.53050158E-05,4.76560817E-05,4.83777512E-05,4.17307092E-05,5.57862477E-05,6.02796972E-05,4.88672376E-05,5.91854150E-05,7.05498242E-05,6.29616625E-05,7.90020713E-05,5.34250867E-05,5.25327596E-05,4.80497001E-05,5.50263212E-05,5.85366324E-05,3.72343675E-05,5.27771117E-05,6.78412835E-05,5.64365546E-05,5.68444266E-05,4.58150062E-05,5.30781181E-05,4.70025698E-05,6.64579566E-05,2.46542932E-05,6.57021810E-05,4.26418665E-05,4.93320767E-05,4.57456117E-05,2.87526364E-05,4.58771938E-05,2.30580772E-05,2.36458709E-05,3.34124379E-05,2.05796587E-05,-4.45E-06,-2.65E-06,-8.36E-06,6.05026480E-06,2.54672505E-05,1.25553579E-05,4.47220344E-07,-1.62E-07,1.58750518E-05,-2.54E-05,2.19660663E-07,2.35414464E-05,2.73354144E-05,-4.16E-06,-9.42E-06,-2.68E-05,4.64937921E-06,3.37615311E-05,2.27502078E-05,3.04927016E-05,-3.70E-05,-3.99E-05,1.15626708E-05,2.26695629E-05,3.87254331E-05,2.24360497E-06,-8.87E-06,-1.22E-05,3.35808654E-05,1.09396988E-05,-2.71E-05,-1.46E-05,-9.31E-07,-1.12E-07,INT SYNC:059.94[Hz],DOUBLE FRAME,NORMAL,STANDARD DARK,TWO,CIE1931 (2°),1°,100,0.33333333,0.33333333,NONE,1,600601,1895994,OFF,TRUE,2024/03/25,16:47:44,OK00,----,----,----,CS-3000HDR,3001075,1.00.0008
50,1.49220021E+03,8.36434401E+02,4.07481834E+00,8.36434401E+02,0.63968542,0.35856776,0.42479724,0.53575841,----,----,603.186989,99.599158,219.469838,216.008798,337.159614,2.99920235E+00,596,-1.63E-05,-1.43E-05,3.34834544E-06,-1.01E-05,7.03401156E-07,-4.79E-06,-1.94E-05,-2.49E-05,6.77987464E-06,6.20397486E-06,1.33529065E-05,-1.18E-05,1.21941994E-05,1.36417157E-05,2.82969313E-06,-1.95E-05,7.00438977E-06,-7.85E-06,1.27696467E-05,1.70924650E-05,-2.82E-06,-4.00E-06,-4.92E-07,5.41774398E-06,7.55852898E-06,1.94020814E-07,7.67205802E-06,-1.91E-05,-8.41E-06,2.01523093E-07,9.36643301E-06,-1.00E-05,-1.48E-07,-1.15E-05,8.84110341E-06,6.88026648E-06,-1.04E-05,-2.18E-06,-1.01E-06,1.03244993E-05,1.87778533E-05,1.13476817E-05,3.75134118E-06,-3.90E-06,2.97568181E-06,5.40075507E-06,2.05383913E-06,-1.03E-06,-1.05E-05,7.49196215E-06,7.95342839E-06,-1.41E-06,3.75592293E-07,-3.79E-06,-6.90E-07,8.46094554E-06,1.09155617E-05,2.48170659E-06,9.70991209E-07,3.05754929E-06,7.56923555E-06,5.96292830E-06,7.24970687E-06,1.08182430E-05,2.14032716E-05,1.70976145E-05,1.95569537E-05,2.57280608E-05,3.99083438E-05,5.23128110E-05,5.60538319E-05,6.99261727E-05,7.77874084E-05,9.21977553E-05,8.21267677E-05,9.54480565E-05,1.00917707E-04,9.28486916E-05,1.11838599E-04,1.08274653E-04,9.01538297E-05,1.03144877E-04,8.29783530E-05,9.07327631E-05,8.04385272E-05,8.66430128E-05,8.59007414E-05,8.02279756E-05,7.72787607E-05,7.38455055E-05,6.79760051E-05,7.66788362E-05,7.51436528E-05,7.21131655E-05,7.41796757E-05,6.84112820E-05,7.06688297E-05,6.41974402E-05,6.86145722E-05,6.95888084E-05,5.86668466E-05,6.31938892E-05,5.48772841E-05,5.12714105E-05,4.94028245E-05,5.02107832E-05,4.17180636E-05,5.39045141E-05,4.81856550E-05,4.89607373E-05,4.02926598E-05,4.23982638E-05,4.36679766E-05,4.33784553E-05,4.46882332E-05,3.28299247E-05,4.38437528E-05,4.24165337E-05,3.66838576E-05,4.40011136E-05,4.03704144E-05,3.23632121E-05,3.50002483E-05,4.82658797E-05,4.69192091E-05,3.23706518E-05,3.55011543E-05,3.29030700E-05,3.64992411E-05,3.02141270E-05,3.46357301E-05,3.43152133E-05,3.68440633E-05,3.21560256E-05,2.55565192E-05,2.97117731E-05,3.81114878E-05,2.96712442E-05,3.54448603E-05,2.82446053E-05,2.46296986E-05,2.99853746E-05,2.70455475E-05,2.30055193E-05,3.04374753E-05,3.10214236E-05,3.03069137E-05,1.93264332E-05,3.32660493E-05,2.59231292E-05,3.47835448E-05,3.72032737E-05,2.63184866E-05,3.76509088E-05,4.37042836E-05,4.29114043E-05,5.01225659E-05,4.15129034E-05,5.04950840E-05,6.15725803E-05,5.61394409E-05,6.57025303E-05,6.27326808E-05,7.09693413E-05,6.90843590E-05,6.53491006E-05,6.76454147E-05,6.16613906E-05,6.42738305E-05,5.95870661E-05,7.37188166E-05,7.21816541E-05,8.34113671E-05,7.49426908E-05,8.12823855E-05,7.71865452E-05,8.18806438E-05,7.30005631E-05,7.64209835E-05,8.75533660E-05,8.28850461E-05,8.82896784E-05,1.03604871E-04,1.17726515E-04,1.33614740E-04,1.59808842E-04,2.01805873E-04,2.57898006E-04,3.38565238E-04,4.42530989E-04,6.03822642E-04,8.34060193E-04,1.15136360E-03,1.57550536E-03,2.13305373E-03,2.87351781E-03,3.84393893E-03,5.10286726E-03,6.59321481E-03,8.40109214E-03,1.05658863E-02,1.29882609E-02,1.59361064E-02,1.90218482E-02,2.22667009E-02,2.56522130E-02,2.90439315E-02,3.22641172E-02,3.55566069E-02,3.84819247E-02,4.11157049E-02,4.32829559E-02,4.48172204E-02,4.63785566E-02,4.74170819E-02,4.79834639E-02,4.82235178E-02,4.80709001E-02,4.78848517E-02,4.74274531E-02,4.67656143E-02,4.59690019E-02,4.51933891E-02,4.44190390E-02,4.36084755E-02,4.28163968E-02,4.21528891E-02,4.15840447E-02,4.10084575E-02,4.03459892E-02,3.98108996E-02,3.92923802E-02,3.87549996E-02,3.84095423E-02,3.80742289E-02,3.75187583E-02,3.71314809E-02,3.67494524E-02,3.63316201E-02,3.59116755E-02,3.54278870E-02,3.50684039E-02,3.45797129E-02,3.41962650E-02,3.38828228E-02,3.34925503E-02,3.32123972E-02,3.28956880E-02,3.25090177E-02,3.22059058E-02,3.19080278E-02,3.16100456E-02,3.13653015E-02,3.09960824E-02,3.07110287E-02,3.04019824E-02,3.00305467E-02,2.97393706E-02,2.93833613E-02,2.90331971E-02,2.87892986E-02,2.85538770E-02,2.84030586E-02,2.81394161E-02,2.79983468E-02,2.78424565E-02,2.76851747E-02,2.75083371E-02,2.74200216E-02,2.72702407E-02,2.70515401E-02,2.67629661E-02,2.65638288E-02,2.63452474E-02,2.61679571E-02,2.59013642E-02,2.55538337E-02,2.52876449E-02,2.49765310E-02,2.47274395E-02,2.43665073E-02,2.39221379E-02,2.33143009E-02,2.24197078E-02,2.13863999E-02,1.99288968E-02,1.83209535E-02,1.64811090E-02,1.45247588E-02,1.26095703E-02,1.06688673E-02,8.98030307E-03,7.29100546E-03,5.98533871E-03,4.87654656E-03,3.96621460E-03,3.20638693E-03,2.59943120E-03,2.10661837E-03,1.67143659E-03,1.38164731E-03,1.12795341E-03,9.25168686E-04,7.78603717E-04,6.40468672E-04,5.52108802E-04,4.56066773E-04,3.84188432E-04,3.36328580E-04,2.77489075E-04,2.55414256E-04,2.26502802E-04,1.94454973E-04,1.70264451E-04,1.61492309E-04,1.41193028E-04,1.28543688E-04,1.20946934E-04,1.11744666E-04,8.62505622E-05,7.51283151E-05,6.83240432E-05,8.90841984E-05,8.43895032E-05,7.74257060E-05,6.04380621E-05,6.38180645E-05,6.78878205E-05,5.90207019E-05,7.03834303E-05,6.11198848E-05,4.89354425E-05,4.54416950E-05,5.08190060E-05,5.85668968E-05,8.68323477E-05,6.01787469E-05,5.86921997E-05,3.78380137E-05,4.83747936E-05,5.72787249E-05,6.72453316E-05,4.87776379E-05,4.54259280E-05,4.87628276E-05,5.72226891E-05,4.70808482E-05,5.94329213E-05,6.04394991E-05,5.88524053E-05,4.97734327E-05,4.88294900E-05,5.22736846E-05,6.78625365E-05,7.16663562E-05,5.65212795E-05,4.39933901E-05,3.18208477E-05,4.04820057E-05,4.62890603E-05,2.60627276E-05,1.39839867E-05,2.25712392E-05,1.47243190E-05,1.18244188E-05,2.29341440E-05,1.98318303E-05,2.01818002E-05,9.02544252E-06,3.13537566E-05,1.38997475E-05,1.82459207E-05,2.27096716E-05,-1.06E-05,-2.12E-06,7.26714052E-06,-3.59E-06,3.93206828E-05,1.45069171E-05,3.59791920E-05,-7.44E-06,1.80961342E-05,4.81200641E-06,-2.63E-07,4.79866003E-06,-1.70E-05,1.34111660E-05,1.59986830E-05,3.58787884E-06,1.65836946E-06,9.68098993E-06,1.37166189E-05,-5.65E-06,-1.30E-05,3.18136554E-05,3.52585375E-05,4.59733783E-05,1.79746730E-05,-4.85E-07,5.18970182E-06,-1.25E-05,INT SYNC:059.94[Hz],DOUBLE FRAME,NORMAL,STANDARD DARK,TWO,CIE1931 (2°),1°,100,0.33333333,0.33333333,NONE,1,600601,1894038,OFF,TRUE,2024/03/25,16:47:50,OK00,----,----,----,CS-3000HDR,3001075,1.00.0008
51,1.49326517E+03,8.37013384E+02,3.99334646E+00,8.37013384E+02,0.63971347,0.35857579,0.42481303,0.53576682,----,----,603.185686,99.6100009,219.524156,216.067438,337.715039,3.00115842E+00,596,-1.25E-05,1.76667781E-05,-5.99E-06,-4.52E-06,7.72818839E-06,-5.14E-06,1.26721534E-05,-1.69E-05,-1.69E-05,5.88606235E-06,2.64653318E-06,-1.26E-05,-1.37E-06,1.13585638E-05,-1.05E-05,1.80903571E-05,1.08375161E-05,3.49989500E-06,7.84738131E-06,6.81433721E-06,-1.82E-05,3.34023321E-06,-5.89E-06,6.69039218E-06,1.34797556E-05,2.78091534E-06,2.53225403E-06,8.42624331E-07,-1.92E-05,3.29691215E-06,-1.07E-07,-6.02E-06,6.24928316E-06,-5.27E-06,-4.49E-07,-3.48E-06,-1.91E-06,-4.96E-06,1.92812900E-06,-5.11E-06,-4.24E-06,9.02656225E-08,-8.13E-06,4.84139673E-06,9.57119300E-06,-9.71E-07,-5.42E-06,9.66016501E-07,6.54659107E-06,3.48832350E-06,-5.89E-08,-1.06E-06,5.49127299E-06,6.64605204E-06,6.68588746E-06,-2.99E-06,7.40076939E-06,2.09091468E-07,5.23430617E-06,-1.15E-05,9.14574503E-06,5.41390773E-06,1.27166095E-06,1.44062096E-05,7.31047339E-06,1.23307518E-05,1.82841304E-05,3.02476492E-05,3.93699920E-05,4.72343454E-05,5.30208599E-05,6.37682679E-05,8.73562749E-05,8.69004434E-05,9.05949419E-05,1.00176003E-04,1.01623475E-04,9.70597248E-05,1.02231767E-04,1.04010636E-04,1.06368941E-04,9.87455423E-05,8.80319712E-05,8.82698077E-05,8.26832911E-05,8.15372259E-05,7.70035549E-05,7.40094765E-05,7.40111791E-05,6.71839880E-05,7.54658759E-05,7.02651596E-05,7.73726715E-05,7.46101214E-05,6.90278102E-05,7.09346641E-05,6.28007474E-05,6.56768825E-05,6.41444494E-05,5.90616874E-05,5.09936108E-05,4.95396234E-05,5.80375490E-05,5.52565871E-05,4.86837562E-05,5.01203976E-05,5.19626810E-05,5.26079602E-05,4.68160506E-05,4.69371771E-05,4.45864607E-05,4.29968750E-05,4.62614807E-05,4.17837327E-05,4.63361030E-05,4.20616125E-05,3.97956683E-05,4.09098102E-05,3.97009389E-05,4.44659563E-05,3.26538684E-05,3.70271482E-05,4.08018641E-05,4.82543655E-05,3.44132241E-05,4.44917350E-05,3.59511760E-05,3.36905905E-05,3.41597733E-05,3.38824466E-05,4.40859403E-05,3.50633272E-05,4.24655482E-05,2.73761398E-05,2.47471344E-05,2.96478884E-05,2.85158421E-05,1.75865971E-05,2.64804476E-05,2.89395248E-05,3.00477914E-05,2.39202873E-05,2.66063016E-05,2.25303829E-05,2.24312753E-05,3.45035842E-05,3.49669899E-05,2.34970285E-05,3.07342889E-05,3.23188360E-05,2.55507584E-05,2.61953865E-05,3.16443220E-05,3.60597151E-05,4.30215041E-05,4.52852619E-05,3.75372038E-05,5.29967110E-05,5.01967515E-05,5.78418221E-05,6.14301316E-05,5.73978905E-05,6.48367641E-05,7.04405757E-05,6.46343324E-05,6.83371254E-05,6.17503465E-05,6.70765512E-05,6.68404391E-05,6.51616283E-05,7.00114833E-05,6.58847202E-05,7.30072206E-05,8.16001120E-05,8.20334826E-05,7.87532263E-05,8.41926812E-05,8.45233953E-05,7.91980347E-05,7.86009987E-05,8.60121218E-05,8.78665014E-05,9.87391250E-05,1.21644385E-04,1.34994116E-04,1.63702251E-04,2.06893325E-04,2.62323883E-04,3.42151354E-04,4.49589978E-04,6.03401393E-04,8.30232340E-04,1.15405128E-03,1.57017563E-03,2.13107886E-03,2.87586334E-03,3.84532358E-03,5.09209838E-03,6.56601135E-03,8.40382278E-03,1.05406642E-02,1.29871406E-02,1.59132108E-02,1.90087426E-02,2.22952086E-02,2.56493911E-02,2.90253107E-02,3.22793759E-02,3.56094092E-02,3.85679789E-02,4.11177017E-02,4.33120355E-02,4.49417755E-02,4.64772210E-02,4.74022143E-02,4.79454137E-02,4.83026877E-02,4.81753275E-02,4.79377285E-02,4.73927557E-02,4.67856824E-02,4.60247695E-02,4.51835729E-02,4.45338413E-02,4.36600745E-02,4.28827778E-02,4.21997979E-02,4.16576751E-02,4.09611650E-02,4.03688662E-02,3.98885012E-02,3.94116789E-02,3.88564728E-02,3.84088159E-02,3.80321033E-02,3.75746079E-02,3.71749252E-02,3.67846824E-02,3.63375023E-02,3.58633772E-02,3.54150645E-02,3.50063704E-02,3.46134715E-02,3.42329815E-02,3.38813402E-02,3.35194394E-02,3.32886055E-02,3.28930467E-02,3.25660482E-02,3.22285667E-02,3.19512300E-02,3.16566862E-02,3.13521437E-02,3.10263783E-02,3.07366494E-02,3.04236412E-02,3.00987419E-02,2.97678765E-02,2.94075813E-02,2.90739145E-02,2.88023539E-02,2.85852551E-02,2.83674467E-02,2.81753112E-02,2.79751122E-02,2.78641712E-02,2.77319010E-02,2.75575928E-02,2.73739938E-02,2.71987990E-02,2.70485356E-02,2.67517213E-02,2.65567955E-02,2.63419915E-02,2.61491258E-02,2.58708280E-02,2.55871248E-02,2.53915694E-02,2.50503737E-02,2.47370489E-02,2.43402813E-02,2.38917544E-02,2.32453495E-02,2.24511698E-02,2.13661958E-02,1.99283157E-02,1.83410738E-02,1.64992362E-02,1.45256277E-02,1.25672622E-02,1.07045090E-02,8.95527098E-03,7.31323333E-03,5.97497681E-03,4.87593422E-03,3.95812141E-03,3.18481354E-03,2.57735536E-03,2.10378622E-03,1.66678498E-03,1.37175701E-03,1.12728856E-03,9.35084943E-04,7.61430478E-04,6.50448259E-04,5.41776186E-04,4.62969765E-04,3.95706476E-04,3.33898468E-04,2.88625015E-04,2.55544030E-04,2.17120847E-04,1.99074988E-04,1.83595126E-04,1.58338924E-04,1.46723265E-04,1.30971312E-04,1.12592759E-04,9.98689284E-05,8.32637888E-05,8.89070288E-05,7.55437213E-05,9.02018946E-05,8.11316422E-05,6.82258396E-05,5.90463715E-05,5.60274457E-05,5.85806811E-05,5.86340138E-05,7.03188489E-05,5.04630152E-05,4.15023351E-05,5.65003138E-05,5.20868525E-05,5.03608753E-05,5.20791764E-05,5.74569276E-05,5.89499869E-05,6.88042637E-05,4.17495394E-05,5.72767567E-05,4.73802284E-05,3.87974760E-05,6.91741661E-05,5.94737357E-05,6.21193758E-05,5.80131491E-05,6.52534945E-05,7.18505325E-05,5.73351499E-05,6.24574313E-05,5.44826835E-05,6.94699920E-05,7.24799247E-05,6.62297170E-05,6.22455336E-05,3.82259495E-05,2.00799641E-05,3.57605531E-05,2.15367636E-05,2.80436070E-05,2.96731287E-05,3.01666587E-05,2.62400554E-05,1.25976785E-05,2.35187690E-05,1.15459097E-05,2.59924964E-05,5.53344626E-06,4.58564318E-06,2.17983743E-05,4.30518157E-05,3.19579558E-05,5.22776418E-06,-4.48E-06,1.36872350E-05,1.53708079E-05,2.20288021E-05,4.54878209E-05,1.91630970E-05,1.52662269E-05,4.77742924E-06,-7.33E-06,-1.09E-06,1.61695916E-05,5.86630631E-06,-1.85E-05,2.42892238E-05,6.77561002E-06,3.76666540E-05,9.45792272E-06,1.44163341E-05,1.37243951E-05,7.20483285E-06,1.71902502E-05,1.10389001E-05,2.58778473E-05,6.19831189E-05,5.11161888E-05,4.63868055E-05,5.19166570E-05,INT SYNC:059.94[Hz],DOUBLE FRAME,NORMAL,STANDARD DARK,TWO,CIE1931 (2°),1°,100,0.33333333,0.33333333,NONE,1,600601,1896620,OFF,TRUE,2024/03/25,16:47:55,OK00,----,----,----,CS-3000HDR,3001075,1.00.0008
52,1.49193599E+03,8.36290437E+02,3.95009106E+00,8.36290437E+02,0.6397183,0.35858797,0.42480661,0.53577288,----,----,603.182998,99.6151265,219.456328,215.994374,337.845816,2.99873264E+00,596,-3.94E-06,5.53169684E-06,-9.19E-06,9.33656429E-06,1.44790720E-05,-7.84E-06,-5.11E-06,2.47868775E-05,-6.89E-06,3.19474361E-06,7.36779430E-06,-1.99E-05,-2.91E-06,-5.35E-06,-1.39E-06,1.40985248E-05,-1.36E-07,6.24767745E-06,1.24584549E-05,1.28418378E-05,-5.63E-06,1.56578608E-05,-1.13E-05,1.49772941E-05,8.58113435E-06,1.17552972E-05,-8.25E-06,5.50535697E-06,9.03945306E-07,8.32272417E-06,4.19565004E-06,9.51440052E-06,-6.93E-06,-9.05E-06,1.62539000E-05,-5.13E-06,3.57920908E-06,2.61554214E-06,8.84828842E-06,-1.23E-06,6.22259131E-06,1.87545345E-06,3.34053198E-07,1.00974012E-05,9.57031716E-06,6.49418189E-06,1.78411926E-06,-4.45E-06,-3.76E-06,-2.32E-06,-6.89E-06,2.27645432E-06,6.07985112E-06,3.37731603E-06,8.81345386E-06,-1.79E-07,2.79316509E-06,-5.92E-06,9.56063445E-07,-1.15E-06,-1.82E-06,1.26163477E-05,1.33630092E-05,8.10633082E-06,2.76875937E-07,1.74855377E-05,2.20439306E-05,2.37688564E-05,4.42223900E-05,4.02239457E-05,4.98197514E-05,6.69268120E-05,7.16192953E-05,7.99635309E-05,9.47312801E-05,9.32513576E-05,9.27018045E-05,8.88319337E-05,9.64428909E-05,9.82767087E-05,1.00311139E-04,9.30768365E-05,9.67712622E-05,8.95641133E-05,7.50180334E-05,7.98241890E-05,8.38352134E-05,8.94328259E-05,8.14482191E-05,7.40854739E-05,7.63541102E-05,7.41311451E-05,7.28199884E-05,6.78162178E-05,6.88347427E-05,6.92871254E-05,7.10281747E-05,6.87630745E-05,6.40673316E-05,5.94560152E-05,4.74246772E-05,5.64814618E-05,4.83767399E-05,4.47894599E-05,5.47925665E-05,5.47976233E-05,4.36617956E-05,4.80772906E-05,4.76070018E-05,4.91043465E-05,4.42023920E-05,4.73409855E-05,4.53584616E-05,3.94863782E-05,3.93856826E-05,4.87463221E-05,3.97175500E-05,3.11808471E-05,4.10636349E-05,4.29527718E-05,2.97949409E-05,3.61704078E-05,3.55945886E-05,3.70193702E-05,3.55387856E-05,3.12815828E-05,3.74148913E-05,3.72069626E-05,4.25517355E-05,3.26839036E-05,3.43109714E-05,3.22262931E-05,3.32021191E-05,3.43936590E-05,2.98066461E-05,2.33355495E-05,2.82841993E-05,3.43771935E-05,3.24752509E-05,2.82788551E-05,3.10653704E-05,2.80632848E-05,2.60775068E-05,2.96061280E-05,2.13919320E-05,2.44013609E-05,2.67596206E-05,2.91271772E-05,2.57017273E-05,2.70681267E-05,3.15839461E-05,3.48094873E-05,3.58848447E-05,3.12075608E-05,3.67933826E-05,4.26254155E-05,4.54414003E-05,4.90824823E-05,4.99609378E-05,5.69438853E-05,5.76387829E-05,6.04091510E-05,7.12741603E-05,6.54337855E-05,6.92431495E-05,7.34591013E-05,6.64506588E-05,5.64873590E-05,6.36498517E-05,6.53001334E-05,7.35733920E-05,7.42463089E-05,7.81617273E-05,7.71552368E-05,7.47304148E-05,8.90265728E-05,8.21718058E-05,8.16635002E-05,8.38848791E-05,8.15228850E-05,8.14958767E-05,9.06457135E-05,1.06705767E-04,1.12513073E-04,1.32659727E-04,1.69782215E-04,2.00499155E-04,2.52291240E-04,3.32940166E-04,4.47382568E-04,5.99567371E-04,8.23993934E-04,1.15719624E-03,1.58074545E-03,2.15390068E-03,2.88503594E-03,3.81814130E-03,5.08646294E-03,6.59938343E-03,8.40629358E-03,1.05303284E-02,1.30020930E-02,1.58899147E-02,1.90520342E-02,2.22918279E-02,2.56459489E-02,2.89804339E-02,3.22472006E-02,3.55996527E-02,3.84711325E-02,4.11097445E-02,4.32442017E-02,4.49914932E-02,4.63131294E-02,4.74057086E-02,4.79891002E-02,4.81701754E-02,4.81430627E-02,4.78642881E-02,4.73224670E-02,4.66986708E-02,4.59909253E-02,4.51259427E-02,4.44531292E-02,4.35753912E-02,4.28723805E-02,4.21533547E-02,4.15550955E-02,4.09260653E-02,4.03462611E-02,3.98440436E-02,3.93920764E-02,3.88629809E-02,3.84093076E-02,3.80373336E-02,3.74830700E-02,3.71049531E-02,3.67715023E-02,3.63371149E-02,3.58898789E-02,3.54313739E-02,3.49688940E-02,3.45785543E-02,3.42014991E-02,3.38261500E-02,3.35039832E-02,3.31743322E-02,3.27996910E-02,3.25536877E-02,3.22341174E-02,3.19261961E-02,3.16346474E-02,3.13435979E-02,3.10691129E-02,3.07093430E-02,3.03756054E-02,3.00248023E-02,2.96765845E-02,2.93351561E-02,2.90509667E-02,2.88125500E-02,2.85589453E-02,2.83531006E-02,2.81312857E-02,2.80351974E-02,2.78747007E-02,2.77042817E-02,2.75416579E-02,2.73997914E-02,2.72313654E-02,2.69893631E-02,2.68030297E-02,2.65662018E-02,2.63466407E-02,2.61237398E-02,2.58928947E-02,2.55353525E-02,2.53072809E-02,2.49686688E-02,2.46739089E-02,2.43594758E-02,2.38786414E-02,2.32084151E-02,2.23851427E-02,2.13692412E-02,1.99174769E-02,1.82935540E-02,1.64525006E-02,1.45325987E-02,1.25246849E-02,1.07224854E-02,8.97169299E-03,7.30322301E-03,5.97855728E-03,4.89516603E-03,3.98268737E-03,3.21204797E-03,2.59854970E-03,2.09868187E-03,1.64919021E-03,1.36820565E-03,1.12767157E-03,9.26922366E-04,7.55761284E-04,6.48981426E-04,5.41101967E-04,4.60022915E-04,3.85306572E-04,3.43745865E-04,2.96486280E-04,2.59804539E-04,2.11392020E-04,1.93129847E-04,1.79231050E-04,1.73085544E-04,1.41769182E-04,1.26733939E-04,1.19939876E-04,1.15248877E-04,1.01054065E-04,9.89476976E-05,8.63553578E-05,6.36956393E-05,8.26118703E-05,6.78847500E-05,6.74444236E-05,6.43616877E-05,6.37443954E-05,6.48063724E-05,6.40554936E-05,7.88711768E-05,5.04418094E-05,5.31939440E-05,5.92207107E-05,5.69940530E-05,5.01059476E-05,6.05189307E-05,5.82588800E-05,5.29384342E-05,4.68670842E-05,4.79484515E-05,7.54958819E-05,5.59039836E-05,5.71433920E-05,4.78089823E-05,4.96577813E-05,6.26034453E-05,3.80545571E-05,6.65311600E-05,7.33722263E-05,5.95939928E-05,5.10773971E-05,7.29119929E-05,6.42348969E-05,4.43288336E-05,3.71872084E-05,4.49695544E-05,2.28422814E-05,3.96382893E-05,2.84749094E-05,3.65231499E-05,3.17436861E-05,5.32735176E-05,3.81801219E-05,2.16873286E-05,5.69914009E-05,1.31174693E-05,-6.11E-06,1.58479397E-05,1.89502698E-05,2.92850964E-05,3.98167249E-05,2.87932398E-05,4.49022281E-07,2.05818214E-05,7.12930341E-06,-2.25E-05,2.26272519E-07,-7.19E-06,2.74011472E-05,3.91351714E-05,8.94221557E-06,-3.43E-05,-2.07E-05,2.34233321E-05,7.82639290E-06,1.30397723E-06,3.79559388E-05,2.59356002E-05,3.43517277E-05,1.94939967E-05,4.65310623E-05,-2.65E-07,3.32580057E-05,1.75353507E-05,1.97846366E-05,-1.49E-06,7.70697716E-06,1.79266572E-05,5.28022356E-05,2.60127435E-05,INT SYNC:059.94[Hz],DOUBLE FRAME,NORMAL,STANDARD DARK,TWO,CIE1931 (2°),1°,100,0.33333333,0.33333333,NONE,1,633967,1961140,OFF,TRUE,2024/03/25,16:48:01,OK00,----,----,----,CS-3000HDR,3001075,1.00.0008
53,2.10880153E+03,3.86266065E+03,3.34570527E+02,3.86266065E+03,0.33441018,0.61253419,0.13816333,0.5694114,5503.96719,0.09204753,554.608361,85.0866675,376.121066,-308.790403,376.941319,6.97446555E+00,553,-1.80E-05,-6.39E-07,-1.49E-05,7.89425394E-06,-5.92E-05,-2.06E-05,-1.88E-05,-7.55E-06,-2.29E-05,1.03252723E-05,4.47695238E-05,-4.13E-05,3.03409547E-06,-2.30E-05,3.84696759E-05,-1.38E-05,1.70092426E-05,2.81996963E-05,3.82897724E-06,1.97933914E-05,2.81682733E-05,2.62815156E-05,1.49264597E-05,8.66522078E-06,-1.50E-05,3.42637441E-06,7.07941945E-06,4.39362157E-06,-2.53E-05,-1.68E-05,8.32923797E-06,-1.81E-05,1.84424480E-05,8.97905193E-06,-4.81E-05,1.52355042E-05,1.11917880E-05,3.48783124E-06,-2.37E-07,-8.26E-06,8.78421361E-06,5.70870998E-06,1.16965630E-05,-5.02E-06,5.69035819E-06,1.80678508E-05,1.07987617E-05,6.09374956E-06,-1.15E-05,6.10304323E-06,1.14806362E-05,-5.59E-06,1.56671795E-05,-1.62E-08,-1.21E-05,1.42976096E-05,-1.66E-08,-8.80E-06,3.42870089E-06,1.13489832E-05,1.09806515E-05,2.20171369E-05,1.95516768E-05,1.48365580E-05,-1.31E-06,3.31555857E-05,4.86271274E-05,6.02289219E-05,6.09957860E-05,6.78407450E-05,5.65084447E-05,7.41899712E-05,8.31176221E-05,5.93691439E-05,9.11537791E-05,1.05625833E-04,1.04811887E-04,8.33668746E-05,1.10298664E-04,1.15754876E-04,1.25017585E-04,1.48655352E-04,1.62569588E-04,1.70009880E-04,1.94311069E-04,2.31155107E-04,2.87383358E-04,3.24937311E-04,4.09268076E-04,5.74961770E-04,7.86037708E-04,1.02650118E-03,1.27582694E-03,1.67660462E-03,2.11676722E-03,2.68741511E-03,3.35064740E-03,4.04658727E-03,5.03341854E-03,6.03482453E-03,7.23740039E-03,8.68292525E-03,1.05159022E-02,1.25072403E-02,1.47284558E-02,1.72019675E-02,1.99751239E-02,2.25205384E-02,2.49670539E-02,2.73753535E-02,2.97408123E-02,3.19972374E-02,3.39622349E-02,3.56395617E-02,3.73165570E-02,3.89620811E-02,4.06027772E-02,4.24113274E-02,4.40346897E-02,4.48818058E-02,4.53763828E-02,4.50711921E-02,4.46738824E-02,4.39941064E-02,4.35360447E-02,4.32715639E-02,4.31146994E-02,4.31424752E-02,4.34612855E-02,4.36649323E-02,4.38689031E-02,4.39795144E-02,4.41847481E-02,4.44336683E-02,4.47383635E-02,4.48735505E-02,4.51076850E-02,4.51440848E-02,4.51445431E-02,4.52212393E-02,4.52319123E-02,4.51708958E-02,4.50802222E-02,4.51271348E-02,4.52662744E-02,4.53902818E-02,4.54940610E-02,4.60548252E-02,4.64897044E-02,4.74703871E-02,4.88999598E-02,5.06917089E-02,5.30511811E-02,5.56801818E-02,5.82923368E-02,6.11574017E-02,6.39428794E-02,6.74086437E-02,7.11906478E-02,7.50675648E-02,7.89244696E-02,8.29500556E-02,8.76599774E-02,9.27503705E-02,9.82804671E-02,1.00282870E-01,9.88607109E-02,9.67850983E-02,9.67372358E-02,1.00048378E-01,1.04784586E-01,1.08942024E-01,1.11729473E-01,1.12305313E-01,1.11393556E-01,1.09198160E-01,1.05695069E-01,1.02081463E-01,9.82121527E-02,9.47264731E-02,9.13446769E-02,8.87077153E-02,8.59190747E-02,8.38562474E-02,8.19662958E-02,8.02677274E-02,7.90216848E-02,7.82638267E-02,7.82932565E-02,7.93102607E-02,8.10429007E-02,8.33547264E-02,8.62470791E-02,8.88860747E-02,9.09111500E-02,9.20472592E-02,9.22255218E-02,9.12575573E-02,8.93569812E-02,8.62834826E-02,8.26350152E-02,7.81031474E-02,7.27819651E-02,6.73881844E-02,6.16802014E-02,5.56782410E-02,4.95197102E-02,4.34278809E-02,3.74087691E-02,3.18240859E-02,2.67304555E-02,2.20736526E-02,1.78914145E-02,1.40462974E-02,1.10168029E-02,8.46366491E-03,6.49176538E-03,4.89984499E-03,3.66957579E-03,2.86464184E-03,2.25438154E-03,1.81403745E-03,1.53633847E-03,1.36962603E-03,1.21195824E-03,1.11932517E-03,1.04569364E-03,9.94735514E-04,9.63566126E-04,9.31295217E-04,9.08888120E-04,8.84522160E-04,8.59010615E-04,8.50415265E-04,8.36516614E-04,8.31488753E-04,8.05243384E-04,7.86355580E-04,7.79373571E-04,7.63039803E-04,7.49308849E-04,7.31256616E-04,7.21704157E-04,7.27008388E-04,7.04406702E-04,6.94098184E-04,6.77447475E-04,6.69425935E-04,6.71689457E-04,6.58150297E-04,6.44913234E-04,6.20375213E-04,6.16599282E-04,5.86475711E-04,5.81892382E-04,5.82928653E-04,5.69348922E-04,5.58495289E-04,5.34207269E-04,5.29034762E-04,5.24837815E-04,5.19839232E-04,4.98786394E-04,4.96073801E-04,4.88007878E-04,4.86963341E-04,4.76866000E-04,4.91011888E-04,4.88488469E-04,4.72151616E-04,4.66311467E-04,4.70536790E-04,4.63652919E-04,4.71636624E-04,4.62655997E-04,4.67754668E-04,4.67726175E-04,4.59963718E-04,4.71903913E-04,4.61547199E-04,4.65735298E-04,4.60989162E-04,4.34357469E-04,4.39515570E-04,3.99133831E-04,3.66518681E-04,3.54275136E-04,3.15893500E-04,2.57067615E-04,2.41888541E-04,2.23815005E-04,1.65615580E-04,1.57805902E-04,1.02196187E-04,7.98460969E-05,8.23938099E-05,6.89253939E-05,5.68691212E-05,3.08386443E-05,2.77317904E-05,4.20702818E-05,2.25611366E-05,1.19064916E-05,1.79861308E-05,-4.94E-06,7.57854014E-06,-1.85E-06,3.71861734E-06,-4.07E-07,-4.55E-06,1.00316274E-05,1.01179603E-06,-1.23E-05,1.55595026E-05,9.95120899E-06,-1.24E-05,-7.73E-06,-7.40E-06,1.68588049E-05,1.69268296E-05,1.16241154E-05,7.56152940E-06,7.82396546E-06,1.08743252E-05,-7.38E-06,7.06821947E-06,-4.82E-06,4.63018114E-06,1.06814414E-05,2.41647940E-05,-5.55E-06,1.66769096E-05,1.94140430E-05,2.12770783E-06,6.54084442E-06,1.69359027E-05,1.05553108E-05,2.87616604E-05,1.06681573E-05,5.34597939E-06,1.46448110E-06,1.61297758E-05,3.30651164E-05,3.90273271E-05,5.47330601E-05,4.25841026E-05,9.51338916E-06,1.62029828E-05,9.08994389E-06,3.51313502E-05,-1.69E-05,-2.12E-05,1.01551695E-05,3.90502209E-05,4.64742407E-05,2.61721453E-07,2.48373763E-05,-7.01E-06,1.50939659E-05,5.72857232E-07,2.20410529E-05,3.64539992E-05,1.77536422E-05,2.60436609E-05,-2.02E-05,5.80957203E-05,1.78912214E-05,-2.50E-05,-1.40E-05,-3.81E-05,-1.26E-05,-9.20E-06,6.55357189E-06,2.36396063E-05,-2.96E-06,-3.42E-05,-2.38E-05,1.68566985E-05,2.57736065E-05,-1.43E-05,-7.93E-06,6.13458760E-05,7.42052362E-05,4.07398147E-05,2.14069623E-05,3.61186576E-05,-5.67E-05,-1.62E-06,1.94583245E-05,-1.44E-05,-1.52E-05,-5.99E-05,-2.11E-05,5.90933887E-05,4.01974685E-05,9.12944870E-06,8.30224599E-06,1.60615346E-05,-4.39E-05,-7.97E-06,2.37175082E-05,INT SYNC:059.94[Hz],DOUBLE FRAME,NORMAL,STANDARD DARK,TWO,CIE1931 (2°),1°,100,0.33333333,0.33333333,NONE,1,300300,1288733,OFF,TRUE,2024/03/25,16:48:07,OK00,----,----,----,CS-3000HDR,3001075,1.00.0008
54,2.19964321E+02,2.41338029E+02,1.19431859E+02,2.41338029E+02,0.37876935,0.41557398,0.20957314,0.51735859,4284.97605,0.01766038,571.067581,38.4374387,139.596531,-20.4141338,56.0741085,6.59876870E-01,591,-7.26E-07,8.48143827E-07,-9.58E-08,1.41038618E-06,1.23597715E-06,-1.50E-06,-1.61E-06,-2.64E-06,5.22447374E-09,2.26295612E-07,-1.56E-06,2.28082922E-06,-1.45E-06,2.24104369E-07,7.61900253E-07,-1.12E-06,-2.33E-07,1.01818682E-06,9.86444277E-08,8.91720106E-07,-6.94E-07,2.00506335E-07,-4.09E-07,-1.82E-06,4.18932501E-07,2.36311294E-07,7.55428687E-07,1.04532205E-06,5.35036293E-07,-8.48E-07,1.72931573E-06,4.66188538E-07,8.23891185E-07,-2.36E-07,-1.31E-06,1.00172122E-06,5.91301330E-07,1.13222893E-06,4.22191164E-07,-1.30E-06,-3.89E-07,-5.49E-07,4.15864719E-07,2.91919434E-07,-8.13E-07,-2.28E-06,-5.67E-07,-1.16E-06,-2.23E-06,-1.72E-06,-1.60E-06,-7.28E-07,-8.45E-07,-3.12E-06,-3.35E-06,-8.00E-07,-2.15E-06,-6.24E-07,5.58934062E-06,1.09702569E-05,2.53783073E-05,4.79303999E-05,8.27287877E-05,1.35515511E-04,2.17234614E-04,3.16994003E-04,4.45968995E-04,6.05490583E-04,8.15607375E-04,1.03136327E-03,1.26275572E-03,1.50860078E-03,1.78252847E-03,2.03806185E-03,2.28632148E-03,2.50830897E-03,2.73058447E-03,2.91122310E-03,3.04805720E-03,3.12969042E-03,3.15568969E-03,3.15961591E-03,3.14445933E-03,3.13951122E-03,3.15595558E-03,3.19809234E-03,3.24327126E-03,3.31287063E-03,3.39076319E-03,3.46281449E-03,3.52455373E-03,3.56628792E-03,3.59752914E-03,3.60202417E-03,3.54713365E-03,3.47975409E-03,3.39082279E-03,3.28561477E-03,3.19222431E-03,3.12476326E-03,3.09340120E-03,3.08889919E-03,3.09398933E-03,3.12806247E-03,3.16143106E-03,3.18072713E-03,3.20050004E-03,3.18875466E-03,3.14494735E-03,3.08103068E-03,3.02419602E-03,2.95988377E-03,2.89044948E-03,2.85009970E-03,2.80982954E-03,2.79653189E-03,2.81126006E-03,2.85235397E-03,2.88566644E-03,2.88675306E-03,2.84402678E-03,2.76087131E-03,2.65854504E-03,2.54347012E-03,2.41617742E-03,2.33226176E-03,2.25910172E-03,2.21086643E-03,2.16736342E-03,2.14089546E-03,2.10091588E-03,2.07055011E-03,2.05309782E-03,2.03329860E-03,2.02995492E-03,2.03525368E-03,2.03974848E-03,2.04051333E-03,2.02827784E-03,2.02091504E-03,2.01453408E-03,2.02112412E-03,2.02299561E-03,2.03397404E-03,2.04441161E-03,2.04961561E-03,2.05399329E-03,2.07109842E-03,2.09754054E-03,2.14054319E-03,2.21589371E-03,2.31534080E-03,2.44193478E-03,2.57446477E-03,2.70883320E-03,2.83664069E-03,2.97745434E-03,3.13002453E-03,3.29299830E-03,3.48191592E-03,3.66683258E-03,3.84272821E-03,4.03888850E-03,4.25930647E-03,4.46825428E-03,4.52040229E-03,4.42262366E-03,4.28479910E-03,4.23674937E-03,4.31810133E-03,4.46985662E-03,4.58089029E-03,4.61838068E-03,4.58121859E-03,4.48507722E-03,4.34538350E-03,4.17562108E-03,4.00989735E-03,3.85370059E-03,3.70211666E-03,3.57126934E-03,3.44739133E-03,3.34893446E-03,3.26586422E-03,3.20323464E-03,3.15701659E-03,3.12643289E-03,3.11901141E-03,3.13671469E-03,3.18810623E-03,3.26684094E-03,3.36068240E-03,3.49505153E-03,3.61559354E-03,3.73322633E-03,3.82758351E-03,3.90673801E-03,3.96169350E-03,4.01014462E-03,4.06031776E-03,4.10040002E-03,4.16671718E-03,4.24776878E-03,4.34431806E-03,4.45256708E-03,4.55364445E-03,4.66302689E-03,4.76610567E-03,4.85151494E-03,4.93283523E-03,4.99634771E-03,5.01760421E-03,4.99974191E-03,4.96410020E-03,4.89793485E-03,4.80223307E-03,4.68739681E-03,4.53400379E-03,4.37421771E-03,4.21462301E-03,4.04711720E-03,3.89544130E-03,3.75585118E-03,3.61114834E-03,3.46930022E-03,3.33568919E-03,3.21143819E-03,3.09067266E-03,2.97998544E-03,2.87350127E-03,2.79015396E-03,2.71403068E-03,2.64907768E-03,2.59245769E-03,2.55027530E-03,2.50213384E-03,2.47431220E-03,2.44702934E-03,2.41708360E-03,2.39704200E-03,2.38153967E-03,2.37649330E-03,2.38489639E-03,2.39820848E-03,2.41241138E-03,2.43115681E-03,2.44420208E-03,2.44871178E-03,2.45371857E-03,2.45501008E-03,2.45036813E-03,2.44172313E-03,2.44324049E-03,2.41720444E-03,2.40138057E-03,2.38149916E-03,2.35588872E-03,2.33049807E-03,2.30101356E-03,2.26478558E-03,2.22068722E-03,2.18396261E-03,2.14810693E-03,2.11640866E-03,2.07235082E-03,2.03164923E-03,2.00290768E-03,1.97742158E-03,1.95539091E-03,1.92940270E-03,1.90937659E-03,1.89073267E-03,1.86341326E-03,1.84403756E-03,1.82395964E-03,1.80318207E-03,1.78654608E-03,1.77138788E-03,1.75456295E-03,1.73629634E-03,1.72113068E-03,1.69373176E-03,1.65469898E-03,1.60295109E-03,1.52531266E-03,1.42473495E-03,1.30915665E-03,1.18067488E-03,1.03924912E-03,9.01222753E-04,7.63705757E-04,6.37796824E-04,5.18067682E-04,4.18784854E-04,3.40632309E-04,2.72618694E-04,2.17741850E-04,1.75796653E-04,1.40570235E-04,1.11180001E-04,8.95967096E-05,7.44183635E-05,5.99229752E-05,4.80665185E-05,3.99017699E-05,3.36252997E-05,2.80113200E-05,2.30624319E-05,1.99883962E-05,1.65916081E-05,1.49048929E-05,1.48309682E-05,1.26570576E-05,9.46523141E-06,1.08223840E-05,8.99838233E-06,7.37832079E-06,7.68003338E-06,8.05540003E-06,7.79291713E-06,7.31659293E-06,6.92529966E-06,8.86795351E-06,8.14672603E-06,7.72784188E-06,9.13018994E-06,8.93963534E-06,9.76721640E-06,9.12953965E-06,1.17835070E-05,8.98619965E-06,1.23708687E-05,1.15943985E-05,1.23987720E-05,1.25672868E-05,1.42095923E-05,1.45718859E-05,1.69684135E-05,1.42330564E-05,1.48644021E-05,1.58031307E-05,1.73788521E-05,1.80746847E-05,1.74697434E-05,1.75692039E-05,1.73262579E-05,1.75388486E-05,1.88976555E-05,1.76096910E-05,1.82386939E-05,1.91013987E-05,1.90203918E-05,1.98401776E-05,2.08982456E-05,2.20734073E-05,1.84641522E-05,1.81852847E-05,1.56120568E-05,1.66238897E-05,1.60753771E-05,1.58115017E-05,1.49065809E-05,1.44868927E-05,1.46253733E-05,9.17541547E-06,9.77724540E-06,1.07348951E-05,6.40135477E-06,7.45639591E-06,7.36799802E-06,6.87457077E-06,5.40103429E-06,6.83246117E-06,5.71311466E-06,2.04056278E-06,4.27630494E-06,8.26890391E-06,6.72308033E-06,5.19960940E-06,4.49677418E-06,3.05983690E-06,3.60589024E-06,7.49426761E-07,2.49194204E-06,3.12595262E-06,1.36402434E-06,6.03267745E-06,4.72714692E-06,1.78200523E-07,1.43303646E-06,3.78806021E-06,3.18126581E-06,1.82166139E-06,3.25366659E-06,2.81407665E-06,5.29373074E-06,-3.72E-07,-1.38E-06,7.73710951E-07,4.40076019E-06,3.43566626E-06,INT SYNC:059.94[Hz],DOUBLE FRAME,NORMAL,STANDARD DARK,ONE,CIE1931 (2°),1°,100,0.33333333,0.33333333,NONE,1,266934,2224658,OFF,TRUE,2024/03/25,16:48:13,OK00,----,----,----,CS-3000HDR,3001075,1.00.0008
55,2.11709172E+03,3.88116029E+03,3.37091065E+02,3.88116029E+03,0.3341716,0.61262038,0.13804321,0.56940263,5507.63414,0.09213329,554.569052,85.0441253,376.746071,-309.676573,377.269613,7.01147618E+00,553,-3.02E-05,-1.36E-05,1.05026165E-05,-1.46E-05,2.50849225E-05,1.99072292E-05,2.11568949E-05,-7.24E-06,-2.20E-06,1.80847801E-05,-5.19E-05,2.81243465E-05,-7.41E-06,1.02388876E-05,3.26197151E-05,2.11498809E-05,-5.57E-06,-2.43E-05,-1.26E-05,1.42576828E-05,9.30865372E-06,1.70150051E-05,1.42166009E-05,2.57831834E-05,2.32437724E-05,3.66156632E-06,-1.35E-05,2.69509874E-05,-1.39E-05,-1.98E-05,2.82183446E-05,2.62036610E-06,1.41433065E-05,1.76231388E-05,-2.09E-05,9.15523628E-07,1.30637591E-06,3.28185597E-05,5.25680207E-06,1.26514278E-05,7.81137715E-06,-4.45E-06,-1.21E-05,-8.83E-06,2.33014885E-06,-9.37E-06,1.73831359E-05,3.95688949E-06,2.53154049E-05,-7.47E-06,1.26714076E-05,3.00456094E-07,1.67456110E-05,3.56733244E-06,-6.13E-06,1.34321417E-05,5.00966507E-06,1.09269395E-05,2.60659217E-05,-3.46E-06,2.62815797E-06,1.97217960E-05,2.88480696E-05,4.45507567E-06,-1.22E-05,4.76246423E-05,5.72506106E-05,5.09086967E-05,2.90842654E-05,7.47227023E-05,4.79369082E-05,7.50663239E-05,7.09560336E-05,7.77886235E-05,8.63126406E-05,8.06064418E-05,7.21915058E-05,1.02900311E-04,1.27068080E-04,1.14948823E-04,1.23064310E-04,1.53782545E-04,1.54856127E-04,1.48970372E-04,1.96925277E-04,2.27797515E-04,2.97729392E-04,3.48273054E-04,4.20646800E-04,5.63187699E-04,7.65212288E-04,9.96821909E-04,1.23780663E-03,1.69145525E-03,2.17206893E-03,2.74074147E-03,3.40138981E-03,4.14179964E-03,5.06637758E-03,6.09856378E-03,7.33415224E-03,8.78576469E-03,1.05898948E-02,1.25730606E-02,1.47606377E-02,1.73014291E-02,2.00713240E-02,2.27747820E-02,2.53114123E-02,2.76963189E-02,2.98744775E-02,3.21484543E-02,3.41932550E-02,3.59475575E-02,3.74782234E-02,3.91956754E-02,4.08575088E-02,4.26037200E-02,4.42321226E-02,4.53643054E-02,4.55382131E-02,4.54932079E-02,4.49429303E-02,4.43942249E-02,4.38471586E-02,4.36832868E-02,4.34374101E-02,4.35829833E-02,4.38867472E-02,4.40688692E-02,4.42904755E-02,4.43867594E-02,4.45801653E-02,4.49203774E-02,4.50967290E-02,4.52986807E-02,4.56020162E-02,4.56850678E-02,4.55596223E-02,4.55640778E-02,4.55338396E-02,4.56296802E-02,4.56166714E-02,4.55946736E-02,4.56259996E-02,4.56983484E-02,4.58947271E-02,4.63397950E-02,4.69903387E-02,4.79371846E-02,4.93623279E-02,5.10923453E-02,5.34333140E-02,5.62074818E-02,5.88593706E-02,6.15468994E-02,6.45262972E-02,6.80142120E-02,7.15834200E-02,7.55899623E-02,7.93554783E-02,8.34591165E-02,8.79999697E-02,9.33025479E-02,9.86466259E-02,1.00695416E-01,9.89385173E-02,9.69575420E-02,9.67551842E-02,1.00197703E-01,1.04817756E-01,1.09079510E-01,1.11731954E-01,1.12616494E-01,1.11489318E-01,1.09371461E-01,1.05836980E-01,1.02242164E-01,9.85929891E-02,9.51939225E-02,9.20268595E-02,8.90587270E-02,8.65920782E-02,8.44040141E-02,8.24420452E-02,8.08121487E-02,7.96171054E-02,7.87574649E-02,7.88070783E-02,7.97740296E-02,8.13167244E-02,8.36932138E-02,8.66139531E-02,8.91212076E-02,9.12894234E-02,9.23068896E-02,9.25558358E-02,9.14403573E-02,8.94532502E-02,8.64203498E-02,8.27438608E-02,7.82976225E-02,7.30253011E-02,6.76377043E-02,6.18082955E-02,5.58415353E-02,4.97425646E-02,4.37185727E-02,3.75832915E-02,3.20655890E-02,2.69761421E-02,2.21472047E-02,1.78853683E-02,1.40502863E-02,1.10277068E-02,8.55244789E-03,6.56593451E-03,4.93497541E-03,3.72025813E-03,2.87359534E-03,2.23993883E-03,1.82926527E-03,1.53428235E-03,1.34401547E-03,1.20142486E-03,1.11056014E-03,1.05484028E-03,9.94761474E-04,9.72627429E-04,9.19940241E-04,9.09880735E-04,8.94638011E-04,8.64651636E-04,8.44118535E-04,8.18308268E-04,8.16200802E-04,7.92302715E-04,7.90529884E-04,7.73164851E-04,7.64309429E-04,7.49101513E-04,7.35659909E-04,7.27137551E-04,7.14737049E-04,7.04282778E-04,7.07694504E-04,6.91989146E-04,6.90036395E-04,6.63460349E-04,6.62894978E-04,6.41349470E-04,6.21338782E-04,6.19620958E-04,6.25919143E-04,6.03631313E-04,5.88965719E-04,5.78127219E-04,5.66230970E-04,5.61760855E-04,5.59423061E-04,5.36725158E-04,5.32799575E-04,5.27639291E-04,4.99030459E-04,4.78644593E-04,4.86924837E-04,4.77351452E-04,4.79327980E-04,4.84810298E-04,4.94630774E-04,4.64753684E-04,4.61675518E-04,4.77950671E-04,4.59885254E-04,4.80229093E-04,4.61578747E-04,4.46630031E-04,4.54142719E-04,4.60860349E-04,4.53113724E-04,4.58295108E-04,4.42918215E-04,4.24517406E-04,4.33482957E-04,3.93250724E-04,4.01391328E-04,3.41476116E-04,3.10145988E-04,2.76648032E-04,2.39813642E-04,2.01801158E-04,1.70639716E-04,1.39927783E-04,1.06762629E-04,9.86829255E-05,9.08402799E-05,7.89526457E-05,4.08473279E-05,2.41016642E-05,5.75851955E-05,3.91919675E-05,2.09260488E-05,1.03448074E-05,1.67535927E-05,1.11198306E-05,2.00048926E-05,3.41783016E-05,5.02048442E-06,2.30620954E-05,7.70878887E-06,7.29573549E-06,1.56203860E-05,1.43618781E-05,1.51320110E-05,1.67846520E-05,2.17956040E-05,1.36639364E-05,2.76051151E-06,1.01510668E-05,-1.75E-05,1.45722333E-05,-6.21E-08,1.10195033E-05,2.53937287E-05,2.06166260E-05,2.35474672E-05,3.59759781E-07,-8.57E-06,9.56868644E-06,-1.09E-05,-6.48E-06,1.64934700E-05,3.12677512E-05,6.04264051E-06,1.86099751E-05,2.69910674E-06,6.69417159E-06,1.87817895E-05,4.67117104E-07,2.14636730E-05,-1.31E-05,2.01524599E-05,4.13366870E-05,1.20322911E-05,2.70096571E-05,3.83469633E-05,1.03315333E-05,-6.59E-06,1.53984292E-05,1.15894572E-05,-1.41E-05,4.98785721E-06,3.03794168E-05,4.83192161E-06,2.31527774E-05,2.32232978E-05,1.06078244E-06,-1.93E-05,3.34689648E-05,2.46478412E-05,2.13062176E-05,3.52579882E-05,3.37749007E-05,2.71284916E-05,1.63722689E-05,6.21098807E-05,6.03454610E-05,2.09416739E-05,4.25505750E-05,2.18265359E-05,9.01774729E-06,-2.82E-06,2.01451930E-05,1.55979831E-06,-1.17E-05,1.75286573E-07,1.33988015E-05,5.74652404E-05,-5.17E-05,2.78493244E-05,9.19302511E-06,-6.21E-06,1.38855030E-05,1.01192081E-05,-1.16E-05,-5.00E-06,-4.95E-05,-3.45E-05,-1.35E-05,3.12173252E-05,3.57633180E-05,6.88542423E-05,-2.37E-05,-2.87E-05,8.91129384E-05,4.86608988E-05,-4.75E-05,-3.72E-05,2.03461241E-05,-2.81E-05,2.57852116E-05,INT SYNC:059.94[Hz],DOUBLE FRAME,NORMAL,STANDARD DARK,TWO,CIE1931 (2°),1°,100,0.33333333,0.33333333,NONE,1,300300,2290550,OFF,TRUE,2024/03/25,16:48:18,OK00,----,----,----,CS-3000HDR,3001075,1.00.0008
56,2.11559601E+02,2.70961731E+02,9.84621609E+01,2.70961731E+02,0.36414047,0.46638456,0.18511694,0.5334625,4810.41352,0.04168861,563.157612,49.4392569,145.718849,-55.1932562,79.8561288,6.59036105E-01,552,1.00923887E-06,-7.99E-08,-9.03E-07,-2.52E-07,-3.16E-06,-6.41E-07,5.05826847E-07,-3.05E-06,-1.78E-06,2.40966892E-06,1.64773962E-06,1.53914339E-08,7.21778406E-07,-7.21E-07,1.05482820E-06,-1.29E-06,9.42130271E-07,1.80847692E-07,1.33879087E-06,-1.49E-06,-6.39E-07,5.73623744E-08,-1.57E-07,-1.12E-07,1.78286228E-07,1.35051482E-06,2.16510699E-07,-3.72E-07,-3.17E-07,3.54649103E-07,2.59150193E-06,2.70786501E-07,6.35148297E-07,-1.17E-06,2.27012492E-07,2.68131203E-07,-8.27E-07,-1.46E-06,-7.65E-07,-1.05E-06,-4.50E-07,2.98235165E-07,3.43545352E-08,3.94498130E-07,-1.11E-06,3.93938251E-07,-7.60E-07,8.28487487E-07,-1.39E-06,-4.68E-07,-1.68E-06,-1.87E-06,-2.33E-06,-6.48E-07,-3.09E-06,-2.74E-07,-1.77E-06,-3.81E-07,3.71840156E-06,1.20008681E-05,1.93103187E-05,3.78020886E-05,6.44625688E-05,1.01226266E-04,1.63857956E-04,2.39468311E-04,3.40057624E-04,4.62691736E-04,6.23453059E-04,7.79631722E-04,9.54512914E-04,1.14403584E-03,1.35301251E-03,1.55235780E-03,1.73444638E-03,1.90182088E-03,2.07279297E-03,2.21175840E-03,2.29806569E-03,2.35406775E-03,2.39154254E-03,2.38247216E-03,2.37092003E-03,2.36617774E-03,2.37666746E-03,2.40445300E-03,2.45399820E-03,2.50525540E-03,2.56777345E-03,2.63118464E-03,2.68636714E-03,2.71828892E-03,2.73640896E-03,2.75017694E-03,2.73291487E-03,2.68142647E-03,2.62534758E-03,2.56948592E-03,2.50743981E-03,2.48036021E-03,2.47904425E-03,2.50316574E-03,2.54476722E-03,2.61820829E-03,2.69839237E-03,2.77332263E-03,2.84090242E-03,2.89211585E-03,2.92193447E-03,2.93149450E-03,2.95369793E-03,2.96769803E-03,2.99242046E-03,3.02098528E-03,3.06657469E-03,3.11995693E-03,3.21260025E-03,3.31709883E-03,3.41716036E-03,3.46820918E-03,3.48294084E-03,3.42468591E-03,3.32699786E-03,3.21184355E-03,3.07807792E-03,2.98705068E-03,2.90455623E-03,2.86103832E-03,2.81130313E-03,2.77863303E-03,2.73564691E-03,2.69635883E-03,2.67120986E-03,2.65468005E-03,2.64886650E-03,2.65101902E-03,2.65885727E-03,2.65747751E-03,2.64593121E-03,2.63653812E-03,2.62634759E-03,2.62991036E-03,2.64015072E-03,2.64364481E-03,2.65539135E-03,2.66946456E-03,2.67725438E-03,2.68765725E-03,2.72278138E-03,2.78309314E-03,2.88085616E-03,3.00861639E-03,3.16445413E-03,3.34393024E-03,3.51697393E-03,3.68308765E-03,3.84607958E-03,4.04672511E-03,4.27164417E-03,4.50234814E-03,4.74084308E-03,4.97048302E-03,5.23401238E-03,5.51307434E-03,5.78164589E-03,5.86982770E-03,5.73031045E-03,5.56060625E-03,5.50747383E-03,5.62323211E-03,5.81153808E-03,5.97199425E-03,6.02336554E-03,5.98456804E-03,5.85235422E-03,5.66919101E-03,5.46010816E-03,5.23813488E-03,5.03987726E-03,4.84146038E-03,4.67651896E-03,4.50778753E-03,4.37225029E-03,4.27431706E-03,4.19752998E-03,4.12933715E-03,4.08046413E-03,4.08184575E-03,4.10627387E-03,4.16248105E-03,4.25065635E-03,4.37429547E-03,4.50769579E-03,4.65179654E-03,4.77898819E-03,4.86829877E-03,4.92472667E-03,4.92820889E-03,4.91949590E-03,4.88149840E-03,4.82696667E-03,4.77537652E-03,4.73083509E-03,4.69627697E-03,4.67021950E-03,4.64375317E-03,4.60469490E-03,4.57108812E-03,4.50476632E-03,4.44869278E-03,4.39131074E-03,4.30270191E-03,4.18883562E-03,4.07388620E-03,3.94584844E-03,3.80890467E-03,3.65634612E-03,3.50243342E-03,3.33299884E-03,3.19141778E-03,3.04999528E-03,2.91809463E-03,2.80340062E-03,2.69255741E-03,2.57586106E-03,2.47747893E-03,2.38030730E-03,2.29024072E-03,2.20821984E-03,2.12526228E-03,2.06492515E-03,2.00922578E-03,1.96183776E-03,1.92590430E-03,1.89067610E-03,1.85833382E-03,1.83350779E-03,1.80947082E-03,1.79567072E-03,1.78598589E-03,1.76836899E-03,1.76997425E-03,1.77749177E-03,1.78648042E-03,1.79961964E-03,1.80896209E-03,1.81778416E-03,1.82145287E-03,1.82378618E-03,1.82382495E-03,1.81900372E-03,1.81288889E-03,1.80469383E-03,1.79242599E-03,1.77994277E-03,1.76389597E-03,1.74689200E-03,1.72471360E-03,1.70325884E-03,1.67085591E-03,1.64812920E-03,1.61618670E-03,1.58733816E-03,1.55497796E-03,1.53305300E-03,1.50892278E-03,1.48511946E-03,1.46757590E-03,1.45150174E-03,1.44007825E-03,1.42145809E-03,1.40059064E-03,1.39227335E-03,1.37371279E-03,1.37037761E-03,1.35518063E-03,1.34515064E-03,1.33444264E-03,1.32446364E-03,1.31262501E-03,1.29998836E-03,1.27889228E-03,1.25052244E-03,1.21210050E-03,1.15472369E-03,1.08278857E-03,9.86940810E-04,8.89100833E-04,7.82949443E-04,6.77502947E-04,5.72544406E-04,4.81525232E-04,3.87430715E-04,3.17223952E-04,2.55875173E-04,2.04986281E-04,1.64982004E-04,1.30598550E-04,1.04995561E-04,8.29783821E-05,6.70468216E-05,5.42584385E-05,4.47935927E-05,3.68258734E-05,2.85572660E-05,2.43300838E-05,2.06533732E-05,1.73455901E-05,1.46353350E-05,1.34179218E-05,1.12770331E-05,9.95766368E-06,8.67913604E-06,7.29027261E-06,7.00662349E-06,7.24536449E-06,6.13476141E-06,5.71462306E-06,5.97638564E-06,5.61784327E-06,5.94187622E-06,7.30258034E-06,5.90124637E-06,7.19515583E-06,5.91181561E-06,6.34573780E-06,5.60479111E-06,8.51214827E-06,6.12624444E-06,8.79144318E-06,1.08065969E-05,1.02157474E-05,1.14944996E-05,1.17982008E-05,1.25789184E-05,1.32652385E-05,1.40923457E-05,1.20743025E-05,1.54151603E-05,1.42697090E-05,1.49538237E-05,1.42826148E-05,1.45080894E-05,1.61803200E-05,1.65271558E-05,1.51858903E-05,1.68435618E-05,1.91521503E-05,1.71235006E-05,1.87974802E-05,1.94970853E-05,1.89580169E-05,2.03395284E-05,2.01906460E-05,1.88450831E-05,1.97500267E-05,1.72622204E-05,1.65868714E-05,1.70319399E-05,1.65385427E-05,1.44758851E-05,1.37231391E-05,1.34828888E-05,1.38812093E-05,1.13913538E-05,1.15759494E-05,9.41452254E-06,7.00886676E-06,1.03018247E-05,6.12654003E-06,4.38960296E-06,5.60497665E-06,6.20443234E-06,3.75308696E-06,3.61120897E-06,3.16137448E-06,6.36153436E-06,7.71290797E-06,1.52034488E-06,6.45948785E-06,3.69456620E-06,6.26975179E-06,2.09484233E-06,1.39404028E-06,5.49460856E-06,4.92584741E-06,3.17235481E-06,1.59331947E-07,5.16527143E-06,1.31550814E-06,3.01618775E-06,-7.76E-07,3.55946963E-06,3.22591791E-06,7.27484803E-07,1.31903857E-06,5.80441065E-06,-3.26E-07,-2.33E-06,9.63322123E-07,-1.42E-06,INT SYNC:059.94[Hz],DOUBLE FRAME,NORMAL,STANDARD DARK,ONE,CIE1931 (2°),1°,100,0.33333333,0.33333333,NONE,1,233567,2160299,OFF,TRUE,2024/03/25,16:48:22,OK00,----,----,----,CS-3000HDR,3001075,1.00.0008
57,2.11301508E+03,3.87222706E+03,3.35862361E+02,3.87222706E+03,0.33427941,0.6125871,0.13809652,0.56940786,5505.97766,0.09209582,554.586809,85.0650692,376.444513,-309.265143,377.114483,6.99336278E+00,553,-3.45E-05,3.39419275E-05,-8.98E-06,-1.39E-05,-1.34E-05,-5.84E-05,-1.91E-06,-7.50E-06,-2.33E-05,1.11357167E-05,1.48941417E-05,4.11852016E-05,1.32935993E-05,1.76562880E-05,9.29779435E-06,-2.63E-05,-8.35E-06,-1.89E-05,3.50658192E-05,2.30515034E-05,4.10264693E-06,1.20930972E-05,1.38762553E-05,9.58598957E-06,7.21857987E-07,1.87660353E-05,7.44524004E-06,-4.89E-06,3.46932552E-06,2.73797868E-05,2.76870287E-05,-5.21E-06,1.11086683E-05,2.87368243E-06,2.55625091E-05,1.07847618E-05,1.58150397E-05,-6.82E-07,2.07929461E-05,9.09053415E-06,1.85355730E-05,2.10128892E-05,1.01377336E-05,-7.39E-07,1.04777027E-05,4.60219462E-06,1.92157786E-05,2.33023893E-05,-9.96E-06,-1.48E-06,-7.51E-06,1.83281154E-05,1.99965125E-05,-1.43E-06,-5.90E-06,5.62328023E-06,-1.79E-05,1.22918045E-05,1.54014888E-05,3.74422461E-06,1.15893290E-05,1.13810620E-05,2.12982286E-05,-2.70E-06,3.04057230E-05,3.59380174E-05,5.18991728E-05,4.55476365E-05,4.53099892E-05,6.30229333E-05,6.02790278E-05,6.63883620E-05,7.73712018E-05,8.04779047E-05,9.44234271E-05,7.02305188E-05,1.12227906E-04,1.06647225E-04,1.20843557E-04,1.11521113E-04,1.29999622E-04,1.30938992E-04,1.69112202E-04,1.75765366E-04,1.63798875E-04,2.30664256E-04,2.82346096E-04,3.54207179E-04,4.26418323E-04,5.74264966E-04,7.67164456E-04,9.95044596E-04,1.27402309E-03,1.65947992E-03,2.18141149E-03,2.73882877E-03,3.36445030E-03,4.12594620E-03,5.00095775E-03,6.06757868E-03,7.24445656E-03,8.73153098E-03,1.05735753E-02,1.25581045E-02,1.47519186E-02,1.72916446E-02,1.99661199E-02,2.25390326E-02,2.51772758E-02,2.75915973E-02,2.98255291E-02,3.21729854E-02,3.40302214E-02,3.58190313E-02,3.74169275E-02,3.91559787E-02,4.06810269E-02,4.25055064E-02,4.41592783E-02,4.51148786E-02,4.54963520E-02,4.52026725E-02,4.46477719E-02,4.42153215E-02,4.35543396E-02,4.34504263E-02,4.33410257E-02,4.33242433E-02,4.36221026E-02,4.38053794E-02,4.40430716E-02,4.42593955E-02,4.44590896E-02,4.46499623E-02,4.48340885E-02,4.49561216E-02,4.52302694E-02,4.54002172E-02,4.54299189E-02,4.55133133E-02,4.53440398E-02,4.54238765E-02,4.52907942E-02,4.54126820E-02,4.54464629E-02,4.55069095E-02,4.56986241E-02,4.61988375E-02,4.66658026E-02,4.77073640E-02,4.90717217E-02,5.08714877E-02,5.33342734E-02,5.58628030E-02,5.85636087E-02,6.13118149E-02,6.42163754E-02,6.76650405E-02,7.12545440E-02,7.52407387E-02,7.92660788E-02,8.33053216E-02,8.76933113E-02,9.31205675E-02,9.83343199E-02,1.00427784E-01,9.90732983E-02,9.70519856E-02,9.69407782E-02,1.00176983E-01,1.04902402E-01,1.09129421E-01,1.11861393E-01,1.12696730E-01,1.11593969E-01,1.09433956E-01,1.05756953E-01,1.02156542E-01,9.84273106E-02,9.48793292E-02,9.17116627E-02,8.88625830E-02,8.62875134E-02,8.41065645E-02,8.22417513E-02,8.06973204E-02,7.91174918E-02,7.85516649E-02,7.85118118E-02,7.94045776E-02,8.12058747E-02,8.33310038E-02,8.62694755E-02,8.90884176E-02,9.12111998E-02,9.23464149E-02,9.22846198E-02,9.14307013E-02,8.94393995E-02,8.64930227E-02,8.27723071E-02,7.82308057E-02,7.28848875E-02,6.74612224E-02,6.16411567E-02,5.57865836E-02,4.96750623E-02,4.35572304E-02,3.73700485E-02,3.19282375E-02,2.67661884E-02,2.20381692E-02,1.78182032E-02,1.40936011E-02,1.10030575E-02,8.48153792E-03,6.50160899E-03,4.95033013E-03,3.70320468E-03,2.86070723E-03,2.24232860E-03,1.83052046E-03,1.55616656E-03,1.34035619E-03,1.18365523E-03,1.09828997E-03,1.04299712E-03,9.96073708E-04,9.78963333E-04,9.41964914E-04,9.12053802E-04,8.62645858E-04,8.61794222E-04,8.37589731E-04,8.21272726E-04,8.12227954E-04,7.87279627E-04,7.77378795E-04,7.52938387E-04,7.58711423E-04,7.53327855E-04,7.22094555E-04,7.22289202E-04,7.19317119E-04,7.09297543E-04,6.90481102E-04,6.88235334E-04,6.68702414E-04,6.62303006E-04,6.52140181E-04,6.37852470E-04,6.31654810E-04,6.00883097E-04,6.16780482E-04,6.03673630E-04,5.80430205E-04,5.71562559E-04,5.59831387E-04,5.41639340E-04,5.50387544E-04,5.22695249E-04,5.22099959E-04,5.25285664E-04,5.09879319E-04,5.08345605E-04,4.97518689E-04,4.96228866E-04,4.78160422E-04,4.78202885E-04,4.59731382E-04,4.80732240E-04,4.74750123E-04,4.61925956E-04,4.64245444E-04,4.71412786E-04,4.62778407E-04,4.74902510E-04,4.51801432E-04,4.52804932E-04,4.62836237E-04,4.78333648E-04,4.66454425E-04,4.35411348E-04,4.38146672E-04,3.93550756E-04,4.01628553E-04,3.40617087E-04,2.99586216E-04,2.65199924E-04,2.56610278E-04,2.05350472E-04,1.70795174E-04,1.40080068E-04,1.23821534E-04,9.35985590E-05,6.86550775E-05,6.14535747E-05,5.00962924E-05,4.74848457E-05,1.90579831E-05,3.72448267E-05,2.48204196E-05,1.70072490E-05,2.72211309E-05,1.23460825E-06,2.53272701E-05,9.57016528E-06,1.40695529E-05,2.13068706E-05,9.15586611E-07,3.13392752E-06,2.12146278E-05,-1.51E-05,-4.11E-06,1.70836338E-05,1.15637358E-05,4.05462060E-06,1.63284494E-05,2.05530396E-05,2.09523423E-05,-1.54E-06,2.19545491E-05,1.79855238E-06,-1.04E-05,9.83660811E-06,1.83677093E-05,1.66252594E-05,-3.37E-06,8.31860416E-06,4.18438212E-05,2.41120233E-06,-1.33E-05,1.72474429E-05,2.58700566E-05,6.80902576E-06,5.34932951E-06,1.03461196E-06,-2.07E-06,1.00152984E-05,-7.20E-06,1.66349600E-05,-1.25E-05,1.16245892E-05,2.13246676E-05,1.95371449E-05,1.72479886E-05,7.56553709E-06,4.13481712E-06,6.43083986E-05,1.22231249E-05,-5.43E-06,-1.42E-06,1.49481593E-05,2.88306001E-05,4.12043555E-05,4.80331400E-05,-1.01E-05,-3.17E-05,8.71199791E-06,-9.11E-06,4.74636981E-05,4.25443504E-05,9.60697434E-06,-1.31E-05,-1.49E-05,2.14148695E-05,-2.98E-05,3.60906088E-05,2.27783985E-05,2.50013327E-05,1.62143533E-05,-1.97E-05,-2.36E-05,8.32551086E-06,1.09786106E-05,-1.57E-05,-3.82E-06,1.43821433E-06,-1.36E-05,6.50519723E-05,1.16512520E-05,2.95828868E-05,4.34728281E-06,3.81608879E-06,2.09801983E-05,5.22462251E-05,3.69612644E-05,-4.12E-05,-2.01E-05,7.96531240E-05,6.13320808E-05,1.34806996E-05,-8.63E-05,-6.06E-06,4.66200363E-05,3.95338138E-05,4.31089939E-05,-4.46E-05,-7.35E-05,7.08704902E-05,5.32841696E-05,INT SYNC:059.94[Hz],DOUBLE FRAME,NORMAL,STANDARD DARK,TWO,CIE1931 (2°),1°,100,0.33333333,0.33333333,NONE,1,300300,2294959,OFF,TRUE,2024/03/25,16:48:27,OK00,----,----,----,CS-3000HDR,3001075,1.00.0008
58,2.12299924E+02,3.16865417E+02,8.04671714E+01,3.16865417E+02,0.34824246,0.51976463,0.16309803,0.54771702,5223.01903,0.06391574,557.855556,60.9389693,154.379081,-91.7740001,107.73278,6.90219756E-01,552,3.76449566E-06,1.77055210E-06,3.49724223E-06,-1.54E-06,1.84774319E-06,5.54557118E-07,5.33977129E-07,-5.00E-06,1.52404664E-06,1.47246567E-06,1.11464601E-06,2.42266356E-06,3.07385591E-07,-7.40E-07,3.41334925E-07,5.80321398E-07,-2.68E-06,7.39780944E-07,2.86506952E-06,-1.44E-06,2.17538104E-06,4.12285743E-07,1.20783568E-06,7.58084511E-08,7.25025757E-07,7.94482446E-07,3.42552482E-07,6.76655532E-07,5.86520116E-07,1.91774780E-06,-4.63E-07,-2.70E-07,2.74926393E-08,-2.57E-06,2.58669729E-06,-3.60E-07,1.42311308E-06,7.55521569E-07,1.23100381E-06,-9.56E-07,1.41681923E-07,-3.54E-07,1.34704521E-06,1.98266025E-06,-8.66E-07,1.71057394E-07,-7.58E-08,-1.03E-06,-1.73E-06,7.66238486E-08,-3.63E-06,-1.11E-06,-4.09E-08,3.35217180E-07,-9.05E-07,-7.34E-07,-1.68E-06,1.35807170E-06,2.85162173E-06,8.91359559E-06,1.32797686E-05,2.77778363E-05,4.47097991E-05,7.44103017E-05,1.16654621E-04,1.71951964E-04,2.38332839E-04,3.25622706E-04,4.31416789E-04,5.43301401E-04,6.66933134E-04,7.94495631E-04,9.46714717E-04,1.08025316E-03,1.20883237E-03,1.33148977E-03,1.44467852E-03,1.54393876E-03,1.60977629E-03,1.65422633E-03,1.66490371E-03,1.66424771E-03,1.65101094E-03,1.64605211E-03,1.64673780E-03,1.67442625E-03,1.70385477E-03,1.74125610E-03,1.78406097E-03,1.84491870E-03,1.88330223E-03,1.92493584E-03,1.95374992E-03,1.95655855E-03,1.95726845E-03,1.94229023E-03,1.92123256E-03,1.90603768E-03,1.89240661E-03,1.90521881E-03,1.94067904E-03,2.00824486E-03,2.09062896E-03,2.19917181E-03,2.33286573E-03,2.45612185E-03,2.60902545E-03,2.72327242E-03,2.82936124E-03,2.92452960E-03,3.02676368E-03,3.12727620E-03,3.24581913E-03,3.36814672E-03,3.48475832E-03,3.63361975E-03,3.80383222E-03,3.98646016E-03,4.15907567E-03,4.28883452E-03,4.33401065E-03,4.31668060E-03,4.23346367E-03,4.10570903E-03,3.97472177E-03,3.86358169E-03,3.77825275E-03,3.70996585E-03,3.66831245E-03,3.61865503E-03,3.57949012E-03,3.52708274E-03,3.49770300E-03,3.46261496E-03,3.46218352E-03,3.45604843E-03,3.47148604E-03,3.47333821E-03,3.46487225E-03,3.45491548E-03,3.43635981E-03,3.43008060E-03,3.44414404E-03,3.46176047E-03,3.47796618E-03,3.48895299E-03,3.49092437E-03,3.51891387E-03,3.55961872E-03,3.62844719E-03,3.75280087E-03,3.90789425E-03,4.12819814E-03,4.35600476E-03,4.56667319E-03,4.78540128E-03,5.00946958E-03,5.27378032E-03,5.55348536E-03,5.85467042E-03,6.15115650E-03,6.46590162E-03,6.80088066E-03,7.18580279E-03,7.51657225E-03,7.63410004E-03,7.47539615E-03,7.24538136E-03,7.16246199E-03,7.31988298E-03,7.59633118E-03,7.79330451E-03,7.88716320E-03,7.84223620E-03,7.68568367E-03,7.43309362E-03,7.13754864E-03,6.86759362E-03,6.59720181E-03,6.35339366E-03,6.12488482E-03,5.92314312E-03,5.75628597E-03,5.60470112E-03,5.49981976E-03,5.42652979E-03,5.35283098E-03,5.33197727E-03,5.36592398E-03,5.44535508E-03,5.56019461E-03,5.70671586E-03,5.88265061E-03,6.04555104E-03,6.18362287E-03,6.26497529E-03,6.28602365E-03,6.25112420E-03,6.16072956E-03,6.02604216E-03,5.86193614E-03,5.67574333E-03,5.46972547E-03,5.29261865E-03,5.11218281E-03,4.92582656E-03,4.71597770E-03,4.52478416E-03,4.30273497E-03,4.10338631E-03,3.89870536E-03,3.66829359E-03,3.45539581E-03,3.24532855E-03,3.04645300E-03,2.85276864E-03,2.67131138E-03,2.50724959E-03,2.34909332E-03,2.21217796E-03,2.09009903E-03,1.98921305E-03,1.89613143E-03,1.81421812E-03,1.72370439E-03,1.65225577E-03,1.58430333E-03,1.52736553E-03,1.46950386E-03,1.41883735E-03,1.37080497E-03,1.33681018E-03,1.30512065E-03,1.27710251E-03,1.25238544E-03,1.23427890E-03,1.21936086E-03,1.20555994E-03,1.18948368E-03,1.17884530E-03,1.17605645E-03,1.17220799E-03,1.18169736E-03,1.18329457E-03,1.18599820E-03,1.19529339E-03,1.19655649E-03,1.20469637E-03,1.20053173E-03,1.20351464E-03,1.19971274E-03,1.19529583E-03,1.18595012E-03,1.17894541E-03,1.16700283E-03,1.15799136E-03,1.14582747E-03,1.13670982E-03,1.11636834E-03,1.10159907E-03,1.08497904E-03,1.06727891E-03,1.04557455E-03,1.02809689E-03,1.01357175E-03,1.00033858E-03,9.82249388E-04,9.78751807E-04,9.71942034E-04,9.62977880E-04,9.53058829E-04,9.39758378E-04,9.37635661E-04,9.30329203E-04,9.22051433E-04,9.12888150E-04,9.06359288E-04,9.06660338E-04,8.98545899E-04,8.91395495E-04,8.85820482E-04,8.72137432E-04,8.51801073E-04,8.30290199E-04,7.89506128E-04,7.36676797E-04,6.77418895E-04,6.05494715E-04,5.36135281E-04,4.65357763E-04,3.90380592E-04,3.26083944E-04,2.65554321E-04,2.16036118E-04,1.73864042E-04,1.39120108E-04,1.10814384E-04,8.78492137E-05,7.05348066E-05,5.59051805E-05,4.61054369E-05,3.64583866E-05,2.99110361E-05,2.52884674E-05,2.16225344E-05,1.63172117E-05,1.51830600E-05,9.76192860E-06,9.07265621E-06,9.01553449E-06,7.36854372E-06,6.42411032E-06,5.82097573E-06,7.10985796E-06,7.59369323E-06,5.10756308E-06,3.41967962E-06,5.12077258E-06,5.38611494E-06,6.02077853E-06,3.42144949E-06,5.92093284E-06,4.09839822E-06,4.84306383E-06,5.12876159E-06,5.27902921E-06,5.61078150E-06,7.11143593E-06,5.66139579E-06,9.72390444E-06,7.23846233E-06,8.57072700E-06,8.75826390E-06,1.13100796E-05,1.09275898E-05,1.35073260E-05,1.47902929E-05,1.40765405E-05,1.36144590E-05,1.62191318E-05,1.19829037E-05,1.34280108E-05,1.35862183E-05,1.30068274E-05,1.44577016E-05,1.29294567E-05,1.31279421E-05,1.51740142E-05,1.36621875E-05,1.75586883E-05,1.71520369E-05,1.74313245E-05,2.04129283E-05,2.15412329E-05,1.78030477E-05,1.72972159E-05,1.78986193E-05,1.53005749E-05,1.82956264E-05,1.76039775E-05,1.47894270E-05,1.25115703E-05,1.50457900E-05,1.22379124E-05,9.30496572E-06,1.35039600E-05,8.02963041E-06,4.50198286E-06,6.11770975E-06,4.67549125E-06,3.06996208E-06,4.87911348E-06,7.90370268E-06,4.38055486E-06,2.95841164E-06,4.56261387E-06,4.72339207E-06,6.72389524E-06,7.07363233E-06,6.92926142E-06,-3.75E-07,-1.40E-07,-2.69E-08,2.26903762E-06,1.84125838E-06,3.17743411E-06,2.09780205E-06,-3.78E-06,3.15197485E-06,1.69845282E-06,6.02086175E-06,1.48901586E-06,-1.00E-07,1.83068892E-06,1.35573180E-06,-8.76E-07,1.29738214E-06,1.71295227E-07,2.52136397E-06,5.82358098E-06,1.43591512E-06,INT SYNC:059.94[Hz],DOUBLE FRAME,NORMAL,STANDARD DARK,ONE,CIE1931 (2°),1°,100,0.33333333,0.33333333,NONE,1,166834,2025865,OFF,TRUE,2024/03/25,16:48:32,OK00,----,----,----,CS-3000HDR,3001075,1.00.0008
59,2.11339382E+03,3.87299359E+03,3.35895934E+02,3.87299359E+03,0.33427699,0.61259412,0.13809424,0.56940915,5506.01559,0.09209809,554.586406,85.0665029,376.470407,-309.29417,377.149148,6.99490331E+00,553,-5.78E-06,-3.91E-05,-1.89E-05,9.55369251E-06,5.87110435E-06,1.30708668E-06,8.27651911E-06,6.56540897E-06,2.90926619E-05,-2.31E-05,5.82637949E-06,4.08509950E-05,4.14245875E-07,9.29145699E-06,6.03608078E-06,4.96043981E-07,1.97203208E-05,4.02047917E-05,1.55961334E-05,1.23426962E-05,1.27671829E-05,3.91713729E-05,3.26169288E-06,1.69871564E-05,-1.48E-06,7.84270560E-06,1.75760742E-05,-1.54E-05,-1.68E-05,1.44242185E-05,-1.06E-05,1.28105530E-05,8.48341097E-06,1.66687696E-05,2.59384287E-05,2.74235445E-05,-4.72E-06,7.44555837E-06,1.33881831E-05,2.66774714E-05,2.75094262E-05,1.86407051E-05,1.42750514E-05,1.34426627E-05,-4.57E-07,6.17920114E-06,2.21038845E-05,1.51194945E-05,-2.33E-06,-8.03E-06,-9.53E-06,3.95478564E-05,1.43849975E-05,1.19627957E-05,-1.27E-06,7.05262437E-06,2.27981618E-05,3.48896538E-06,-5.22E-07,1.08624599E-05,1.32723562E-05,2.48860888E-05,4.54147084E-06,1.73551052E-05,2.13974199E-05,3.72000795E-05,5.45289768E-05,5.02125768E-05,5.43579517E-05,6.33902673E-05,4.65413214E-05,4.91114552E-05,9.16353965E-05,8.17728287E-05,9.24220294E-05,1.01332946E-04,9.38050143E-05,1.24721366E-04,1.21744546E-04,1.21680307E-04,1.49583502E-04,1.14689923E-04,1.53595363E-04,1.41992627E-04,1.89442420E-04,2.37853048E-04,2.88127281E-04,3.60772829E-04,4.36880655E-04,5.49550634E-04,7.75094086E-04,1.00050250E-03,1.28878141E-03,1.69771200E-03,2.12490838E-03,2.69966223E-03,3.33111035E-03,4.10899520E-03,5.04976185E-03,6.04934432E-03,7.25533348E-03,8.65997188E-03,1.05261393E-02,1.25680072E-02,1.47720417E-02,1.71585716E-02,2.00349689E-02,2.26099417E-02,2.51903981E-02,2.75691655E-02,2.98994705E-02,3.21741179E-02,3.40327322E-02,3.57509702E-02,3.73914205E-02,3.90372984E-02,4.07265052E-02,4.25022505E-02,4.40910868E-02,4.51073125E-02,4.54640947E-02,4.52994965E-02,4.47310247E-02,4.41325679E-02,4.37284149E-02,4.33449224E-02,4.32617441E-02,4.33623902E-02,4.36509103E-02,4.38228697E-02,4.40567434E-02,4.42141294E-02,4.44746017E-02,4.45867553E-02,4.48045656E-02,4.51075435E-02,4.54127043E-02,4.53690998E-02,4.53468412E-02,4.53861207E-02,4.53537330E-02,4.53357324E-02,4.53775339E-02,4.53279652E-02,4.54205386E-02,4.56177518E-02,4.56877798E-02,4.62425128E-02,4.66323532E-02,4.76286784E-02,4.91329804E-02,5.08141294E-02,5.33529632E-02,5.58836199E-02,5.84964752E-02,6.13921620E-02,6.42280057E-02,6.77577630E-02,7.14070424E-02,7.54870698E-02,7.92288557E-02,8.32405984E-02,8.78399760E-02,9.31384712E-02,9.85662863E-02,1.00384898E-01,9.90244150E-02,9.68550369E-02,9.67443138E-02,1.00169890E-01,1.04986615E-01,1.09173350E-01,1.11935310E-01,1.12796225E-01,1.11691266E-01,1.09341927E-01,1.05924517E-01,1.02300875E-01,9.85127687E-02,9.49007124E-02,9.16183367E-02,8.88765678E-02,8.62275511E-02,8.40934739E-02,8.22573900E-02,8.07128027E-02,7.93737918E-02,7.84718245E-02,7.86124170E-02,7.94512779E-02,8.11244845E-02,8.34341869E-02,8.63189548E-02,8.90315771E-02,9.12375823E-02,9.22560319E-02,9.23373550E-02,9.12921131E-02,8.94599557E-02,8.64062607E-02,8.26735348E-02,7.82131180E-02,7.30711967E-02,6.75386935E-02,6.16400652E-02,5.56617416E-02,4.97574471E-02,4.35881317E-02,3.74250785E-02,3.19373272E-02,2.67840605E-02,2.20793653E-02,1.78739745E-02,1.40177775E-02,1.09778438E-02,8.50166846E-03,6.51514577E-03,4.94169677E-03,3.71276611E-03,2.83429632E-03,2.25012819E-03,1.80555624E-03,1.53519853E-03,1.33576489E-03,1.19194668E-03,1.11719850E-03,1.04702555E-03,1.00671139E-03,9.52710630E-04,9.00015933E-04,9.01710067E-04,8.89285118E-04,8.68848641E-04,8.38445616E-04,8.24060175E-04,8.18621018E-04,8.08469194E-04,7.87098717E-04,7.63014366E-04,7.38016970E-04,7.43995130E-04,7.30299565E-04,7.08738866E-04,7.05352286E-04,7.08424835E-04,6.82764512E-04,6.84025406E-04,6.80696801E-04,6.44483196E-04,6.52838440E-04,6.50452159E-04,6.10796909E-04,6.11904776E-04,6.05370500E-04,6.06808637E-04,5.91517950E-04,5.77240658E-04,5.81172062E-04,5.50678757E-04,5.39329543E-04,5.12860366E-04,5.21835987E-04,5.12611412E-04,5.07730991E-04,4.96271008E-04,4.98473994E-04,5.01007540E-04,4.80918185E-04,4.75682522E-04,4.51313303E-04,4.80367715E-04,4.52450244E-04,4.67426347E-04,4.65656281E-04,4.66747122E-04,4.58009366E-04,4.59003641E-04,4.59789910E-04,4.66540048E-04,4.57883143E-04,4.65764664E-04,4.60467476E-04,4.39733441E-04,4.13313799E-04,4.07569547E-04,3.72808572E-04,3.42999789E-04,3.17251513E-04,2.73507205E-04,2.31179831E-04,1.85248471E-04,1.81323005E-04,1.35328679E-04,1.05083134E-04,9.95668815E-05,8.04927840E-05,5.27135635E-05,6.36466211E-05,4.83975818E-05,4.25020116E-05,2.30657897E-05,1.91084673E-05,1.13670458E-05,1.60240816E-05,3.01720817E-08,1.56993815E-06,2.73124333E-05,1.13359897E-06,5.26540907E-06,-2.08E-06,1.06141624E-05,1.30830040E-05,-4.55E-06,-4.14E-06,1.70671919E-05,1.19077076E-05,6.65235689E-07,1.28960855E-05,2.13384155E-05,1.51688200E-05,-8.63E-06,7.47485637E-06,1.37613351E-05,1.23954214E-05,5.99861005E-06,3.03888396E-06,-3.65E-06,-7.22E-06,-7.26E-06,1.56572351E-05,1.05820800E-06,1.06835444E-06,1.65256115E-05,1.85349982E-05,1.46257189E-05,4.39632931E-05,1.59709944E-05,1.83174361E-05,4.88704117E-08,1.46614148E-05,1.73234166E-05,1.17128889E-06,2.46140335E-05,2.62493336E-06,7.05421280E-06,3.17937702E-05,5.13896375E-05,1.68087809E-05,2.20056099E-05,3.40186780E-05,4.36298033E-05,7.38290100E-06,2.16506814E-05,3.35425939E-05,3.19870996E-05,9.83641257E-06,3.75850905E-05,-6.20E-06,3.94612107E-05,1.94115109E-05,3.05484100E-05,3.54661061E-05,2.68202093E-05,-1.12E-05,9.91487377E-06,1.10853125E-05,-1.56E-05,6.48522018E-06,5.58013271E-05,3.46650668E-05,1.30130011E-05,-1.35E-06,-6.55E-06,6.37269477E-06,1.09363518E-05,-1.87E-05,4.17212250E-05,9.56179574E-05,2.57613556E-05,8.11051359E-05,-1.57E-06,7.08457883E-05,6.49996873E-05,2.27462460E-05,5.00253773E-05,2.32126222E-05,-6.78E-06,-2.40E-05,-1.71E-05,1.05212472E-04,-1.58E-05,6.36862533E-05,-7.91E-05,-2.35E-05,2.32466773E-05,1.34939046E-05,-1.32E-05,5.48619792E-05,2.86192135E-05,-9.54E-06,-7.04E-05,INT SYNC:059.94[Hz],DOUBLE FRAME,NORMAL,STANDARD DARK,TWO,CIE1931 (2°),1°,100,0.33333333,0.33333333,NONE,1,300300,2287813,OFF,TRUE,2024/03/25,16:48:36,OK00,----,----,----,CS-3000HDR,3001075,1.00.0008
60,2.30298127E+02,3.83793415E+02,6.89323937E+01,3.83793415E+02,0.33717431,0.56190332,0.14872345,0.55765946,5449.26876,0.07895577,555.194969,70.510825,165.617278,-122.544991,136.459859,7.72516268E-01,552,-4.23E-07,-3.31E-06,3.05011190E-06,-1.86E-06,-8.74E-07,-1.78E-06,9.65356435E-07,3.21396158E-07,-4.27E-06,2.70919941E-06,6.99853615E-07,5.18765091E-06,2.70300347E-06,3.56254964E-06,3.88122180E-06,-3.21E-06,2.90751615E-07,-9.62E-07,1.51217557E-06,1.04287028E-06,-8.89E-08,2.04170919E-06,6.02516820E-07,-8.52E-07,2.28941417E-06,3.07888990E-06,5.74222270E-07,8.95055734E-07,-5.23E-07,-2.00E-07,-1.40E-06,-2.33E-06,9.89180080E-07,1.81984524E-06,-1.06E-06,6.98888300E-07,8.77747539E-07,1.65855215E-06,9.76801289E-07,-3.18E-07,3.25517726E-06,5.24469101E-07,-3.75E-08,-5.26E-07,-1.83E-06,-1.72E-06,-1.86E-06,2.71863655E-07,-1.07E-06,-5.45E-07,-5.69E-07,1.01689216E-06,2.99589669E-06,1.44689537E-07,-4.47E-07,-2.28E-06,6.13953475E-08,4.13219141E-07,2.91410129E-06,9.27281326E-06,1.01993919E-05,2.00075337E-05,2.88501305E-05,5.03296615E-05,7.72510321E-05,1.14294009E-04,1.62530152E-04,2.14468557E-04,2.88992916E-04,3.62599909E-04,4.40599251E-04,5.27159544E-04,6.22336462E-04,7.15810806E-04,7.98259396E-04,8.80095526E-04,9.65871965E-04,1.01331540E-03,1.05318194E-03,1.08256517E-03,1.08705705E-03,1.07898202E-03,1.07182143E-03,1.06906658E-03,1.07108837E-03,1.08747010E-03,1.11217669E-03,1.14182988E-03,1.18129014E-03,1.21802662E-03,1.25635404E-03,1.28952041E-03,1.32240483E-03,1.34676660E-03,1.36437779E-03,1.37554680E-03,1.38671836E-03,1.41284859E-03,1.44201727E-03,1.49387727E-03,1.57164934E-03,1.67830742E-03,1.82865758E-03,1.97633542E-03,2.15221755E-03,2.34841253E-03,2.56584561E-03,2.75691971E-03,2.94796494E-03,3.12383682E-03,3.30651994E-03,3.52346245E-03,3.70407361E-03,3.91481584E-03,4.12208075E-03,4.36810032E-03,4.61449195E-03,4.87913424E-03,5.12411026E-03,5.31651173E-03,5.43256849E-03,5.42752771E-03,5.36078773E-03,5.24433143E-03,5.07747103E-03,4.97243321E-03,4.86047147E-03,4.79264138E-03,4.74064099E-03,4.67592012E-03,4.62327525E-03,4.56568133E-03,4.52873576E-03,4.48147114E-03,4.48767142E-03,4.48574405E-03,4.49293200E-03,4.48264880E-03,4.47692396E-03,4.45919577E-03,4.44627134E-03,4.44867648E-03,4.45417501E-03,4.47502220E-03,4.48979717E-03,4.51080361E-03,4.52440931E-03,4.54427721E-03,4.58431989E-03,4.66834521E-03,4.84026549E-03,5.03977155E-03,5.30852331E-03,5.59810037E-03,5.86978951E-03,6.16236031E-03,6.44749729E-03,6.76990394E-03,7.12640723E-03,7.52989156E-03,7.91279320E-03,8.31369031E-03,8.75482801E-03,9.23622027E-03,9.71415918E-03,9.82326083E-03,9.63232107E-03,9.33313649E-03,9.22612939E-03,9.46181361E-03,9.79704317E-03,1.00821303E-02,1.01933815E-02,1.01399682E-02,9.92091559E-03,9.61898360E-03,9.24814306E-03,8.89127888E-03,8.54656752E-03,8.22948385E-03,7.93568976E-03,7.66963465E-03,7.44845811E-03,7.26103364E-03,7.12639652E-03,7.01743597E-03,6.95791794E-03,6.92093931E-03,6.95381779E-03,7.06808968E-03,7.20275100E-03,7.39641115E-03,7.61475926E-03,7.82947242E-03,7.96359777E-03,8.04968830E-03,8.05094931E-03,7.95771834E-03,7.79151917E-03,7.55040068E-03,7.27859093E-03,6.94990996E-03,6.59673288E-03,6.27310481E-03,5.91325155E-03,5.55103645E-03,5.18085202E-03,4.83658724E-03,4.44121379E-03,4.08586720E-03,3.73569923E-03,3.38420575E-03,3.06225778E-03,2.74467980E-03,2.47875089E-03,2.23649922E-03,2.01614248E-03,1.82812766E-03,1.65424310E-03,1.52179389E-03,1.40913751E-03,1.32138480E-03,1.24439271E-03,1.18300028E-03,1.11825485E-03,1.06240890E-03,1.02053629E-03,9.81919817E-04,9.42805782E-04,9.06335423E-04,8.78430670E-04,8.60309170E-04,8.36222200E-04,8.17629974E-04,8.02437717E-04,7.86422810E-04,7.74005079E-04,7.67488382E-04,7.58681213E-04,7.54100445E-04,7.43784476E-04,7.41539057E-04,7.46057543E-04,7.46975711E-04,7.50250823E-04,7.52678839E-04,7.58926675E-04,7.52963650E-04,7.56384514E-04,7.56313500E-04,7.50276435E-04,7.46108301E-04,7.44475459E-04,7.39224895E-04,7.35032780E-04,7.30573316E-04,7.19491800E-04,7.09962100E-04,7.04118749E-04,6.91046414E-04,6.82340353E-04,6.67929999E-04,6.64018444E-04,6.53005030E-04,6.43744832E-04,6.33716525E-04,6.31881587E-04,6.24905282E-04,6.17836951E-04,6.19070488E-04,6.13350072E-04,6.11267809E-04,6.07129128E-04,6.05669862E-04,6.01999520E-04,6.01860636E-04,5.97200356E-04,5.94132405E-04,5.90207812E-04,5.89688600E-04,5.87202667E-04,5.75469167E-04,5.64131245E-04,5.45896182E-04,5.21172886E-04,4.88093327E-04,4.45982325E-04,4.04046790E-04,3.56919132E-04,3.06140020E-04,2.59415450E-04,2.15653010E-04,1.75179855E-04,1.42621211E-04,1.13709051E-04,9.15291603E-05,7.34602654E-05,5.98485058E-05,4.53686444E-05,3.64225052E-05,3.22468477E-05,2.38967914E-05,1.71146366E-05,1.41025266E-05,1.13744100E-05,1.00116704E-05,8.96066376E-06,7.26544977E-06,6.12189342E-06,3.55873726E-06,5.28934697E-06,5.23662493E-06,5.50795812E-06,2.89323953E-06,5.29855515E-06,6.08924302E-06,4.49447543E-06,4.12432519E-06,4.22195899E-06,4.99569569E-06,2.89890795E-06,4.03494005E-06,6.48653258E-06,6.38353276E-06,5.26662507E-06,6.10386496E-06,6.17591104E-06,4.17932051E-06,8.61553235E-06,6.76638319E-06,9.39543770E-06,1.03506045E-05,1.09534685E-05,8.53863639E-06,1.18935095E-05,1.20065406E-05,8.96718939E-06,8.49934804E-06,1.33468729E-05,9.63732055E-06,7.14852877E-06,1.14468421E-05,1.13923716E-05,1.38199157E-05,1.71599877E-05,1.59660776E-05,1.51060367E-05,1.39395788E-05,1.61644730E-05,1.76883750E-05,1.57897703E-05,1.52230741E-05,1.85890185E-05,1.95012963E-05,1.72388955E-05,1.82668973E-05,1.52542398E-05,1.72164582E-05,1.81595769E-05,1.51618397E-05,1.47821129E-05,1.51964459E-05,1.26962068E-05,1.50119604E-05,6.03715580E-06,1.20388004E-05,7.06078526E-06,9.05559682E-06,4.79577375E-06,7.26485541E-06,7.07419395E-06,1.53190922E-06,5.71992541E-06,8.47685897E-06,1.49367190E-06,3.34323522E-06,4.63545621E-06,8.67871859E-06,3.90764171E-06,5.71008104E-06,7.62401328E-07,2.28699787E-06,5.13374744E-06,7.61563683E-08,6.93603215E-06,7.88354373E-06,5.69400572E-06,4.81895586E-06,-7.67E-07,2.49375785E-06,-6.86E-06,3.97799477E-06,-9.46E-07,3.33002777E-06,-5.82E-06,2.60281354E-07,-2.68E-06,-5.11E-06,-9.28E-07,1.16596975E-05,4.19372964E-06,INT SYNC:059.94[Hz],DOUBLE FRAME,NORMAL,STANDARD DARK,ONE,CIE1931 (2°),1°,100,0.33333333,0.33333333,NONE,1,133467,1956923,OFF,TRUE,2024/03/25,16:48:41,OK00,----,----,----,CS-3000HDR,3001075,1.00.0008
61,2.11467371E+03,3.87512328E+03,3.35901828E+02,3.87512328E+03,0.33429883,0.61260003,0.13810288,0.56941304,5505.68142,0.09209337,554.589997,85.0745888,376.542331,-309.325184,377.271404,6.99878112E+00,553,5.00890519E-06,-1.85E-06,2.73572914E-06,1.93308279E-05,2.14389183E-05,-5.90E-06,1.15374824E-05,7.36566517E-06,2.78683110E-05,4.41404518E-05,1.56194837E-05,5.83792087E-07,1.04575083E-05,2.25881722E-05,3.74557603E-05,-2.15E-06,7.24120173E-06,8.95959874E-06,3.63002073E-05,2.92395416E-05,1.81399937E-05,6.38039501E-06,2.48726737E-05,1.85744375E-05,4.48153332E-06,2.48428096E-05,-1.36E-05,1.46791335E-05,-8.34E-06,-3.39E-05,-1.06E-06,-6.17E-06,5.68105952E-06,-1.10E-05,2.53812432E-05,5.83422752E-06,1.08629474E-05,2.12733212E-05,7.50376603E-06,7.27642919E-06,6.75959154E-06,1.29503796E-05,-1.71E-05,1.24496528E-05,-2.14E-06,8.67519611E-06,2.34647450E-05,2.88260744E-05,-8.07E-06,1.47498931E-05,1.65308138E-05,-2.08E-05,1.10037772E-05,-4.59E-06,-1.42E-05,-9.03E-07,4.82096038E-06,-3.93E-06,5.66897234E-06,3.66581207E-06,4.90946331E-06,1.97219069E-05,5.84774898E-06,6.59835996E-06,1.26206405E-05,5.12215884E-05,4.07540465E-05,4.13802154E-05,4.64772602E-05,7.52648048E-05,7.52150081E-05,7.76440065E-05,7.12793699E-05,7.02804537E-05,8.55357357E-05,1.02635931E-04,1.18608528E-04,9.94324510E-05,1.13202310E-04,1.05140316E-04,1.17045667E-04,1.30825167E-04,1.76697140E-04,1.53685061E-04,1.98375026E-04,2.06809942E-04,2.62207148E-04,3.36180325E-04,3.90542089E-04,5.65943134E-04,7.65536970E-04,9.96183022E-04,1.26198621E-03,1.69689895E-03,2.11842102E-03,2.70838616E-03,3.35715362E-03,4.08440595E-03,4.97592241E-03,6.05006889E-03,7.30055571E-03,8.66916124E-03,1.05984109E-02,1.25334291E-02,1.46920532E-02,1.71491951E-02,2.01001614E-02,2.26394515E-02,2.51411200E-02,2.76372433E-02,3.00067719E-02,3.21408808E-02,3.40962671E-02,3.58955413E-02,3.74130756E-02,3.91602181E-02,4.07728031E-02,4.26234975E-02,4.41782959E-02,4.51020896E-02,4.55070697E-02,4.53365743E-02,4.48583513E-02,4.41920049E-02,4.36281972E-02,4.34319377E-02,4.33401242E-02,4.33983356E-02,4.36558053E-02,4.38090228E-02,4.41368930E-02,4.43215892E-02,4.45180535E-02,4.47356701E-02,4.49298993E-02,4.51854914E-02,4.52295803E-02,4.54303585E-02,4.53234725E-02,4.54428717E-02,4.53982614E-02,4.54624705E-02,4.54282239E-02,4.53116149E-02,4.54319045E-02,4.55099531E-02,4.57304791E-02,4.60486151E-02,4.67078723E-02,4.76288982E-02,4.90966961E-02,5.09331897E-02,5.33010773E-02,5.59075736E-02,5.85689917E-02,6.13890402E-02,6.41790703E-02,6.76826239E-02,7.13991672E-02,7.54010305E-02,7.94309527E-02,8.33442807E-02,8.78712460E-02,9.31747183E-02,9.84739885E-02,1.00540526E-01,9.91066769E-02,9.69212800E-02,9.69112813E-02,1.00222044E-01,1.04985267E-01,1.09167911E-01,1.12013951E-01,1.12598300E-01,1.11580722E-01,1.09425351E-01,1.05991870E-01,1.02247685E-01,9.85887498E-02,9.49467123E-02,9.18304250E-02,8.88471305E-02,8.62789154E-02,8.41025487E-02,8.24160352E-02,8.08335170E-02,7.94331729E-02,7.87539333E-02,7.86334723E-02,7.95256570E-02,8.13517198E-02,8.35435838E-02,8.65034834E-02,8.89959782E-02,9.11935270E-02,9.22483355E-02,9.24402401E-02,9.13741663E-02,8.94176513E-02,8.64575133E-02,8.26904923E-02,7.83066005E-02,7.28471652E-02,6.74479157E-02,6.17513061E-02,5.57529107E-02,4.96831276E-02,4.37263027E-02,3.74392681E-02,3.19192111E-02,2.68535335E-02,2.21906193E-02,1.78597569E-02,1.40393982E-02,1.09706670E-02,8.53778515E-03,6.53507235E-03,4.96251462E-03,3.71226389E-03,2.88908370E-03,2.23403028E-03,1.81905902E-03,1.54057750E-03,1.33844023E-03,1.21718040E-03,1.07999390E-03,1.03715202E-03,1.01194624E-03,9.66115331E-04,9.20717721E-04,9.07745853E-04,8.82213411E-04,8.71311175E-04,8.58033018E-04,8.29894503E-04,8.08661396E-04,8.12621729E-04,7.91859289E-04,7.75124645E-04,7.50021019E-04,7.51552696E-04,7.34665664E-04,7.38807663E-04,7.13798683E-04,7.08566629E-04,6.88964617E-04,6.87856751E-04,6.85830193E-04,6.76643278E-04,6.52677496E-04,6.41146558E-04,6.20959559E-04,6.23649627E-04,6.11642608E-04,5.86658600E-04,5.87640679E-04,5.85391710E-04,5.79879619E-04,5.34043938E-04,5.56602958E-04,5.35104889E-04,5.21569746E-04,5.22046874E-04,5.00480819E-04,4.86852688E-04,4.91591403E-04,4.88332240E-04,4.86301433E-04,4.71002248E-04,4.86093864E-04,4.64084587E-04,4.79261420E-04,4.64194862E-04,4.66405152E-04,4.67230013E-04,4.79043723E-04,4.70578176E-04,4.55773552E-04,4.39348660E-04,4.52637847E-04,4.61422780E-04,4.32113971E-04,4.25507547E-04,4.09623724E-04,3.92665126E-04,3.82714905E-04,3.49455368E-04,2.95999809E-04,2.89443095E-04,2.42471244E-04,2.00379349E-04,1.80903313E-04,1.26069572E-04,1.03168641E-04,8.00868511E-05,5.68095966E-05,6.31640723E-05,5.59195942E-05,3.64833177E-05,3.42368185E-05,3.18475140E-05,2.35701355E-05,7.99602458E-06,5.89769661E-06,-8.05E-06,1.89388011E-05,3.20679624E-06,5.38712220E-06,9.88745069E-06,1.44458420E-06,2.48476244E-05,1.11633381E-06,-5.93E-06,-4.12E-06,1.12947982E-05,-1.62E-05,-2.56E-06,1.17850886E-05,2.11904298E-05,1.06023454E-05,4.15982367E-06,7.81285650E-08,3.04679543E-06,2.00455252E-05,2.71035115E-05,5.83222072E-06,1.16650290E-06,9.86186751E-06,1.80910411E-05,3.26424197E-05,-3.72E-06,2.03840445E-05,7.24932534E-06,2.17420666E-06,2.45176270E-05,3.03950146E-05,1.24155349E-05,8.58996009E-06,-1.66E-07,-2.45E-06,-6.51E-06,8.13139559E-06,3.12233860E-05,-4.74E-06,-3.23E-06,2.78062498E-06,1.70072781E-05,5.19127479E-06,6.33090895E-06,3.36357807E-05,3.73568764E-06,-1.03E-05,2.58992404E-05,4.04712455E-06,4.38271272E-05,3.69075315E-05,3.73256116E-05,8.16850588E-05,3.03328088E-05,-4.48E-07,1.43952384E-05,3.54520125E-05,4.27233354E-05,4.53499670E-05,-1.67E-05,2.92420827E-05,4.50915832E-05,5.83684687E-06,9.11004827E-06,-3.43E-05,-2.29E-06,-1.08E-05,8.36744675E-06,-2.00E-06,-2.89E-06,-1.83E-05,6.38998026E-05,-2.87E-05,2.41927519E-05,5.74230944E-05,-5.52E-05,6.19349958E-05,6.05562600E-05,-2.13E-05,-1.33E-05,3.82569742E-05,4.10013090E-05,6.50568327E-05,4.79304108E-05,-6.30E-05,3.57229619E-05,6.97136202E-05,-2.32E-05,-3.84E-05,5.57928724E-05,4.85315140E-05,-3.82E-05,5.27129523E-05,-2.54E-05,-4.68E-05,-1.13E-05,INT SYNC:059.94[Hz],DOUBLE FRAME,NORMAL,STANDARD DARK,TWO,CIE1931 (2°),1°,100,0.33333333,0.33333333,NONE,1,300300,2287756,OFF,TRUE,2024/03/25,16:48:46,OK00,----,----,----,CS-3000HDR,3001075,1.00.0008
62,2.54728908E+02,4.52563257E+02,6.23394333E+01,4.52563257E+02,0.33097512,0.58802583,0.14092503,0.56334147,5557.10913,0.08729656,554.005676,76.6556338,175.874717,-144.189746,159.967444,8.69854215E-01,552,9.85055522E-06,-1.36E-06,-3.19E-06,-8.38E-07,-1.00E-06,-4.97E-07,2.42070860E-06,2.78512380E-06,-4.82E-06,2.16693411E-06,-1.81E-06,3.53701262E-06,3.99516284E-06,-9.55E-07,-4.39E-07,-1.83E-06,-2.54E-07,-2.86E-06,1.15672469E-06,6.94047344E-08,1.48099090E-07,1.15781449E-06,-1.44E-06,2.49244863E-06,-4.72E-07,-5.45E-06,4.89686613E-07,-2.85E-07,-3.11E-07,1.80185850E-06,1.82812289E-06,2.25762847E-06,1.48977085E-06,3.03124739E-06,2.30361952E-08,-3.91E-06,-5.65E-07,5.25385894E-06,-1.00E-06,1.54763325E-06,1.12033888E-06,-2.25E-06,4.44232739E-07,5.62921514E-06,1.29192256E-06,2.54039901E-06,2.85678721E-06,-1.67E-06,-7.02E-07,-2.86E-07,2.03015006E-07,-2.20E-06,-3.15E-07,4.34731078E-07,-1.92E-06,-2.97E-07,-4.69E-07,9.80499976E-07,3.11788494E-06,-7.79E-07,6.73298973E-06,1.25285005E-05,2.12397335E-05,3.28046262E-05,5.00535207E-05,7.36243019E-05,1.01388658E-04,1.39053838E-04,1.82578093E-04,2.27465949E-04,2.79427652E-04,3.33685923E-04,3.89393390E-04,4.45830083E-04,4.94130596E-04,5.41574787E-04,5.92561089E-04,6.30614406E-04,6.52255898E-04,6.65196916E-04,6.64189167E-04,6.60005491E-04,6.56206685E-04,6.48363202E-04,6.52328774E-04,6.68310677E-04,6.81108853E-04,7.03249942E-04,7.34066300E-04,7.68260332E-04,8.09366524E-04,8.43831338E-04,8.77195853E-04,9.08316055E-04,9.43720283E-04,9.82599682E-04,1.02671888E-03,1.07162772E-03,1.15599751E-03,1.23936450E-03,1.34789059E-03,1.49721175E-03,1.68582506E-03,1.88569515E-03,2.12045736E-03,2.36691791E-03,2.63552484E-03,2.90622143E-03,3.16132372E-03,3.41528328E-03,3.66286538E-03,3.94718256E-03,4.21725214E-03,4.50861733E-03,4.78771469E-03,5.08586131E-03,5.41317230E-03,5.76217007E-03,6.07662695E-03,6.31238241E-03,6.47215731E-03,6.51507499E-03,6.45226706E-03,6.32573711E-03,6.14790432E-03,6.02940377E-03,5.90941589E-03,5.83810359E-03,5.76558802E-03,5.70799969E-03,5.64029673E-03,5.55846607E-03,5.51000005E-03,5.47927292E-03,5.45306597E-03,5.46519598E-03,5.47043001E-03,5.47124352E-03,5.44691551E-03,5.42733632E-03,5.41592622E-03,5.41992113E-03,5.40577015E-03,5.44697512E-03,5.46453381E-03,5.49199479E-03,5.49326232E-03,5.52906189E-03,5.58157498E-03,5.69882151E-03,5.87868923E-03,6.12189760E-03,6.44715643E-03,6.77041756E-03,7.13827508E-03,7.48823257E-03,7.82957859E-03,8.23752116E-03,8.64617340E-03,9.11667198E-03,9.58323292E-03,1.00760916E-02,1.06192306E-02,1.12240519E-02,1.17968293E-02,1.19765317E-02,1.17278919E-02,1.13603109E-02,1.12490840E-02,1.15206456E-02,1.19369989E-02,1.22964252E-02,1.24302013E-02,1.23689743E-02,1.21326027E-02,1.17587633E-02,1.13141155E-02,1.08717503E-02,1.04469424E-02,1.00395773E-02,9.68190376E-03,9.36365314E-03,9.09062475E-03,8.88428092E-03,8.71145539E-03,8.57518334E-03,8.49336106E-03,8.46204627E-03,8.52271076E-03,8.64163693E-03,8.80460534E-03,9.04789846E-03,9.31235962E-03,9.53834131E-03,9.72746126E-03,9.80411936E-03,9.80233308E-03,9.65689961E-03,9.42391902E-03,9.08655673E-03,8.68533365E-03,8.26000422E-03,7.76180020E-03,7.28976307E-03,6.78785192E-03,6.28229138E-03,5.79113048E-03,5.28032472E-03,4.73031262E-03,4.24285093E-03,3.77388415E-03,3.31211346E-03,2.88152625E-03,2.48896494E-03,2.13906146E-03,1.84771453E-03,1.59887609E-03,1.37947104E-03,1.20895787E-03,1.06211519E-03,9.56749776E-04,8.76297010E-04,8.13746185E-04,7.62631476E-04,7.13799614E-04,6.74779119E-04,6.41753606E-04,6.18966005E-04,5.92823373E-04,5.67396055E-04,5.50211989E-04,5.30645251E-04,5.19947847E-04,5.06391807E-04,5.01241710E-04,4.83159558E-04,4.78971284E-04,4.69588063E-04,4.66688944E-04,4.61549207E-04,4.54997295E-04,4.56105685E-04,4.53779125E-04,4.55228612E-04,4.56475682E-04,4.57121758E-04,4.63272270E-04,4.58399591E-04,4.55533125E-04,4.55639529E-04,4.53340588E-04,4.47962957E-04,4.50598338E-04,4.46929364E-04,4.46715596E-04,4.38704126E-04,4.37106064E-04,4.30730346E-04,4.27699735E-04,4.18186246E-04,4.15466086E-04,4.11002140E-04,4.02442558E-04,3.96443327E-04,3.97181517E-04,3.94304167E-04,3.89946508E-04,3.87195760E-04,3.89003748E-04,3.85353225E-04,3.88725137E-04,3.82387661E-04,3.81879043E-04,3.83184262E-04,3.86528729E-04,3.83111648E-04,3.82028840E-04,3.78284778E-04,3.78888071E-04,3.79989564E-04,3.80185811E-04,3.70884489E-04,3.64612177E-04,3.56979668E-04,3.40512051E-04,3.12682707E-04,2.87772447E-04,2.59170251E-04,2.25915312E-04,1.97543763E-04,1.66793179E-04,1.41866622E-04,1.11349167E-04,9.29321395E-05,7.48073508E-05,5.91381540E-05,4.70753330E-05,4.03406957E-05,2.79855522E-05,2.19678222E-05,2.08832189E-05,1.58685361E-05,1.34272477E-05,8.76853301E-06,8.18858462E-06,4.89152444E-06,7.07399931E-06,5.46841193E-06,4.70204077E-06,1.29611624E-06,5.02402327E-06,4.46288914E-06,2.26719385E-06,3.23231893E-06,3.34851916E-06,3.48174490E-06,3.61988418E-06,5.35216259E-06,3.48167032E-06,3.67253256E-06,2.82029919E-06,6.10321604E-06,2.68071881E-06,5.55365114E-06,2.58476234E-06,3.01033174E-06,5.89882393E-06,4.43223007E-06,4.23512029E-06,9.48036177E-06,7.78421236E-06,7.47256763E-06,9.31662180E-06,8.77060938E-06,9.48411162E-06,1.04284563E-05,4.49379650E-06,8.48715354E-06,9.27218480E-06,9.59089903E-06,1.06725820E-05,1.29477685E-05,1.59459651E-05,1.54737372E-05,1.36891804E-05,1.44321648E-05,1.10257924E-05,1.25391998E-05,1.60606305E-05,1.77468701E-05,2.04621665E-05,1.55420803E-05,1.68291208E-05,1.81513024E-05,2.20123529E-05,1.99168480E-05,1.49417174E-05,1.75422065E-05,2.05428660E-05,1.66157843E-05,1.65263027E-05,1.17775207E-05,1.05979452E-05,9.06631431E-06,1.26135556E-05,1.57711329E-05,9.45705870E-06,8.62053821E-06,9.05134766E-06,6.08752453E-06,8.34079572E-07,-5.07E-07,4.37198378E-06,8.81060805E-06,-1.63E-06,3.74287038E-06,6.54248879E-06,4.56617408E-06,5.31013393E-06,1.14716340E-05,-4.20E-06,4.11438259E-06,3.93262599E-06,1.82961048E-06,2.86661179E-06,7.40931000E-06,1.21384401E-05,1.51307347E-07,-2.38E-06,9.27762903E-06,1.06514753E-05,-1.14E-06,1.26362761E-06,1.23887708E-06,-3.66E-06,-2.85E-06,-1.15E-06,-3.69E-06,-9.28E-07,-2.45E-06,8.83368401E-08,INT SYNC:059.94[Hz],DOUBLE FRAME,NORMAL,STANDARD DARK,ONE,CIE1931 (2°),1°,100,0.33333333,0.33333333,NONE,1,100100,1891219,OFF,TRUE,2024/03/25,16:48:51,OK00,----,----,----,CS-3000HDR,3001075,1.00.0008
63,2.11582770E+03,3.87720746E+03,3.36099432E+02,3.87720746E+03,0.33429969,0.61259678,0.13810381,0.56941242,5505.66794,0.0920924,554.59014,85.0738481,376.612693,-309.377003,377.333994,7.00267524E+00,553,3.54818030E-06,-1.77E-06,-2.20E-05,-3.30E-05,4.14282295E-05,-9.36E-06,-1.09E-05,-2.31E-05,3.60002050E-05,1.88273771E-05,4.07398602E-06,-4.16E-05,-5.58E-06,8.57339842E-07,2.23794377E-05,1.15511439E-05,1.61469161E-05,1.35490336E-05,-2.09E-05,6.72109127E-06,-6.02E-07,-3.37E-06,3.11986832E-06,2.06683926E-05,2.59679564E-05,3.62024657E-05,7.48626644E-06,3.14764729E-05,-8.67E-06,1.52554258E-05,1.87253245E-05,1.20974039E-06,1.90747437E-06,3.05578433E-05,3.52306124E-05,3.18979764E-05,2.50126936E-06,9.65466188E-06,5.08579831E-07,9.45295506E-06,1.82582505E-06,9.78929256E-06,-4.73E-06,1.18957441E-05,-1.68E-06,5.65592518E-06,-1.23E-05,6.48377181E-06,-9.91E-06,2.45606989E-05,8.33154809E-06,2.45436167E-05,5.49538845E-06,-4.85E-06,-4.51E-06,-8.89E-06,8.89631610E-06,2.30037695E-05,2.48792662E-06,3.56585988E-05,-1.92E-06,5.14459771E-06,3.04818186E-05,2.38840239E-05,1.10349729E-05,4.27453815E-05,3.58660836E-05,5.44906943E-05,3.36331541E-05,5.92962060E-05,4.62044081E-05,6.13790835E-05,7.87735917E-05,7.51541083E-05,8.12698854E-05,1.02012986E-04,9.82317433E-05,1.05794010E-04,1.08238215E-04,1.24864833E-04,1.16314113E-04,1.38974894E-04,1.61399003E-04,1.50254651E-04,1.80157775E-04,2.32228282E-04,2.85941060E-04,3.11541924E-04,4.35061811E-04,5.48380078E-04,7.55168789E-04,9.74028604E-04,1.27699203E-03,1.70309166E-03,2.14868272E-03,2.72281282E-03,3.32588842E-03,4.09151614E-03,5.01296436E-03,6.05489826E-03,7.25503173E-03,8.75479821E-03,1.05138039E-02,1.25237778E-02,1.48085328E-02,1.72751471E-02,1.99739002E-02,2.26481631E-02,2.52213329E-02,2.75944546E-02,3.00388653E-02,3.22926529E-02,3.40222307E-02,3.58637981E-02,3.73784639E-02,3.90556157E-02,4.08286117E-02,4.26267646E-02,4.42346819E-02,4.50542904E-02,4.55328785E-02,4.52160090E-02,4.48529385E-02,4.42642048E-02,4.36084121E-02,4.34148610E-02,4.33468260E-02,4.34789211E-02,4.36304808E-02,4.39530797E-02,4.41575497E-02,4.43244092E-02,4.44687307E-02,4.48220037E-02,4.49760929E-02,4.52021547E-02,4.53783758E-02,4.54539545E-02,4.53885943E-02,4.54660170E-02,4.54683341E-02,4.53864336E-02,4.54318449E-02,4.54528704E-02,4.54543009E-02,4.55814116E-02,4.56664301E-02,4.61265147E-02,4.67498265E-02,4.76721600E-02,4.91137318E-02,5.09746037E-02,5.33479005E-02,5.59965149E-02,5.87259866E-02,6.14293404E-02,6.43811300E-02,6.77124262E-02,7.12613538E-02,7.53194839E-02,7.93013498E-02,8.31986070E-02,8.78897831E-02,9.32061151E-02,9.85889658E-02,1.00474849E-01,9.91912857E-02,9.69284922E-02,9.68029723E-02,1.00279287E-01,1.04987793E-01,1.09188020E-01,1.11935019E-01,1.12772375E-01,1.11709148E-01,1.09446160E-01,1.06165200E-01,1.02347195E-01,9.87910032E-02,9.53229964E-02,9.19751003E-02,8.89746770E-02,8.64002407E-02,8.42594430E-02,8.24805424E-02,8.07816237E-02,7.93650746E-02,7.86203146E-02,7.87219256E-02,7.95581639E-02,8.10398534E-02,8.36883411E-02,8.63716230E-02,8.89968872E-02,9.12941769E-02,9.24144983E-02,9.26713496E-02,9.15731192E-02,8.94528404E-02,8.64707902E-02,8.27731043E-02,7.83011466E-02,7.28770271E-02,6.75173104E-02,6.17210045E-02,5.58209792E-02,4.97041978E-02,4.36535291E-02,3.75307575E-02,3.19536030E-02,2.68740766E-02,2.21391935E-02,1.78894363E-02,1.40344445E-02,1.10216960E-02,8.47829692E-03,6.53673569E-03,4.95949294E-03,3.70440213E-03,2.85768928E-03,2.26320419E-03,1.84142019E-03,1.54728862E-03,1.35556853E-03,1.19435869E-03,1.11280428E-03,1.05420582E-03,1.01180153E-03,9.61930375E-04,9.27880697E-04,9.11736686E-04,8.83467379E-04,8.64894246E-04,8.35203915E-04,8.28140473E-04,8.03018280E-04,7.96111242E-04,7.78136775E-04,7.54513429E-04,7.54466455E-04,7.66784186E-04,7.28844723E-04,7.12318986E-04,7.27232953E-04,7.25924037E-04,6.84453174E-04,6.76312426E-04,6.78704586E-04,6.61523605E-04,6.52558461E-04,6.34578639E-04,6.27518923E-04,6.04785513E-04,6.09781244E-04,5.98960090E-04,5.77578554E-04,5.79869142E-04,5.74763748E-04,5.54240250E-04,5.44711365E-04,5.39984554E-04,5.46522555E-04,5.20660717E-04,5.14222193E-04,4.96265129E-04,4.96495340E-04,4.91548970E-04,4.88424324E-04,4.79821465E-04,4.85804514E-04,4.56147536E-04,4.70083964E-04,4.53131710E-04,4.69360006E-04,4.66713187E-04,4.81546216E-04,4.54771274E-04,4.71982465E-04,4.60571959E-04,4.58436727E-04,4.62500058E-04,4.26462328E-04,4.28192638E-04,4.32612258E-04,3.88632645E-04,3.67168483E-04,3.47795256E-04,3.10344563E-04,2.72869656E-04,2.43880975E-04,1.83404554E-04,1.54075344E-04,1.32708912E-04,1.16697498E-04,7.37970477E-05,7.71114137E-05,4.77031062E-05,6.72788447E-05,4.17728843E-05,3.68361325E-05,3.07294140E-05,5.08574631E-05,3.50933115E-05,2.87254170E-05,2.26793486E-06,1.81931250E-06,1.06958296E-05,1.52430193E-05,-5.80E-06,1.29790078E-05,2.49286659E-05,1.20446366E-05,2.53119379E-05,8.80016523E-06,2.01851708E-05,5.74688920E-06,8.72961573E-06,1.23156724E-05,-5.67E-07,1.52788234E-05,1.98411217E-05,-7.13E-06,5.32634067E-06,-4.73E-06,5.73028456E-06,1.15736138E-05,-1.17E-05,4.87086481E-06,1.05200488E-05,1.56813912E-05,1.32127188E-05,1.48065146E-05,1.06182624E-05,1.46430302E-05,4.54311339E-06,-1.14E-05,5.15431520E-06,2.84116195E-05,3.10394389E-05,2.46351738E-06,1.39110607E-05,2.94493238E-05,-3.78E-06,2.00226577E-06,2.35422726E-06,3.83216247E-05,5.30019206E-05,1.69052946E-05,9.63019716E-07,1.27967241E-05,-7.96E-06,-1.64E-05,2.55976411E-05,1.69056002E-05,-7.16E-06,4.15601062E-05,1.71627971E-06,4.46621161E-05,4.45518635E-05,-6.60E-06,5.78470372E-06,3.88049048E-05,1.44136275E-05,1.54845839E-05,5.54782418E-05,5.53751270E-05,2.94871952E-05,5.19422756E-05,4.39353971E-05,8.64864523E-06,3.61244165E-05,4.22833073E-05,4.05023457E-05,1.71358151E-05,-2.47E-05,-2.86E-05,6.17209880E-05,4.38532952E-05,5.11105873E-06,1.02312093E-04,-1.34E-05,-1.32E-05,1.13788110E-05,-1.96E-05,6.36321283E-06,-4.21E-05,-2.85E-05,-1.17E-06,-1.03E-05,3.23348941E-05,-4.20E-05,2.15446380E-05,1.99604674E-05,1.01660380E-05,6.86734784E-05,5.56722625E-05,5.33454622E-05,8.57288469E-05,-5.25E-05,5.72307035E-05,2.30182814E-05,INT SYNC:059.94[Hz],DOUBLE FRAME,NORMAL,STANDARD DARK,TWO,CIE1931 (2°),1°,100,0.33333333,0.33333333,NONE,1,300300,2295064,OFF,TRUE,2024/03/25,16:48:55,OK00,----,----,----,CS-3000HDR,3001075,1.00.0008
64,3.04868443E+02,5.64501245E+02,6.47679588E+01,5.64501245E+02,0.32636351,0.604302,0.13600042,0.56659823,5629.73896,0.09243374,553.218165,80.2774899,190.544178,-165.271918,183.069233,1.05496267E+00,552,1.77801428E-06,2.42061077E-07,7.72807198E-06,-1.93E-06,-1.50E-06,-3.13E-06,1.97945201E-06,4.42121245E-06,-3.58E-07,8.98889994E-06,6.60106480E-06,-3.64E-07,5.50671814E-07,-1.64E-06,2.15302271E-06,4.96914981E-06,3.80264669E-06,1.18493699E-06,-4.25E-07,-2.39E-06,5.35579511E-06,5.98156794E-06,2.82051860E-06,-6.02E-06,1.10414817E-06,3.26481245E-06,-4.85E-06,-1.33E-06,-3.36E-07,4.23187686E-07,-1.03E-05,-3.11E-06,-2.14E-06,1.92296579E-06,3.26509621E-06,6.82661607E-07,9.64342462E-07,2.70371243E-06,1.05138224E-06,-1.69E-06,-5.06E-07,-2.67E-06,4.97592225E-07,-2.06E-06,8.81690255E-07,-1.05E-07,4.50835842E-07,-2.00E-06,-9.10E-07,2.46758668E-06,4.26155566E-07,-2.24E-06,-1.70E-06,2.24963424E-06,2.94769256E-06,1.68890881E-06,-3.36E-06,8.78698813E-07,2.70896635E-06,1.77540937E-06,6.30406839E-06,6.03843409E-06,1.90992760E-05,2.35579610E-05,2.86400737E-05,4.49875588E-05,6.64158579E-05,8.50943979E-05,1.15451381E-04,1.48805746E-04,1.77404712E-04,2.08522295E-04,2.45616597E-04,2.78524909E-04,3.05383030E-04,3.35604826E-04,3.71222501E-04,3.86302767E-04,3.98928416E-04,4.09626547E-04,4.01517143E-04,4.02209262E-04,3.88248096E-04,3.85998690E-04,3.97580006E-04,3.95955925E-04,4.08145454E-04,4.32620873E-04,4.53829445E-04,4.93927451E-04,5.22953691E-04,5.59974636E-04,6.08702714E-04,6.64268970E-04,7.24427984E-04,7.84586882E-04,8.57020961E-04,9.44477390E-04,1.07864162E-03,1.19955512E-03,1.36235263E-03,1.56736292E-03,1.80517742E-03,2.07415549E-03,2.38010450E-03,2.69132480E-03,3.08141136E-03,3.42233549E-03,3.77779361E-03,4.10773233E-03,4.45503555E-03,4.82174056E-03,5.17807715E-03,5.55371959E-03,5.89348143E-03,6.30410807E-03,6.73698727E-03,7.16358656E-03,7.57026626E-03,7.88175408E-03,8.08359869E-03,8.17066990E-03,8.11040681E-03,7.99469836E-03,7.82346167E-03,7.65760243E-03,7.51277851E-03,7.42760906E-03,7.34409550E-03,7.26283854E-03,7.19408318E-03,7.11050583E-03,7.02896900E-03,6.97370386E-03,6.95148017E-03,6.95249857E-03,6.95793470E-03,6.94885105E-03,6.92944555E-03,6.90728193E-03,6.89967070E-03,6.89280499E-03,6.88516675E-03,6.92399405E-03,6.95451582E-03,6.97030267E-03,6.99729379E-03,7.04565737E-03,7.09140161E-03,7.23721366E-03,7.44268578E-03,7.74176838E-03,8.18345696E-03,8.62985943E-03,9.04706493E-03,9.45680216E-03,9.92461946E-03,1.04029477E-02,1.09485332E-02,1.15455193E-02,1.21615725E-02,1.27740270E-02,1.34775285E-02,1.42241586E-02,1.49577996E-02,1.51978116E-02,1.48599632E-02,1.44024258E-02,1.43141998E-02,1.46772405E-02,1.51986647E-02,1.56610552E-02,1.58341788E-02,1.57854035E-02,1.54677862E-02,1.50076924E-02,1.44096045E-02,1.38421915E-02,1.33126006E-02,1.28152985E-02,1.23671889E-02,1.19606657E-02,1.16088120E-02,1.13225952E-02,1.10872015E-02,1.09261107E-02,1.08107785E-02,1.07782446E-02,1.08312033E-02,1.10076135E-02,1.12646306E-02,1.15332548E-02,1.18815443E-02,1.21806962E-02,1.24273002E-02,1.24794450E-02,1.24812555E-02,1.22660939E-02,1.19383764E-02,1.14952279E-02,1.09686442E-02,1.03593990E-02,9.67736728E-03,9.01879556E-03,8.30486976E-03,7.59787578E-03,6.91434741E-03,6.22012606E-03,5.48768090E-03,4.83201677E-03,4.17868653E-03,3.55790276E-03,3.00916121E-03,2.48830626E-03,2.04690523E-03,1.67949300E-03,1.37138437E-03,1.12755178E-03,8.99818260E-04,7.60261493E-04,6.48074958E-04,5.64953429E-04,5.02165814E-04,4.56192269E-04,4.23205114E-04,3.94250033E-04,3.71036149E-04,3.55051016E-04,3.38183192E-04,3.25404049E-04,3.08942341E-04,3.01888358E-04,2.90607568E-04,2.86104681E-04,2.80902197E-04,2.77374522E-04,2.65893992E-04,2.57981621E-04,2.57918320E-04,2.49224337E-04,2.53226841E-04,2.45017465E-04,2.47699325E-04,2.44010473E-04,2.45694217E-04,2.43224538E-04,2.41076064E-04,2.44180846E-04,2.44897470E-04,2.42597831E-04,2.40219131E-04,2.34735227E-04,2.35829764E-04,2.38445660E-04,2.35610860E-04,2.33228682E-04,2.30917824E-04,2.27228869E-04,2.28040240E-04,2.23033363E-04,2.21769791E-04,2.22368413E-04,2.15818320E-04,2.15493055E-04,2.16422617E-04,2.11158549E-04,2.13042775E-04,2.15867287E-04,2.13811654E-04,2.18110523E-04,2.19516471E-04,2.17897090E-04,2.13152831E-04,2.21903116E-04,2.22217452E-04,2.19490888E-04,2.21923867E-04,2.25809403E-04,2.25060998E-04,2.17927998E-04,2.20706032E-04,2.16948465E-04,2.08756901E-04,2.03430114E-04,1.94918553E-04,1.80412724E-04,1.68369836E-04,1.56949551E-04,1.37388837E-04,1.15617440E-04,9.81483026E-05,8.23324081E-05,6.54133473E-05,5.81569875E-05,4.46429658E-05,3.37746133E-05,2.57309821E-05,1.95314333E-05,1.96037436E-05,1.14850172E-05,1.18094522E-05,6.31931971E-06,6.76657328E-06,7.77634250E-06,5.85021917E-06,2.86706495E-06,4.94204778E-06,4.22243966E-06,5.81124186E-06,6.07857160E-08,3.66296445E-06,5.18858951E-06,-1.20E-06,3.76885146E-06,6.11546784E-06,4.48545688E-06,4.90901675E-06,4.89271542E-06,-1.34E-06,7.78251342E-06,2.05309584E-06,1.59270201E-06,7.06951937E-07,1.10691899E-05,6.41437327E-06,5.80662618E-06,6.55920530E-07,8.38255528E-06,6.58695762E-06,3.12627503E-06,1.22915044E-05,5.74038995E-06,6.72120632E-06,1.08072254E-05,1.16159899E-05,7.90044032E-06,1.00421994E-05,1.19159395E-05,1.03754464E-05,1.11787949E-05,3.70510497E-06,5.90170066E-06,1.12101852E-05,1.11060917E-05,1.12376720E-05,7.08408106E-06,1.11629952E-05,1.45394197E-05,2.01012408E-05,1.98373928E-05,1.64788744E-05,1.50849337E-05,2.02783413E-05,1.80681327E-05,1.38002069E-05,2.03093587E-05,1.27884450E-05,1.86670968E-05,1.73699555E-05,1.78968330E-05,2.19882986E-05,1.67042326E-05,1.06611296E-05,1.46183156E-05,1.29407490E-05,1.63969362E-05,1.92269890E-05,1.03080811E-05,1.62272590E-05,1.39013457E-06,2.63155925E-06,5.26459098E-06,3.99353485E-06,1.27137650E-06,3.66659094E-07,2.14704232E-06,4.28935255E-06,2.47025582E-06,-3.50E-06,-1.42E-06,2.06090363E-07,2.54353222E-06,-8.14E-06,4.08534470E-06,-3.98E-06,-7.27E-06,-4.04E-06,-1.66E-06,6.90189654E-06,-5.00E-06,6.31854505E-07,7.11934308E-06,8.03997500E-06,7.65249661E-06,-1.81E-06,-1.03E-06,-1.45E-05,4.82216228E-06,8.13454972E-06,-5.91E-06,-6.19E-06,INT SYNC:059.94[Hz],DOUBLE FRAME,NORMAL,STANDARD DARK,ONE,CIE1931 (2°),1°,100,0.33333333,0.33333333,NONE,1,66733,1826519,OFF,TRUE,2024/03/25,16:49:00,OK00,----,----,----,CS-3000HDR,3001075,1.00.0008
65,2.11492103E+03,3.87576979E+03,3.36073212E+02,3.87576979E+03,0.33428164,0.61259908,0.13809545,0.56941081,5505.94488,0.09209792,554.587169,85.0693471,376.56416,-309.365374,377.258108,6.99982905E+00,553,6.30256454E-06,-3.89E-05,2.69212842E-06,-8.14E-06,6.90918114E-06,5.32194963E-06,3.75116833E-05,-6.12E-06,-1.82E-05,4.64131199E-06,1.62489432E-05,2.75143466E-05,-1.39E-05,2.86514569E-06,-4.04E-06,1.00464533E-07,-1.93E-05,-2.33E-05,3.62083301E-05,-3.06E-05,-1.92E-05,-7.36E-06,3.18448429E-06,-2.33E-05,-3.73E-06,-2.03E-05,-3.21E-06,-5.74E-06,-1.45E-05,-2.09E-05,2.78440239E-05,5.07083723E-06,2.18017849E-05,2.09975087E-06,-1.11E-05,1.87848727E-05,8.17521959E-06,1.38816704E-05,7.00823648E-07,4.79979190E-06,1.64055073E-05,-9.34E-06,1.73465251E-05,2.75949387E-05,3.05748881E-06,1.03620878E-05,-2.09E-06,-3.95E-06,5.85315229E-06,1.61077114E-05,1.26466750E-06,-9.82E-06,3.64220905E-05,9.50507001E-06,1.75177684E-05,-7.45E-07,1.38545338E-05,9.97946336E-06,1.32765745E-05,2.56829771E-05,7.81039216E-06,2.11189490E-05,6.93593574E-06,8.34409639E-06,9.60863053E-06,3.57070276E-05,3.98352095E-05,3.32687450E-05,4.26276602E-05,6.98053773E-05,4.20861725E-05,4.93092557E-05,6.60432343E-05,7.90034028E-05,7.67862148E-05,9.89453401E-05,8.52353114E-05,1.05452047E-04,1.22972619E-04,1.26781320E-04,1.29796259E-04,1.38200980E-04,1.65611142E-04,1.77178110E-04,2.07372228E-04,2.18489469E-04,2.65480077E-04,3.40554368E-04,4.34144284E-04,5.84487570E-04,7.36470858E-04,9.54088755E-04,1.28661306E-03,1.68022746E-03,2.13652267E-03,2.70420569E-03,3.34608532E-03,4.12256736E-03,5.01253642E-03,6.01662928E-03,7.25749414E-03,8.73841811E-03,1.05808368E-02,1.25153726E-02,1.47751374E-02,1.72062218E-02,2.00301632E-02,2.26437673E-02,2.52221227E-02,2.76685096E-02,2.99286116E-02,3.22626904E-02,3.41472626E-02,3.58667821E-02,3.74851190E-02,3.90113108E-02,4.08324450E-02,4.25826274E-02,4.42056768E-02,4.51261550E-02,4.54881713E-02,4.51979488E-02,4.48102169E-02,4.41702046E-02,4.35669422E-02,4.34940234E-02,4.32970822E-02,4.33866121E-02,4.36583869E-02,4.39002700E-02,4.40797433E-02,4.43278253E-02,4.44138646E-02,4.46986817E-02,4.50541526E-02,4.50447500E-02,4.53441553E-02,4.54656295E-02,4.55115400E-02,4.54475433E-02,4.54288945E-02,4.54114825E-02,4.53685336E-02,4.54273708E-02,4.55487147E-02,4.56605405E-02,4.58062291E-02,4.61531542E-02,4.67581078E-02,4.77221049E-02,4.91967574E-02,5.08799441E-02,5.34275435E-02,5.58985807E-02,5.86383007E-02,6.13564625E-02,6.44326583E-02,6.76346868E-02,7.13601410E-02,7.53788278E-02,7.90364295E-02,8.33567008E-02,8.78212601E-02,9.33944955E-02,9.85751599E-02,1.00560941E-01,9.90854204E-02,9.68113467E-02,9.67228860E-02,1.00131720E-01,1.05000816E-01,1.09289818E-01,1.11919731E-01,1.12673759E-01,1.11760981E-01,1.09352790E-01,1.06047548E-01,1.02272026E-01,9.84854624E-02,9.49886292E-02,9.19038132E-02,8.89638364E-02,8.63211676E-02,8.41354132E-02,8.22749212E-02,8.08535889E-02,7.94262439E-02,7.86579549E-02,7.86639005E-02,7.96388611E-02,8.11652839E-02,8.36536437E-02,8.63315612E-02,8.90141949E-02,9.11411569E-02,9.23291370E-02,9.26021636E-02,9.13289115E-02,8.95343199E-02,8.64793658E-02,8.26971754E-02,7.82498196E-02,7.29595646E-02,6.75836056E-02,6.17112927E-02,5.58022968E-02,4.96723987E-02,4.36541028E-02,3.74494568E-02,3.19297463E-02,2.68173218E-02,2.21098270E-02,1.78773366E-02,1.40366750E-02,1.09863821E-02,8.52196012E-03,6.52563572E-03,4.90510650E-03,3.74662061E-03,2.86622555E-03,2.25286651E-03,1.81418005E-03,1.54713006E-03,1.32605270E-03,1.20885845E-03,1.11412944E-03,1.05940457E-03,1.00039504E-03,9.69141664E-04,9.13069642E-04,9.06728674E-04,8.99053353E-04,8.56060477E-04,8.39961052E-04,8.46201321E-04,8.14799743E-04,8.08027922E-04,7.94691383E-04,7.78895395E-04,7.43917248E-04,7.62112264E-04,7.34330621E-04,7.36100425E-04,7.11051398E-04,7.16038980E-04,6.87307445E-04,6.84165745E-04,6.61611150E-04,6.75285293E-04,6.55407726E-04,6.38513069E-04,6.37504854E-04,6.16882637E-04,5.89496456E-04,5.89836040E-04,5.78080013E-04,5.83471323E-04,5.93515520E-04,5.46736526E-04,5.61498455E-04,5.49670483E-04,5.37334883E-04,5.24790084E-04,5.21505484E-04,4.88729682E-04,4.95153770E-04,4.81442956E-04,4.86711215E-04,4.83722368E-04,4.84588847E-04,4.63238481E-04,4.79063310E-04,4.53963119E-04,4.64667624E-04,4.71292442E-04,4.62788041E-04,4.74113564E-04,4.65027842E-04,4.64997633E-04,4.49003652E-04,4.61545133E-04,4.51831031E-04,4.39519063E-04,4.26708983E-04,4.27541672E-04,3.70424968E-04,3.53235402E-04,3.12071556E-04,2.82763038E-04,2.52234662E-04,1.97344576E-04,1.97168105E-04,1.27953012E-04,1.04289044E-04,7.77602036E-05,6.83188919E-05,6.86722196E-05,5.23510134E-05,4.19289936E-05,3.10382493E-05,3.05109643E-05,-9.35E-06,2.49271693E-06,-8.96E-07,7.20644039E-07,2.04243988E-05,1.55103080E-05,3.59041064E-06,2.20501115E-05,-3.44E-07,1.72411001E-05,2.01222210E-05,-1.08E-05,2.15995733E-05,5.43695523E-06,1.99005844E-05,8.28747670E-06,1.24789512E-05,8.39033328E-06,5.38262293E-06,4.30317277E-06,7.32797571E-06,1.31186687E-06,9.61610203E-06,9.39598431E-06,1.06713896E-05,-4.93E-06,-3.36E-07,1.78482901E-06,6.46261742E-06,-1.63E-05,-2.81E-06,-1.21E-06,-6.46E-06,1.51221045E-07,1.44004189E-05,2.30802812E-06,7.71213490E-06,1.07283977E-05,1.18532162E-05,-1.13E-05,1.08779132E-05,2.25551466E-05,1.86663638E-05,-4.57E-06,5.55494880E-05,3.54615877E-05,1.62819779E-05,1.06210819E-05,1.44892783E-05,1.46563380E-05,1.54723330E-05,4.16510702E-05,2.71432018E-05,2.88666688E-05,9.66591051E-06,4.96190951E-05,1.83137690E-05,1.89658604E-05,8.00001999E-06,2.41786020E-05,-2.08E-05,1.61634125E-05,-1.35E-05,-2.01E-05,3.16700534E-05,7.39961615E-05,5.73510761E-06,3.70095877E-05,3.67464636E-05,2.94074362E-05,-3.25E-05,-1.08E-05,4.56526186E-06,-9.43E-06,-2.46E-05,7.95457163E-05,1.03601633E-05,-1.39E-05,2.34044892E-05,1.03541481E-06,9.95256923E-05,7.83224896E-05,-5.62E-06,-4.10E-05,3.58139805E-05,-2.90E-05,4.21013056E-06,-6.69E-06,5.72165955E-05,-6.74E-05,7.61531192E-05,5.20731301E-05,-2.02E-05,2.30950172E-05,4.95241075E-05,-3.44E-05,-5.31E-05,8.12132203E-05,1.71317752E-05,3.77535798E-05,INT SYNC:059.94[Hz],DOUBLE FRAME,NORMAL,STANDARD DARK,TWO,CIE1931 (2°),1°,100,0.33333333,0.33333333,NONE,1,300300,2291432,OFF,TRUE,2024/03/25,16:49:05,OK00,----,----,----,CS-3000HDR,3001075,1.00.0008
66,3.87246127E+02,7.29168438E+02,7.66481785E+01,7.29168438E+02,0.32458153,0.61117359,0.13405646,0.56795124,5656.31337,0.09449459,552.939453,81.8545089,208.940303,-184.396655,204.794599,1.34667612E+00,552,4.32037677E-06,2.58406635E-06,-1.42E-06,2.14962165E-06,1.49604671E-06,-7.46E-06,-2.15E-07,1.68457666E-06,-6.46E-06,-3.39E-07,4.24962394E-07,1.32372670E-05,-1.68E-06,3.13821647E-06,7.43773899E-06,-3.03E-06,-2.68E-06,-1.61E-06,-2.22E-06,3.20985509E-06,-1.04E-06,8.78655371E-08,2.85285955E-06,-1.83E-08,-3.98E-07,-3.20E-06,-6.85E-07,9.72522002E-07,-3.04E-07,2.39738210E-06,-4.43E-06,-3.55E-06,1.69530938E-06,-2.76E-06,4.83238364E-06,1.45134595E-06,5.21685433E-06,3.37148890E-06,-6.93E-07,-3.33E-06,1.99019200E-06,3.21956372E-06,-1.42E-06,2.02532487E-06,-2.44E-07,3.23016275E-06,-1.39E-06,3.81894733E-06,-5.70E-07,-2.07E-06,-3.53E-06,-2.46E-06,4.54342717E-06,1.85189231E-06,4.68578946E-06,9.47825640E-07,2.69161319E-06,8.79874904E-07,-1.85E-06,6.10991947E-06,-1.85E-06,1.17625023E-05,1.22750780E-05,1.59170959E-05,2.76208575E-05,3.31463489E-05,4.80296949E-05,6.77993594E-05,8.42381050E-05,1.00595542E-04,1.23949896E-04,1.49648549E-04,1.69531020E-04,1.95173343E-04,2.15046210E-04,2.34581312E-04,2.56039959E-04,2.71310768E-04,2.76104256E-04,2.84176407E-04,2.80174339E-04,2.78843363E-04,2.77130515E-04,2.70743505E-04,2.72935606E-04,2.83833884E-04,3.00541142E-04,3.19419458E-04,3.48369940E-04,3.77210206E-04,4.14903916E-04,4.66816826E-04,5.20342670E-04,6.01273437E-04,6.80910482E-04,7.85842887E-04,8.95632547E-04,1.03338528E-03,1.19993137E-03,1.38676690E-03,1.62816013E-03,1.90400693E-03,2.22939905E-03,2.59743305E-03,2.99035478E-03,3.44944955E-03,3.93166533E-03,4.39909846E-03,4.85031027E-03,5.30344713E-03,5.74328052E-03,6.18246989E-03,6.63716393E-03,7.12465495E-03,7.56189786E-03,8.08049925E-03,8.55340995E-03,9.15427692E-03,9.68508888E-03,1.01277120E-02,1.03787873E-02,1.05113965E-02,1.04695484E-02,1.03334021E-02,1.01031829E-02,9.96293221E-03,9.79744643E-03,9.68203507E-03,9.62118246E-03,9.48830694E-03,9.40103456E-03,9.28231794E-03,9.18252673E-03,9.09489207E-03,9.06232372E-03,9.07501113E-03,9.05601587E-03,9.07470845E-03,9.01690312E-03,9.00930632E-03,8.93748738E-03,8.94872099E-03,8.97063967E-03,9.00950003E-03,9.02290177E-03,9.07011423E-03,9.10256617E-03,9.13411751E-03,9.21776611E-03,9.38396715E-03,9.66894254E-03,1.00568570E-02,1.05883507E-02,1.11325653E-02,1.17010344E-02,1.22130914E-02,1.28212236E-02,1.34648709E-02,1.42047899E-02,1.49575397E-02,1.57306977E-02,1.65808219E-02,1.74691770E-02,1.84428226E-02,1.93900894E-02,1.96749102E-02,1.93151552E-02,1.87272541E-02,1.85813960E-02,1.90737918E-02,1.98049713E-02,2.03992240E-02,2.07005404E-02,2.06190757E-02,2.02096421E-02,1.96232162E-02,1.88504122E-02,1.80939008E-02,1.73697621E-02,1.67425368E-02,1.61722898E-02,1.55916549E-02,1.51523892E-02,1.47837568E-02,1.44878449E-02,1.42800994E-02,1.41015006E-02,1.40601788E-02,1.41324354E-02,1.43817859E-02,1.46943117E-02,1.50486669E-02,1.55253829E-02,1.59522109E-02,1.62633900E-02,1.63746327E-02,1.63363311E-02,1.60403755E-02,1.56244403E-02,1.50012616E-02,1.42703019E-02,1.34372246E-02,1.24940788E-02,1.16031813E-02,1.06543209E-02,9.69389360E-03,8.73840973E-03,7.78436754E-03,6.80937804E-03,5.92835154E-03,5.07516973E-03,4.26380802E-03,3.52660054E-03,2.84426520E-03,2.28548772E-03,1.81530765E-03,1.43078412E-03,1.11287576E-03,8.67314287E-04,6.76179363E-04,5.42584807E-04,4.42867778E-04,3.73844727E-04,3.27322487E-04,3.01405875E-04,2.71986442E-04,2.53885228E-04,2.39443674E-04,2.33570710E-04,2.21976356E-04,2.09839360E-04,2.02320458E-04,1.95277491E-04,1.88172242E-04,1.83697965E-04,1.78259477E-04,1.77941867E-04,1.72828251E-04,1.68461411E-04,1.62502605E-04,1.65898455E-04,1.58977346E-04,1.57811111E-04,1.56306589E-04,1.53709756E-04,1.50005231E-04,1.48913925E-04,1.50265172E-04,1.48731662E-04,1.46505859E-04,1.48011299E-04,1.42705510E-04,1.47019804E-04,1.44874328E-04,1.41555545E-04,1.39620606E-04,1.40213102E-04,1.41132579E-04,1.37144321E-04,1.39734446E-04,1.36818504E-04,1.37669747E-04,1.34734611E-04,1.28278014E-04,1.33050795E-04,1.31486959E-04,1.32152651E-04,1.32865811E-04,1.31478257E-04,1.37121693E-04,1.39559765E-04,1.31376903E-04,1.35177092E-04,1.37327428E-04,1.37989264E-04,1.44930818E-04,1.45033744E-04,1.44349193E-04,1.42102028E-04,1.43459809E-04,1.45361060E-04,1.45365499E-04,1.41073746E-04,1.38103176E-04,1.26306855E-04,1.20054363E-04,1.15313305E-04,1.00578276E-04,8.80339212E-05,7.66388621E-05,6.46491681E-05,5.09634483E-05,4.23510137E-05,3.70313574E-05,2.93669091E-05,2.41567159E-05,2.01353614E-05,1.45565919E-05,1.07541946E-05,9.40268001E-06,1.09324883E-05,5.73589205E-06,5.24962434E-06,4.45540172E-06,1.85362683E-06,4.23290248E-06,3.25775613E-06,2.32272328E-06,4.85850160E-06,3.79821881E-06,4.94651931E-06,3.27217185E-06,1.76004835E-06,3.24080111E-06,6.64518166E-06,5.29826411E-06,2.49773007E-06,6.32739238E-06,9.98571977E-07,-5.29E-07,3.31258047E-06,1.46157254E-06,3.24257508E-06,5.88186231E-06,6.70656391E-06,4.65202720E-06,8.41558631E-06,6.17348496E-06,5.41036479E-06,9.74240083E-06,2.68335339E-06,2.80276822E-06,7.82845927E-06,5.52088750E-06,4.52162749E-06,6.66420829E-06,8.10695656E-06,1.18518792E-05,6.20712080E-06,6.98302165E-06,1.05027621E-05,1.28161955E-05,1.46257889E-05,8.62471825E-06,1.68427141E-05,1.70251296E-05,1.67675771E-05,1.01487130E-05,1.09102384E-05,1.53622514E-05,1.80011721E-05,1.66178197E-05,1.55675571E-05,1.93293254E-05,2.17891466E-05,1.91580129E-05,1.50858496E-05,2.15731452E-05,2.01041221E-05,1.62036813E-05,1.77983547E-05,1.91975414E-05,1.56395272E-05,1.60031741E-05,1.04211240E-05,2.04569424E-05,1.21506200E-05,7.34504283E-06,8.70503209E-06,9.08725178E-06,4.05077344E-06,-2.08E-07,1.24343546E-06,4.60371939E-06,-1.70E-06,1.09404873E-05,-1.48E-06,6.42886380E-06,-2.31E-06,7.23872688E-07,1.76874562E-06,8.14952455E-06,8.70178337E-06,1.03077264E-05,8.93189645E-06,1.06688531E-05,5.01993691E-06,-3.72E-06,1.60589968E-06,1.57270842E-05,2.03159470E-06,4.04518823E-06,1.18756352E-05,1.14284394E-05,-3.65E-06,-2.97E-07,-1.42E-06,2.56713952E-06,1.39100155E-06,-2.46E-06,-3.82E-06,INT SYNC:059.94[Hz],DOUBLE FRAME,NORMAL,STANDARD DARK,ONE,CIE1931 (2°),1°,100,0.33333333,0.33333333,NONE,1,66733,1818088,OFF,TRUE,2024/03/25,16:49:09,OK00,----,----,----,CS-3000HDR,3001075,1.00.0008
67,2.11574568E+03,3.87767959E+03,3.36129749E+02,3.87767959E+03,0.33426452,0.61263068,0.13808248,0.56941587,5506.21072,0.09210985,554.584335,85.0740146,376.628628,-309.463562,377.352462,7.00344101E+00,553,6.16537654E-05,-3.23E-05,-3.76E-05,1.65105284E-05,3.82028702E-05,-2.48E-05,1.59187457E-05,-2.17E-05,1.11089093E-05,1.31635643E-05,-6.35E-06,1.49408606E-05,2.74843660E-06,-5.72E-06,1.24202024E-05,-5.17E-05,-5.56E-06,2.86200648E-05,2.69453867E-05,-7.91E-06,3.21124171E-05,4.12034460E-05,2.94583560E-06,-4.51E-06,2.04012758E-06,1.28211641E-05,-3.17E-06,-2.17E-06,1.20812319E-05,-2.61E-06,2.80133754E-05,1.95115772E-05,8.39615495E-06,9.71782174E-06,2.56803178E-05,2.43367995E-05,6.20656465E-06,2.65601921E-05,-3.97E-06,4.98609734E-06,1.90615046E-05,6.52667325E-07,1.34415241E-05,2.51224105E-06,-1.70E-05,-6.77E-06,3.92650492E-07,4.30746222E-05,1.12229327E-05,1.50894730E-05,8.27958593E-06,9.07727281E-06,7.86699093E-06,4.38756297E-06,-9.03E-06,-8.31E-07,1.48504478E-05,1.41369710E-05,4.89747572E-06,3.36998232E-06,2.77634954E-05,1.55886949E-06,1.63259974E-05,1.55519392E-05,-6.44E-06,1.88189479E-05,3.73382136E-05,3.65704072E-05,6.87150023E-05,6.25833418E-05,3.97368749E-05,8.35946485E-05,6.87827414E-05,6.14346063E-05,1.03200509E-04,9.84347571E-05,9.14694901E-05,1.02988728E-04,1.27571227E-04,1.21426463E-04,1.16923104E-04,1.55585716E-04,1.40015589E-04,1.53072455E-04,1.92549036E-04,2.24759191E-04,2.71110854E-04,3.33743985E-04,4.36555332E-04,5.73873927E-04,7.73138832E-04,1.00191426E-03,1.25316356E-03,1.70230819E-03,2.10827100E-03,2.71526095E-03,3.34811932E-03,4.04816074E-03,5.03789773E-03,6.01369841E-03,7.23845232E-03,8.71750060E-03,1.04997698E-02,1.25439009E-02,1.47931920E-02,1.72498729E-02,2.00096294E-02,2.26020087E-02,2.51570139E-02,2.76183914E-02,3.00119258E-02,3.22552994E-02,3.41610871E-02,3.59395817E-02,3.74474600E-02,3.91339101E-02,4.07739468E-02,4.25181501E-02,4.41112816E-02,4.52542044E-02,4.55544628E-02,4.52853702E-02,4.47524823E-02,4.42325212E-02,4.36852649E-02,4.33493704E-02,4.34177183E-02,4.35516872E-02,4.37646434E-02,4.39142995E-02,4.41302508E-02,4.42361832E-02,4.45132516E-02,4.47847322E-02,4.49533910E-02,4.51245159E-02,4.53840457E-02,4.54853140E-02,4.53839526E-02,4.53917608E-02,4.53759804E-02,4.54922169E-02,4.53904830E-02,4.54501919E-02,4.54119332E-02,4.56217341E-02,4.58469056E-02,4.63286713E-02,4.68108915E-02,4.77238968E-02,4.91269603E-02,5.11470549E-02,5.35926744E-02,5.61881624E-02,5.87197170E-02,6.15193546E-02,6.42846152E-02,6.78027347E-02,7.15489015E-02,7.54240155E-02,7.93092623E-02,8.33283961E-02,8.78700018E-02,9.33478475E-02,9.85694453E-02,1.00669213E-01,9.90425572E-02,9.70013365E-02,9.68231335E-02,1.00155398E-01,1.04809813E-01,1.09042645E-01,1.12034217E-01,1.12822562E-01,1.11758947E-01,1.09359697E-01,1.05914965E-01,1.02495134E-01,9.85871851E-02,9.51358676E-02,9.19401497E-02,8.89623761E-02,8.62623230E-02,8.41454268E-02,8.22470337E-02,8.09516236E-02,7.93296248E-02,7.87629783E-02,7.87051842E-02,7.96142742E-02,8.12927783E-02,8.35486501E-02,8.65258202E-02,8.91585872E-02,9.12978724E-02,9.24111456E-02,9.25454944E-02,9.13230479E-02,8.95307213E-02,8.64578485E-02,8.26905221E-02,7.81955495E-02,7.29148164E-02,6.75911680E-02,6.17644824E-02,5.58560342E-02,4.96271700E-02,4.35742065E-02,3.74697484E-02,3.19428444E-02,2.68695727E-02,2.21067015E-02,1.79230161E-02,1.40250931E-02,1.10502047E-02,8.52536410E-03,6.51538186E-03,4.96894959E-03,3.74644576E-03,2.86437315E-03,2.25691427E-03,1.82022550E-03,1.53888424E-03,1.36187999E-03,1.20344665E-03,1.11872971E-03,1.06038305E-03,1.00323255E-03,9.63108556E-04,9.34064970E-04,9.04420041E-04,8.70299235E-04,8.65339767E-04,8.45873088E-04,8.27969285E-04,8.24534742E-04,8.03008734E-04,7.77606561E-04,7.75535067E-04,7.69937586E-04,7.27834471E-04,7.38839561E-04,7.23712437E-04,7.23338861E-04,7.13952351E-04,6.86427520E-04,6.80250756E-04,6.75930060E-04,6.64710184E-04,6.48771995E-04,6.46690605E-04,6.41674385E-04,6.08870876E-04,6.04853383E-04,5.81135449E-04,5.83621615E-04,5.83306362E-04,5.70141361E-04,5.70139789E-04,5.51090809E-04,5.26329502E-04,5.41243411E-04,5.29003853E-04,5.13800129E-04,4.91914980E-04,5.02624724E-04,4.85224853E-04,4.90936276E-04,4.77919151E-04,4.94866108E-04,4.77167632E-04,4.83619311E-04,4.66601807E-04,4.63161909E-04,4.65401914E-04,4.69945604E-04,4.76781366E-04,4.50583961E-04,4.91240411E-04,4.49501298E-04,4.77410562E-04,4.55745903E-04,4.19869961E-04,4.29516978E-04,3.88553774E-04,3.81577207E-04,3.48214409E-04,3.15162179E-04,2.74018792E-04,2.32150051E-04,1.82265809E-04,1.75631372E-04,1.34504531E-04,1.12644666E-04,7.43865603E-05,7.17235016E-05,7.07129657E-05,3.49644506E-05,3.62373466E-05,2.84446105E-05,3.18757520E-05,2.00071900E-05,6.78723154E-06,2.57899628E-05,8.87857368E-06,-9.08E-06,3.31637739E-06,-3.56E-06,8.26773157E-06,-1.84E-06,1.11181198E-05,1.58232342E-05,7.99886220E-06,8.75843853E-06,1.31718953E-05,-5.01E-07,-2.78E-06,1.31975148E-05,2.17164106E-05,8.09245194E-06,1.05729550E-05,1.45992772E-05,2.68135977E-06,1.01180967E-05,2.51932361E-05,-3.90E-07,-9.72E-07,2.21255118E-06,-1.44E-05,-1.27E-06,2.02129158E-05,3.77080187E-06,4.55851750E-06,1.93571104E-05,2.67849700E-05,3.81370010E-05,1.38782088E-05,1.76323938E-05,3.11523254E-05,6.06115691E-07,-1.90E-06,1.73537665E-05,-1.54E-05,-3.01E-07,6.42659415E-06,4.90957791E-05,2.34121162E-05,1.59348001E-05,1.37187390E-05,1.39255235E-05,9.16740100E-06,3.16124278E-05,2.27972341E-05,3.92534857E-05,1.21056983E-05,4.28408093E-05,-1.05E-05,3.16202131E-05,3.45383560E-05,3.99742748E-05,6.64974432E-05,1.48430872E-05,2.11723309E-05,4.20139149E-05,-1.71E-05,4.54525216E-05,-2.79E-05,2.00261784E-05,6.08003438E-06,4.78644397E-05,3.40662264E-05,3.62772917E-05,2.25158374E-06,-3.10E-05,-8.52E-06,-6.70E-07,2.92199802E-05,7.67310194E-05,-3.18E-05,6.83054895E-06,1.56732021E-05,5.26302865E-05,-2.90E-05,-5.44E-05,-2.21E-05,1.08125932E-05,6.01278225E-05,-2.85E-05,-2.03E-05,5.51093217E-05,6.07344809E-05,-8.75E-06,-2.99E-05,-8.98E-07,3.11686745E-05,-6.56E-06,-9.77E-06,1.71379506E-05,3.95602656E-05,1.77876063E-05,7.26077415E-05,INT SYNC:059.94[Hz],DOUBLE FRAME,NORMAL,STANDARD DARK,TWO,CIE1931 (2°),1°,100,0.33333333,0.33333333,NONE,1,300300,2292801,OFF,TRUE,2024/03/25,16:49:14,OK00,----,----,----,CS-3000HDR,3001075,1.00.0008
68,4.82578256E+02,9.15485607E+02,9.16457859E+01,9.15485607E+02,0.32394115,0.61453962,0.13321875,0.56863246,5665.42755,0.09542585,552.844857,82.6943056,226.665757,-201.032991,224.121433,1.68039218E+00,552,1.38734749E-05,5.26827898E-06,-6.67E-08,1.50669564E-06,1.96054839E-06,-6.66E-06,1.32269452E-05,-4.26E-06,7.08683729E-06,1.40655338E-05,-6.31E-07,4.23788106E-06,-3.05E-06,-1.73E-06,5.29090812E-06,9.63887214E-06,1.64995498E-07,-4.88E-06,5.81236554E-06,-1.35E-06,6.46799845E-06,1.05307809E-05,1.61432752E-06,2.20353263E-06,1.32667274E-05,1.00057314E-05,-5.89E-07,3.24796861E-06,5.87692102E-06,1.56444298E-06,1.26712189E-06,4.36615693E-07,1.40487475E-06,6.68854955E-06,6.19604407E-06,3.67237521E-06,4.48379933E-06,1.01741352E-05,7.01096405E-06,1.14611953E-06,-3.31E-06,6.15504041E-06,3.60012541E-06,1.86920545E-06,4.79967639E-06,4.69282531E-06,4.98562395E-06,5.47699130E-07,-3.66E-06,2.87639978E-06,2.99526482E-06,-3.46E-07,3.91856247E-06,3.24017918E-07,1.62044876E-06,4.25512508E-06,5.73770421E-06,2.85951864E-06,3.86191869E-06,8.23368737E-06,2.31204581E-06,3.83045790E-06,1.35791588E-05,1.44478290E-05,1.97292920E-05,3.47461573E-05,3.58307188E-05,4.39891446E-05,6.59117068E-05,7.73738211E-05,8.86958878E-05,1.04958744E-04,1.29154461E-04,1.40740885E-04,1.49262836E-04,1.63804158E-04,1.80299729E-04,1.88331323E-04,1.95677829E-04,2.01621529E-04,1.92299049E-04,1.93674801E-04,1.90906649E-04,1.87289857E-04,1.97237241E-04,2.07815712E-04,2.18680434E-04,2.37312706E-04,2.57146748E-04,3.05624737E-04,3.49885493E-04,4.13448346E-04,4.80614632E-04,5.88872936E-04,6.98019867E-04,8.32461170E-04,9.99595155E-04,1.17974926E-03,1.41412916E-03,1.67169201E-03,1.97217357E-03,2.32191826E-03,2.75701052E-03,3.24070547E-03,3.76440329E-03,4.33423929E-03,4.98141069E-03,5.56287775E-03,6.12870278E-03,6.67660218E-03,7.24152941E-03,7.80666992E-03,8.34455248E-03,8.87779333E-03,9.44436900E-03,1.00887315E-02,1.06696263E-02,1.13422666E-02,1.20067885E-02,1.24847852E-02,1.28435586E-02,1.29552251E-02,1.29698655E-02,1.28635215E-02,1.26099009E-02,1.24430237E-02,1.22803701E-02,1.21854460E-02,1.20477900E-02,1.19820908E-02,1.18327700E-02,1.17076412E-02,1.16019323E-02,1.15081519E-02,1.14231771E-02,1.14134690E-02,1.14477389E-02,1.14037432E-02,1.13745891E-02,1.13277519E-02,1.12778712E-02,1.13035897E-02,1.12576019E-02,1.12755354E-02,1.13247586E-02,1.13738766E-02,1.14137679E-02,1.14863785E-02,1.15779797E-02,1.17695685E-02,1.21348854E-02,1.26143936E-02,1.32341832E-02,1.39712440E-02,1.46240527E-02,1.53173637E-02,1.60734169E-02,1.69209968E-02,1.78039744E-02,1.87531859E-02,1.97001044E-02,2.07325201E-02,2.18453538E-02,2.31536403E-02,2.43837237E-02,2.47775447E-02,2.43343171E-02,2.36084536E-02,2.34700125E-02,2.40887944E-02,2.50456687E-02,2.58231182E-02,2.61988435E-02,2.61203330E-02,2.56064814E-02,2.48373374E-02,2.38314252E-02,2.28999052E-02,2.19721552E-02,2.11175364E-02,2.04267316E-02,1.97262112E-02,1.91699471E-02,1.86623465E-02,1.82634797E-02,1.79888885E-02,1.78043023E-02,1.77136287E-02,1.78372115E-02,1.81280021E-02,1.85592789E-02,1.90763958E-02,1.96980219E-02,2.02163495E-02,2.05993038E-02,2.07856689E-02,2.06672270E-02,2.03444306E-02,1.97716597E-02,1.89912524E-02,1.80705152E-02,1.69630237E-02,1.57703441E-02,1.45691708E-02,1.33478018E-02,1.20932050E-02,1.08481906E-02,9.61669441E-03,8.35744664E-03,7.20575172E-03,6.12166524E-03,5.11492277E-03,4.18236153E-03,3.32428073E-03,2.61870492E-03,2.04104604E-03,1.56525197E-03,1.17626088E-03,8.66260671E-04,6.56527700E-04,4.89809492E-04,3.80398851E-04,3.06118396E-04,2.58436223E-04,2.17636087E-04,1.98809008E-04,1.84317396E-04,1.68548882E-04,1.61408258E-04,1.55626243E-04,1.49417843E-04,1.47037514E-04,1.35533875E-04,1.31952518E-04,1.28287327E-04,1.25150982E-04,1.16171446E-04,1.15107228E-04,1.11676629E-04,1.10532063E-04,1.08842782E-04,1.03985170E-04,1.02660189E-04,1.00386897E-04,1.01563201E-04,9.41151302E-05,9.56364602E-05,9.42624902E-05,9.25948625E-05,9.18406076E-05,8.83051252E-05,8.83260873E-05,8.85757399E-05,8.48476775E-05,8.42287700E-05,8.11119171E-05,8.44660608E-05,8.17255859E-05,8.21373033E-05,7.83601645E-05,8.09705525E-05,7.82279021E-05,7.89219121E-05,7.80803020E-05,7.73849533E-05,8.04813681E-05,7.62952841E-05,7.79803231E-05,7.97027460E-05,8.20574205E-05,8.11881036E-05,8.64705944E-05,7.93534200E-05,8.49490316E-05,8.56639745E-05,8.74621473E-05,8.37045736E-05,8.69207070E-05,9.25158893E-05,9.06965070E-05,9.22577892E-05,9.16330682E-05,8.41315341E-05,8.57729028E-05,8.70163858E-05,7.64459983E-05,6.82756654E-05,6.50162474E-05,5.36464067E-05,4.62723765E-05,4.27353516E-05,3.56245255E-05,2.81919165E-05,2.84303860E-05,2.03497129E-05,1.61976423E-05,1.69557006E-05,1.53972414E-05,9.81558060E-06,1.03521161E-05,7.91595266E-06,7.80308528E-06,7.90109698E-06,9.24202141E-06,7.55016254E-06,5.90007494E-06,6.17037449E-06,4.75021579E-06,6.19049342E-06,8.98710459E-06,2.63062520E-06,1.58834234E-06,2.54937049E-06,2.87302578E-06,1.06900225E-05,8.38520373E-06,4.74980027E-07,5.86938313E-07,1.71547742E-06,6.57136798E-06,7.06354467E-06,5.83152769E-06,5.30769921E-06,5.16049386E-06,6.94491860E-07,9.31421800E-06,1.91070967E-06,2.88027564E-07,2.89606464E-06,1.28815518E-05,2.85749411E-06,1.16681731E-05,1.07775868E-05,8.19880097E-06,9.91707657E-06,1.93615142E-05,1.19051901E-05,2.02595111E-05,8.58263866E-06,1.21897192E-05,9.14549310E-06,4.38184406E-06,1.17954060E-05,1.38238283E-05,1.53643377E-05,2.16376338E-05,2.20855272E-05,1.29568080E-05,1.81813593E-05,2.33457831E-05,1.47843120E-05,1.29778527E-05,1.98851849E-05,3.36481680E-05,3.00796200E-05,1.29944801E-05,2.82027013E-05,1.53792807E-05,2.28392546E-05,2.51868842E-05,2.98579216E-05,2.43299219E-05,2.13541844E-05,1.97352711E-05,1.09000766E-05,2.59647186E-05,1.60807613E-05,1.42590961E-05,2.14274187E-05,2.22699327E-06,9.86260511E-06,1.16263000E-05,1.62933502E-05,1.17878953E-05,-1.07E-06,3.14529916E-06,9.16031149E-06,1.05463514E-05,-2.17E-06,7.64593005E-06,9.12753057E-06,9.68908171E-06,1.25733968E-05,1.76599769E-05,1.21288558E-05,4.75908928E-06,1.59010524E-05,-6.54E-06,8.32953356E-06,1.06076741E-05,-9.40E-06,4.60179399E-06,-9.71E-06,-2.60E-06,-2.60E-06,3.30734611E-06,1.28407737E-05,6.06599951E-06,-1.74E-06,5.27764951E-06,-8.31E-06,INT SYNC:059.94[Hz],DOUBLE FRAME,NORMAL,STANDARD DARK,TWO,CIE1931 (2°),1°,100,0.33333333,0.33333333,NONE,1,1301301,3303746,OFF,TRUE,2024/03/25,16:49:19,OK00,----,----,----,CS-3000HDR,3001075,1.00.0008
69,2.11570188E+03,3.87647734E+03,3.36016293E+02,3.87647734E+03,0.33432941,0.61257231,0.13812113,0.56941044,5505.20954,0.09207859,554.595046,85.0749798,376.588047,-309.298184,377.316206,7.00082861E+00,553,2.53261351E-05,4.28378225E-05,-4.40E-06,3.11584813E-06,5.80967890E-06,-1.69E-05,7.16415752E-06,-5.25E-05,-9.60E-07,2.61661480E-05,3.55138254E-05,4.35205220E-05,4.57038950E-05,2.02682604E-05,3.33365642E-05,-1.28E-05,1.81604828E-05,7.04273646E-07,2.46561576E-05,-3.37E-06,1.23606851E-05,6.94446180E-06,2.48844208E-05,3.57303975E-06,1.97856898E-05,2.94948113E-05,6.81287020E-06,-1.50E-05,-8.63E-06,3.86379943E-05,-3.05E-05,1.46476013E-05,4.96087341E-06,6.46099181E-07,6.46133140E-06,4.22061885E-06,1.54211557E-05,5.78550771E-06,1.27844569E-05,2.36001069E-05,-3.14E-06,2.40466634E-05,1.34929596E-05,1.15057783E-05,-4.89E-06,-9.34E-07,2.43904196E-05,-7.31E-06,-8.54E-06,5.99848363E-07,2.93426965E-05,-6.48E-06,1.67327289E-05,1.56550523E-05,6.67570112E-06,1.27692110E-05,-1.78E-05,7.14987345E-06,2.41253110E-05,-3.44E-06,1.99179794E-05,2.94747151E-05,3.16809710E-05,2.95146292E-05,2.08449401E-05,2.73813639E-05,6.05481400E-05,4.86188474E-05,3.37293386E-05,6.17456535E-05,5.33089660E-05,6.97239520E-05,6.43268286E-05,8.21787544E-05,1.08494452E-04,9.37450386E-05,9.33179836E-05,1.09825909E-04,1.12218739E-04,1.06924614E-04,1.23534497E-04,1.46952836E-04,1.53529865E-04,1.72354339E-04,1.82657473E-04,2.25762909E-04,2.62485060E-04,3.34693061E-04,4.23776510E-04,5.60355664E-04,7.26020546E-04,9.82317491E-04,1.25455915E-03,1.73695129E-03,2.16217921E-03,2.71480065E-03,3.35157407E-03,4.05957922E-03,5.06014097E-03,6.06447691E-03,7.23805698E-03,8.77418183E-03,1.05766971E-02,1.24854576E-02,1.47994226E-02,1.72292870E-02,1.99296810E-02,2.25773808E-02,2.51671523E-02,2.76633315E-02,3.00146639E-02,3.20866294E-02,3.40776071E-02,3.59212048E-02,3.74137424E-02,3.90939713E-02,4.07962203E-02,4.25515063E-02,4.40679751E-02,4.51405309E-02,4.55143750E-02,4.52594459E-02,4.48171459E-02,4.41872440E-02,4.35862206E-02,4.33452986E-02,4.33246754E-02,4.35148962E-02,4.36201803E-02,4.38958257E-02,4.39785682E-02,4.42060567E-02,4.43674736E-02,4.46768925E-02,4.49585989E-02,4.51452956E-02,4.53751124E-02,4.54779528E-02,4.54341769E-02,4.54635583E-02,4.53462452E-02,4.53740545E-02,4.54543866E-02,4.53254469E-02,4.54597510E-02,4.54861186E-02,4.56694253E-02,4.60725911E-02,4.67291996E-02,4.77437377E-02,4.91969362E-02,5.09094037E-02,5.33335991E-02,5.59534356E-02,5.85979074E-02,6.13401234E-02,6.42510802E-02,6.77135363E-02,7.13946149E-02,7.54131824E-02,7.93859363E-02,8.31329301E-02,8.78266692E-02,9.33063701E-02,9.84822586E-02,1.00548439E-01,9.92241502E-02,9.70181227E-02,9.69366133E-02,1.00288950E-01,1.05107620E-01,1.09164283E-01,1.12075612E-01,1.12947650E-01,1.11777790E-01,1.09535053E-01,1.05988033E-01,1.02375604E-01,9.85405743E-02,9.50414017E-02,9.17570069E-02,8.90112892E-02,8.64025280E-02,8.42164308E-02,8.22798833E-02,8.07334930E-02,7.94534609E-02,7.86560476E-02,7.87503272E-02,7.95256793E-02,8.12343284E-02,8.33875090E-02,8.63698050E-02,8.91638920E-02,9.12889540E-02,9.23277289E-02,9.25099701E-02,9.15182978E-02,8.94438997E-02,8.64758715E-02,8.27489272E-02,7.83634111E-02,7.29275122E-02,6.74757063E-02,6.17256500E-02,5.57454079E-02,4.96534631E-02,4.37260903E-02,3.75433192E-02,3.20432670E-02,2.68322825E-02,2.22288612E-02,1.79083757E-02,1.40235005E-02,1.10225324E-02,8.54105316E-03,6.51743729E-03,4.97075822E-03,3.69040552E-03,2.83699157E-03,2.24833470E-03,1.81724527E-03,1.55549194E-03,1.33990962E-03,1.21499423E-03,1.12233148E-03,1.05014478E-03,9.96156246E-04,9.59529309E-04,9.38309880E-04,9.12891526E-04,8.83396831E-04,8.77235841E-04,8.42005131E-04,8.24500516E-04,8.15574778E-04,8.19579989E-04,7.99437345E-04,7.86869787E-04,7.52173364E-04,7.40626245E-04,7.24307843E-04,7.19693373E-04,7.30906555E-04,7.02314137E-04,7.01666053E-04,6.73219212E-04,7.01844401E-04,6.76741765E-04,6.45239081E-04,6.46874832E-04,6.31229603E-04,5.81278699E-04,6.13280979E-04,5.93855220E-04,6.03520893E-04,5.83167828E-04,5.95330726E-04,5.58895001E-04,5.63636131E-04,5.34262101E-04,5.18661865E-04,5.24240138E-04,4.99152869E-04,5.07727673E-04,4.74916596E-04,4.85471101E-04,4.92914405E-04,4.87347977E-04,4.78447066E-04,4.74709115E-04,4.88252117E-04,4.85499622E-04,4.70067171E-04,4.46050952E-04,4.68621962E-04,4.88085469E-04,4.70020343E-04,4.79704438E-04,4.63275792E-04,4.57707734E-04,4.38340940E-04,4.41621145E-04,4.41962417E-04,4.03365499E-04,3.87231616E-04,3.55190074E-04,2.94734549E-04,2.70289398E-04,2.41943912E-04,1.82222750E-04,1.69912557E-04,1.39356154E-04,1.17192067E-04,9.46571890E-05,8.72290329E-05,8.20055138E-05,3.65651213E-05,3.02451717E-05,5.04117234E-05,5.00418282E-05,3.27004091E-05,4.47171333E-05,1.93037868E-05,-2.68E-06,-3.73E-06,1.58033999E-05,3.52130814E-06,2.12574560E-05,1.10091305E-05,2.37227814E-05,2.99696949E-05,-2.93E-06,2.20208199E-06,1.24916187E-05,1.71848042E-05,2.59194871E-06,-1.18E-05,-8.69E-06,-3.97E-07,-9.20E-06,-1.45E-05,3.39798862E-05,1.38519154E-05,9.57979591E-06,1.26963996E-05,1.04477195E-07,1.29384962E-05,1.96371839E-05,-1.32E-06,2.53455019E-05,1.51367408E-06,-5.89E-07,-1.96E-05,7.12441806E-06,1.50949772E-05,-3.69E-05,4.48574110E-06,2.08699839E-05,3.56871919E-06,7.44009003E-06,4.56366179E-05,4.33309287E-05,3.69745248E-05,-3.68E-06,1.55157868E-05,9.38574794E-06,1.57903269E-05,1.76259564E-05,9.72946782E-06,1.90795363E-05,-4.45E-06,2.50826888E-05,4.77369213E-06,3.49128095E-05,1.73786282E-06,-8.47E-07,4.25420076E-05,-5.74E-07,1.02050981E-05,5.40317415E-05,3.07421615E-05,2.55806935E-05,9.52050323E-06,3.57848476E-05,3.95139432E-05,5.91063108E-05,-8.51E-06,7.44473291E-05,4.47633865E-05,2.15042091E-05,-1.45E-05,2.26391567E-05,-9.09E-06,-3.36E-05,2.65990948E-05,2.13951462E-05,3.74000665E-05,2.51961719E-05,8.11193058E-06,9.47390254E-06,1.35390137E-05,2.93906887E-05,7.90329250E-06,-1.39E-05,-4.51E-07,-2.40E-05,-6.18E-06,-5.36E-05,2.77433946E-06,6.04643756E-05,-8.08E-05,3.95679126E-05,2.22949711E-05,2.46995005E-05,-3.13E-06,-2.58E-05,1.94883205E-06,-1.94E-05,1.05865756E-05,-8.81E-05,INT SYNC:059.94[Hz],DOUBLE FRAME,NORMAL,STANDARD DARK,TWO,CIE1931 (2°),1°,100,0.33333333,0.33333333,NONE,1,300300,1299436,OFF,TRUE,2024/03/25,16:49:25,OK00,----,----,----,CS-3000HDR,3001075,1.00.0008
70,5.83203170E+02,1.10812230E+03,1.08161750E+02,1.10812230E+03,0.32409409,0.61579893,0.13307907,0.56893167,5662.71234,0.0956618,552.879222,83.120051,242.615105,-214.718651,240.58861,2.02791825E+00,552,1.33954145E-05,2.71042859E-06,-2.02E-06,-8.97E-06,1.27678186E-05,3.29782210E-06,-1.13E-07,-2.53E-06,9.28743702E-07,1.62115721E-05,1.82690803E-06,-1.53E-07,8.87640726E-06,4.44196667E-06,9.45841384E-06,-1.74E-06,-7.63E-06,-1.08E-06,6.22182552E-06,7.63042135E-06,-5.43E-06,3.76190906E-06,5.06275819E-06,-1.12E-06,7.70104998E-06,1.99168596E-07,1.42787476E-05,-1.17E-06,3.54339164E-07,4.26097995E-06,4.54250812E-06,-8.41E-08,9.32135845E-06,2.69610427E-06,7.34722789E-06,-1.98E-07,2.76992182E-06,8.72348846E-06,3.12168390E-06,-1.12E-06,1.15475978E-05,1.19115111E-05,-5.17E-07,3.17158174E-06,1.01639880E-05,-2.04E-06,6.32437605E-06,-2.39E-06,-5.97E-07,6.93264474E-06,2.85584565E-06,-1.59E-06,1.21786679E-05,5.97847293E-06,4.08203778E-06,5.46800857E-06,3.28092869E-06,9.82520942E-06,4.15578961E-06,4.72517604E-06,-4.75E-09,8.47220690E-06,1.23862283E-05,1.59426490E-05,1.67689523E-05,2.29062971E-05,2.78536500E-05,3.46609922E-05,4.58596041E-05,6.02901346E-05,7.09445230E-05,8.07254837E-05,9.46540458E-05,1.04274710E-04,1.13503120E-04,1.22821002E-04,1.28323460E-04,1.36271250E-04,1.42262725E-04,1.46817998E-04,1.40757475E-04,1.47330036E-04,1.48482883E-04,1.43412399E-04,1.49224521E-04,1.53940928E-04,1.69906561E-04,1.86643127E-04,2.25801588E-04,2.65021692E-04,3.32752039E-04,4.03024023E-04,4.84587188E-04,6.23375876E-04,7.63472810E-04,9.18981968E-04,1.13234250E-03,1.35769881E-03,1.67203567E-03,1.97631540E-03,2.36304477E-03,2.80899019E-03,3.36071802E-03,3.93653149E-03,4.60042013E-03,5.30674821E-03,6.08241186E-03,6.82989042E-03,7.52190500E-03,8.19378812E-03,8.84266198E-03,9.48140863E-03,1.01260226E-02,1.07298717E-02,1.13559859E-02,1.20472414E-02,1.27802389E-02,1.35674281E-02,1.43175293E-02,1.48783438E-02,1.53027130E-02,1.54644875E-02,1.54608078E-02,1.53355729E-02,1.51315350E-02,1.49604976E-02,1.48258405E-02,1.46889864E-02,1.45977549E-02,1.44778620E-02,1.43934889E-02,1.42500540E-02,1.40767861E-02,1.39060849E-02,1.38536235E-02,1.38189243E-02,1.38091315E-02,1.38040008E-02,1.37661016E-02,1.37003623E-02,1.36353783E-02,1.36274109E-02,1.35553032E-02,1.36001892E-02,1.36770783E-02,1.37362191E-02,1.37635851E-02,1.38912713E-02,1.39991120E-02,1.42258033E-02,1.46309370E-02,1.52046774E-02,1.59284826E-02,1.67889502E-02,1.76628623E-02,1.84772406E-02,1.93402618E-02,2.04113480E-02,2.14711484E-02,2.26122402E-02,2.37395149E-02,2.49404553E-02,2.63486784E-02,2.79409382E-02,2.94619054E-02,2.99238451E-02,2.94751097E-02,2.86593605E-02,2.84416731E-02,2.92671602E-02,3.04361898E-02,3.14124376E-02,3.18785645E-02,3.17975841E-02,3.12066264E-02,3.02336141E-02,2.90166009E-02,2.78648157E-02,2.67483760E-02,2.57361904E-02,2.47671902E-02,2.40027402E-02,2.32904963E-02,2.26440206E-02,2.21301038E-02,2.18283385E-02,2.15795208E-02,2.14594863E-02,2.16415208E-02,2.19949633E-02,2.25221459E-02,2.31816284E-02,2.39653941E-02,2.46151853E-02,2.51149647E-02,2.52979491E-02,2.52537373E-02,2.48304084E-02,2.41565835E-02,2.31867284E-02,2.20342260E-02,2.06796285E-02,1.92000791E-02,1.76734719E-02,1.61621179E-02,1.46171246E-02,1.30701317E-02,1.15760406E-02,1.00007635E-02,8.62898771E-03,7.30258692E-03,6.04505884E-03,4.88059362E-03,3.88354273E-03,3.03768739E-03,2.34375219E-03,1.77075400E-03,1.32456655E-03,9.55070369E-04,6.99943455E-04,5.13804378E-04,3.85910040E-04,2.96802609E-04,2.46070238E-04,2.08585960E-04,1.78879432E-04,1.57938193E-04,1.51509608E-04,1.46618186E-04,1.37902054E-04,1.33606882E-04,1.29709792E-04,1.28162355E-04,1.20999939E-04,1.12619753E-04,1.13391776E-04,1.09666369E-04,1.04839273E-04,1.00908102E-04,1.00333076E-04,9.75434741E-05,9.77627060E-05,8.73528625E-05,9.14808916E-05,8.58379790E-05,8.05499149E-05,7.96071035E-05,7.67001548E-05,7.56692098E-05,7.24502170E-05,7.24994170E-05,6.81912788E-05,6.79317818E-05,6.70773370E-05,6.44908869E-05,6.66673805E-05,6.43778330E-05,6.42950981E-05,6.21389263E-05,6.12401054E-05,5.79837651E-05,5.78671352E-05,5.87468312E-05,5.76108469E-05,6.06325921E-05,6.07999755E-05,6.06114627E-05,6.13133961E-05,6.23440210E-05,6.44795582E-05,6.08970258E-05,6.24801469E-05,5.87588584E-05,6.06431968E-05,5.93942132E-05,6.30457944E-05,6.26569745E-05,6.29594724E-05,6.80881421E-05,6.25993416E-05,6.99971279E-05,7.11672619E-05,6.44006723E-05,6.34114331E-05,6.39380451E-05,5.23458184E-05,4.93618936E-05,4.82188880E-05,4.20977631E-05,3.83958977E-05,2.55339310E-05,2.98866889E-05,1.98983525E-05,1.93335964E-05,1.79768267E-05,9.72452017E-06,1.12157522E-05,9.77570107E-06,7.49125456E-06,7.92608535E-06,1.23258442E-05,9.45518150E-06,3.15909233E-06,4.76438163E-06,1.02048598E-05,6.13044540E-06,4.13515909E-06,3.99134751E-06,6.39951895E-06,2.68081931E-06,2.01875218E-06,6.34322305E-06,3.87766431E-06,-3.04E-07,3.18086632E-06,8.81316396E-07,7.83735049E-06,8.33821014E-06,5.12211955E-06,5.40084648E-06,3.83488805E-06,9.23500556E-06,3.25484189E-06,9.91746401E-06,1.10697893E-05,1.01255409E-05,8.50322613E-06,1.09087741E-05,9.20198181E-06,1.57206941E-05,1.21651410E-05,1.03815773E-05,1.09706834E-05,1.03740367E-05,1.07480855E-05,1.29749969E-05,1.32009118E-05,1.63769109E-05,1.26057580E-06,8.12377584E-06,5.49851848E-06,6.02939645E-06,1.30634298E-05,1.62980232E-05,1.50330270E-05,2.56962303E-05,8.79828985E-06,1.92134376E-05,1.52101902E-05,1.82056556E-05,1.86407415E-05,2.45316205E-05,2.68197236E-05,2.18647019E-05,2.78610078E-05,2.00843897E-05,1.67609032E-05,1.18148482E-05,2.56121293E-05,1.81263658E-05,3.06323163E-05,2.65000144E-05,1.43738780E-05,1.31303123E-05,1.19869073E-05,2.74680460E-05,2.39790788E-05,1.07608666E-05,2.73653927E-06,2.06581499E-05,1.38866581E-05,1.24606750E-05,4.66909114E-06,5.38789209E-07,6.61307195E-06,-8.27E-06,1.22075980E-05,7.29169778E-06,3.14307472E-05,1.30446670E-05,2.96095891E-06,-2.48E-06,9.34205673E-06,5.53317534E-07,-1.95E-06,3.05940580E-06,1.72440596E-05,9.14339489E-06,-3.12E-06,9.52681421E-06,9.04472290E-06,-7.12E-06,1.58043385E-05,-6.06E-06,-4.42E-06,-1.78E-06,1.57337035E-05,9.11391544E-06,2.70480359E-06,2.28747613E-05,-2.46E-05,INT SYNC:059.94[Hz],DOUBLE FRAME,NORMAL,STANDARD DARK,TWO,CIE1931 (2°),1°,100,0.33333333,0.33333333,NONE,1,1067734,2830578,OFF,TRUE,2024/03/25,16:49:29,OK00,----,----,----,CS-3000HDR,3001075,1.00.0008
71,2.11463275E+03,3.87469415E+03,3.35960084E+02,3.87469415E+03,0.33431412,0.61257207,0.13811442,0.56940858,5505.4439,0.09208278,554.592529,85.0705034,376.52784,-309.27165,377.229105,6.99764504E+00,553,1.53600504E-05,-1.63E-07,-7.10E-05,-3.95E-05,6.13039219E-06,-3.43E-05,2.68656976E-07,-7.83E-06,-2.90E-05,2.27009659E-05,2.04290609E-06,-1.19E-05,1.47748597E-05,-7.64E-06,1.03957491E-05,-1.24E-05,2.70077162E-05,6.42667328E-06,1.19678743E-05,1.80646457E-05,5.26740860E-06,1.06837506E-05,1.52535813E-05,-3.24E-06,1.28685242E-05,3.36769335E-05,-3.42E-05,-1.97E-05,3.95940424E-06,3.17218801E-05,8.19365323E-06,-1.57E-05,1.86884499E-05,1.64824669E-05,-2.07E-05,2.75149214E-05,3.16806836E-05,1.05486788E-05,1.68730676E-05,-1.12E-06,3.82728649E-06,6.77621847E-06,6.50029460E-06,-2.91E-06,-7.69E-07,-1.02E-05,1.54318004E-05,9.73436499E-07,8.89969942E-06,1.39959056E-05,-2.42E-06,2.38099346E-05,-1.62E-06,-7.65E-07,2.69780435E-06,1.40389475E-05,9.50069170E-06,5.81514360E-06,3.17430895E-05,1.13380074E-05,2.91320066E-05,2.30223486E-05,2.16332701E-05,-6.92E-07,5.34602123E-06,5.42946727E-05,4.87928846E-05,4.17168121E-05,6.24005406E-05,7.02537509E-05,4.82472242E-05,7.50565523E-05,4.86684476E-05,1.09688350E-04,1.03715909E-04,8.96032652E-05,1.04311381E-04,9.32166004E-05,1.31080902E-04,1.36611518E-04,1.17115189E-04,1.48667707E-04,1.36089351E-04,1.53731933E-04,1.87176003E-04,2.27515993E-04,2.78553023E-04,3.49699374E-04,4.30933782E-04,5.65477007E-04,7.58309208E-04,1.01814920E-03,1.29517878E-03,1.66983844E-03,2.15635728E-03,2.70897686E-03,3.31315491E-03,4.10897750E-03,5.02233673E-03,6.09720685E-03,7.30977906E-03,8.70457757E-03,1.04599902E-02,1.25184124E-02,1.47146201E-02,1.71929337E-02,2.00202987E-02,2.26266831E-02,2.52125915E-02,2.76660416E-02,2.98958737E-02,3.21709365E-02,3.40821333E-02,3.58088166E-02,3.72770242E-02,3.90821882E-02,4.07214910E-02,4.25244384E-02,4.40941975E-02,4.52095158E-02,4.55693901E-02,4.52805459E-02,4.47199754E-02,4.42111082E-02,4.35087718E-02,4.34305891E-02,4.33377177E-02,4.34622355E-02,4.36901636E-02,4.37847599E-02,4.40484323E-02,4.41312157E-02,4.44925427E-02,4.45383340E-02,4.48601432E-02,4.50293943E-02,4.52986546E-02,4.53944691E-02,4.54215892E-02,4.53084186E-02,4.52924892E-02,4.53396626E-02,4.54376712E-02,4.54132743E-02,4.53810804E-02,4.55634072E-02,4.55764346E-02,4.61204089E-02,4.67597693E-02,4.76394966E-02,4.91103902E-02,5.09475321E-02,5.34651019E-02,5.60541488E-02,5.86539544E-02,6.13381714E-02,6.41543865E-02,6.77450672E-02,7.15406016E-02,7.54677206E-02,7.93203339E-02,8.33620057E-02,8.76877978E-02,9.33064669E-02,9.86016020E-02,1.00375429E-01,9.94032174E-02,9.68151689E-02,9.68896747E-02,1.00249439E-01,1.04910128E-01,1.09070010E-01,1.11872479E-01,1.12618409E-01,1.11757852E-01,1.09288700E-01,1.05865203E-01,1.02367148E-01,9.85600874E-02,9.51350480E-02,9.18298438E-02,8.88403356E-02,8.61890912E-02,8.41118395E-02,8.23710263E-02,8.06570053E-02,7.93727711E-02,7.86500946E-02,7.86262229E-02,7.94853941E-02,8.11934695E-02,8.35239589E-02,8.64237547E-02,8.90551433E-02,9.12172496E-02,9.24016759E-02,9.24470350E-02,9.14786533E-02,8.94542858E-02,8.64755735E-02,8.27101991E-02,7.81942084E-02,7.29404613E-02,6.75337613E-02,6.17234297E-02,5.57384342E-02,4.96196225E-02,4.35880981E-02,3.74656171E-02,3.19811627E-02,2.67746504E-02,2.21178327E-02,1.78928412E-02,1.40311057E-02,1.09954691E-02,8.54423828E-03,6.52242731E-03,4.97118989E-03,3.71210603E-03,2.89293518E-03,2.24973448E-03,1.82799390E-03,1.54992775E-03,1.36659818E-03,1.19916582E-03,1.12119969E-03,1.04248687E-03,9.96246585E-04,9.72587906E-04,9.43040126E-04,9.03762295E-04,9.00081242E-04,8.59908585E-04,8.37583502E-04,8.31724959E-04,8.27697397E-04,7.95453205E-04,7.71505933E-04,7.68438797E-04,7.58529466E-04,7.55705638E-04,7.41867058E-04,7.32816581E-04,7.31896376E-04,7.08122447E-04,7.05641170E-04,6.62250386E-04,6.72944530E-04,6.53884024E-04,6.53198163E-04,6.61780301E-04,6.28011592E-04,6.19647268E-04,6.24264416E-04,6.00956555E-04,5.93571749E-04,5.82471315E-04,5.85916918E-04,5.58715197E-04,5.48910233E-04,5.36306237E-04,5.27761877E-04,5.31994796E-04,5.04028052E-04,4.95777582E-04,4.75932844E-04,5.03976247E-04,5.05197677E-04,4.65841265E-04,4.81501542E-04,4.93181229E-04,4.74408647E-04,4.57287853E-04,4.78311063E-04,4.72259882E-04,4.67545324E-04,4.71924723E-04,4.74192522E-04,4.48201958E-04,4.51639149E-04,4.44903970E-04,4.52879030E-04,4.37648327E-04,4.26025450E-04,3.93322436E-04,3.78206780E-04,3.41448787E-04,3.08811548E-04,2.68217962E-04,2.38979279E-04,2.02047275E-04,1.70809129E-04,1.46393155E-04,1.24725935E-04,9.43446066E-05,8.42263617E-05,7.07973813E-05,5.05349708E-05,4.78566362E-05,2.61904061E-05,3.79913181E-05,1.34404218E-05,2.25133354E-05,2.36291580E-05,3.97715745E-08,-3.63E-06,3.77699098E-06,7.95585493E-06,1.37219731E-05,7.73904048E-06,2.48542765E-05,1.77686834E-05,2.03296913E-05,-4.12E-06,3.11416261E-05,2.56683816E-05,1.32569585E-05,3.83217440E-07,-1.57E-05,1.28614574E-05,1.31860052E-05,5.35994644E-08,1.54427039E-06,1.16659194E-05,2.14721749E-05,2.15486598E-05,9.04868466E-06,9.84271901E-06,1.79892072E-06,2.41751513E-05,5.29151794E-06,1.29617729E-05,-5.43E-06,9.21647825E-06,2.85292244E-05,3.06642905E-05,1.55970088E-06,4.68741018E-05,4.09265158E-05,-2.66E-06,3.62524370E-05,6.16565740E-05,2.29994384E-05,2.65050439E-05,1.30172702E-05,3.89348825E-05,2.17320030E-05,2.74015656E-05,-1.01E-05,1.59693900E-05,1.59451338E-05,3.56497776E-06,1.49148345E-05,2.17055167E-05,7.74159525E-06,1.92666594E-05,1.29175733E-05,4.23311394E-05,5.99075156E-06,3.66162312E-05,3.91855719E-05,2.55592222E-05,2.99374569E-05,6.19268076E-06,-4.29E-07,2.10282415E-05,2.94621332E-05,-9.35E-06,2.19546928E-05,1.30395765E-05,1.60308809E-05,-1.16E-05,-1.02E-06,-2.28E-05,4.36923801E-06,6.11977248E-06,-1.70E-06,2.06540244E-05,-7.11E-05,1.33324156E-05,3.79570265E-05,4.55915761E-05,1.04060346E-04,4.19419557E-05,-2.01E-05,-2.99E-08,5.74151381E-05,3.43675347E-05,-2.80E-05,-4.24E-05,-1.48E-05,6.46501867E-05,-9.16E-05,2.16269132E-06,9.73361020E-05,1.69211216E-05,5.91274184E-05,7.81731360E-05,-3.23E-05,-5.65E-05,-4.94E-05,INT SYNC:059.94[Hz],DOUBLE FRAME,NORMAL,STANDARD DARK,TWO,CIE1931 (2°),1°,100,0.33333333,0.33333333,NONE,1,300300,1288672,OFF,TRUE,2024/03/25,16:49:34,OK00,----,----,----,CS-3000HDR,3001075,1.00.0008
72,7.03423502E+02,1.33712514E+03,1.29094294E+02,1.33712514E+03,0.32421164,0.61628811,0.13305038,0.56905444,5660.7617,0.09573691,552.90272,83.3019589,259.326918,-228.731635,256.931102,2.44271049E+00,552,3.20320783E-06,-3.80E-07,1.72820216E-06,4.31485842E-06,-4.26E-06,-1.09E-05,6.25589109E-06,1.77597994E-05,1.08768927E-05,-2.03E-06,-7.34E-06,-3.44E-06,4.17150977E-06,-1.54E-05,1.43009729E-05,-1.85E-06,4.67975013E-07,8.73624867E-06,9.56106163E-08,9.27109068E-06,-2.63E-06,-9.32E-07,9.06763307E-06,4.88320075E-06,4.52625454E-06,9.55813630E-06,-9.03E-06,2.70741839E-06,-1.55E-07,-6.24E-07,5.36638390E-06,3.55868292E-06,4.20354854E-06,-1.55E-07,-1.70E-06,2.72016343E-09,1.61196692E-06,1.12370617E-05,3.81205132E-06,5.80223741E-07,6.87393640E-06,5.15778038E-06,3.19849914E-06,-1.77E-06,4.43431509E-06,9.60129341E-07,7.23723633E-06,-2.64E-06,4.58890872E-06,4.61420495E-06,-4.24E-07,5.29293402E-06,5.66561039E-06,6.81111806E-06,7.23377798E-06,4.96911662E-06,4.88327623E-06,4.23387291E-06,4.71271824E-06,9.03488944E-06,6.33213449E-06,7.66794619E-06,1.20438135E-05,8.59927150E-06,9.53931431E-06,2.30061396E-05,3.41648811E-05,2.14719075E-05,4.20821489E-05,4.79171977E-05,6.00708299E-05,6.99372249E-05,7.98178735E-05,8.29576311E-05,1.01729056E-04,1.07194021E-04,1.12951166E-04,1.11831112E-04,1.17034477E-04,1.16599556E-04,1.24177255E-04,1.27212756E-04,1.19675969E-04,1.23900682E-04,1.33541529E-04,1.44021586E-04,1.56351234E-04,1.78558897E-04,2.18204441E-04,2.74618069E-04,3.37580685E-04,4.36897506E-04,5.19059540E-04,6.92145142E-04,8.61387176E-04,1.09329296E-03,1.33094005E-03,1.62344123E-03,1.98513432E-03,2.36280821E-03,2.85938312E-03,3.38166743E-03,4.09686239E-03,4.84674284E-03,5.64107625E-03,6.52395934E-03,7.50334375E-03,8.42837244E-03,9.27154440E-03,1.00456178E-02,1.08533707E-02,1.15640676E-02,1.22775156E-02,1.29979784E-02,1.36534078E-02,1.44709377E-02,1.52911926E-02,1.61327906E-02,1.70130190E-02,1.76591240E-02,1.81684550E-02,1.83071736E-02,1.83698460E-02,1.83177814E-02,1.80486813E-02,1.79201402E-02,1.77584812E-02,1.76962800E-02,1.75358355E-02,1.74661316E-02,1.73181966E-02,1.71809327E-02,1.70485880E-02,1.68649405E-02,1.67796351E-02,1.66955516E-02,1.67053230E-02,1.66735146E-02,1.65655855E-02,1.65152177E-02,1.64928269E-02,1.64089985E-02,1.63616128E-02,1.63976792E-02,1.64702758E-02,1.65394545E-02,1.65674184E-02,1.67267155E-02,1.68688018E-02,1.71393678E-02,1.75988786E-02,1.82486195E-02,1.92023031E-02,2.01643035E-02,2.11738143E-02,2.22347453E-02,2.32746918E-02,2.45111920E-02,2.57853828E-02,2.71472502E-02,2.85092648E-02,3.00331190E-02,3.16551514E-02,3.36073972E-02,3.54735702E-02,3.60806547E-02,3.54933776E-02,3.44789997E-02,3.42876390E-02,3.53180766E-02,3.67039256E-02,3.80086452E-02,3.86338979E-02,3.85430008E-02,3.78294662E-02,3.66595350E-02,3.52452137E-02,3.38159055E-02,3.23981903E-02,3.11565027E-02,3.00836880E-02,2.90262084E-02,2.81667542E-02,2.74017137E-02,2.68041268E-02,2.63792705E-02,2.60938760E-02,2.59357840E-02,2.61356849E-02,2.65856832E-02,2.72277500E-02,2.80640312E-02,2.89505534E-02,2.98207831E-02,3.04303151E-02,3.07155009E-02,3.06161735E-02,3.01254932E-02,2.93621253E-02,2.81876083E-02,2.67270990E-02,2.51309648E-02,2.33133025E-02,2.14927848E-02,1.96197089E-02,1.76656563E-02,1.57241169E-02,1.38995098E-02,1.19835036E-02,1.02673154E-02,8.68415181E-03,7.17522716E-03,5.79823041E-03,4.55049658E-03,3.56329954E-03,2.71472265E-03,2.03781575E-03,1.50579447E-03,1.07856863E-03,7.62236654E-04,5.49482647E-04,3.99551092E-04,3.02503176E-04,2.44475348E-04,2.01921750E-04,1.66020647E-04,1.57066650E-04,1.45735932E-04,1.35967013E-04,1.34189002E-04,1.31344786E-04,1.30709086E-04,1.20626282E-04,1.13382252E-04,1.11039742E-04,1.16926392E-04,1.07354434E-04,9.90149711E-05,9.95500668E-05,1.01590442E-04,9.60439647E-05,8.89529401E-05,8.45586546E-05,8.74921388E-05,8.22636648E-05,7.53714266E-05,7.63766075E-05,7.13781628E-05,7.34657660E-05,6.91182722E-05,6.91677851E-05,6.36177865E-05,5.95454294E-05,6.13943630E-05,5.40143155E-05,5.30102479E-05,5.51918347E-05,5.95071651E-05,4.84178672E-05,4.98712398E-05,4.42492856E-05,4.50041443E-05,4.65663143E-05,3.99744204E-05,4.90190032E-05,4.08556516E-05,4.15496725E-05,4.59801704E-05,3.82268699E-05,4.18584350E-05,4.01691614E-05,3.71303468E-05,3.70983435E-05,3.83546030E-05,4.48046849E-05,4.21993827E-05,3.76614698E-05,4.37870767E-05,4.08635860E-05,4.03132872E-05,4.59179500E-05,4.44987927E-05,4.28276326E-05,4.03374033E-05,4.13978123E-05,3.22633823E-05,3.55282209E-05,3.33477183E-05,2.41945654E-05,2.52308218E-05,2.14050360E-05,1.86734433E-05,1.81053729E-05,1.64438661E-05,1.64974663E-05,1.28775218E-05,9.25248150E-06,6.16664465E-06,3.88045919E-06,4.85248165E-06,1.25003335E-05,5.19491005E-06,2.59289300E-06,9.48861089E-06,2.50806761E-06,4.70169834E-06,2.49551044E-06,-1.97E-07,6.73614159E-06,5.29219824E-06,8.81196593E-06,1.14628256E-05,1.39074937E-05,-2.53E-06,4.80392418E-06,5.04223772E-06,3.93621576E-06,1.02882459E-05,5.18959587E-06,7.06205401E-06,2.61587365E-06,8.00734870E-06,9.64374885E-06,4.61920706E-07,2.69787415E-06,1.10369829E-05,4.74385888E-06,1.31906120E-06,-2.24E-06,8.82639506E-06,1.02373069E-05,1.21169496E-05,1.28142337E-05,6.34819298E-06,9.13862732E-06,1.73471708E-05,3.31147749E-06,7.39238521E-06,7.72380554E-06,6.31375224E-06,1.59645824E-05,1.16614447E-05,1.10996016E-05,1.37689967E-05,2.02555148E-05,1.83319462E-05,1.17279415E-05,1.11125146E-05,8.83556186E-06,9.57141401E-06,1.57755458E-05,9.94107813E-06,3.03644811E-05,2.56852200E-05,1.99801270E-05,2.70850251E-05,2.47832195E-05,1.28964739E-05,2.94536385E-05,1.28380980E-05,9.83691098E-06,1.53770798E-05,1.99800870E-05,1.24456292E-05,1.06591297E-05,2.36360975E-05,6.39330665E-06,8.75935530E-06,2.40965965E-05,1.58960556E-05,2.07725734E-05,1.29368109E-05,1.21567964E-05,5.16319460E-07,-2.13E-06,3.97134136E-06,1.60752461E-05,2.69815173E-05,1.87275396E-06,2.30103033E-05,1.61889529E-05,-8.23E-06,-3.05E-06,-5.11E-07,-1.37E-05,-1.43E-05,9.26864686E-06,-3.61E-06,-2.11E-05,1.09033908E-06,-6.81E-06,-2.86E-05,1.65721485E-05,1.49897905E-05,1.25658391E-06,-2.78E-06,-4.38E-07,-3.80E-05,-3.67E-05,-1.11E-05,1.55824600E-05,INT SYNC:059.94[Hz],DOUBLE FRAME,NORMAL,STANDARD DARK,TWO,CIE1931 (2°),1°,100,0.33333333,0.33333333,NONE,1,867534,2432130,OFF,TRUE,2024/03/25,16:49:38,OK00,----,----,----,CS-3000HDR,3001075,1.00.0008
73,2.11602343E+03,3.87717221E+03,3.36360953E+02,3.87717221E+03,0.33430832,0.61255037,0.13811557,0.56940304,5505.53037,0.09207946,554.591587,85.0622425,376.611503,-309.329232,377.25426,7.00251497E+00,553,-3.60E-05,2.20073762E-05,8.08066034E-06,-9.29E-06,-2.79E-05,-2.05E-05,1.80174702E-05,-3.69E-05,-1.60E-05,-8.81E-06,4.06601102E-05,1.11554355E-05,-3.43E-05,-1.83E-05,6.93137372E-06,-2.46E-05,2.65101880E-05,2.75412458E-05,4.82183605E-05,1.21508228E-05,5.19537571E-06,5.38960921E-06,2.20243328E-06,1.45918257E-05,1.72611708E-05,-5.77E-06,1.74921133E-05,1.33726962E-06,-1.22E-06,-9.23E-06,2.77238451E-05,-6.96E-06,-4.15E-07,8.11614154E-06,6.77744492E-06,1.55072382E-06,1.47322553E-05,-1.94E-06,1.10423025E-05,3.05398953E-06,2.26909560E-05,6.04449997E-06,5.04960518E-09,-1.28E-05,2.21752653E-05,7.10443237E-06,3.73511421E-06,7.27444785E-06,4.00897152E-05,1.60319341E-05,8.36130039E-06,-7.66E-06,7.45092507E-07,2.22231120E-05,2.40695954E-07,1.48302470E-05,2.44046059E-05,7.54149687E-06,1.33762342E-05,4.13546695E-05,1.40767679E-05,5.85344378E-06,2.63426209E-05,1.90501505E-05,1.00825391E-05,2.11299466E-05,5.26932236E-05,3.01562395E-05,4.59567455E-05,6.27238333E-05,6.36432451E-05,7.88901452E-05,8.47501360E-05,9.73204878E-05,9.99480399E-05,7.70321567E-05,1.12134338E-04,1.01476726E-04,1.11667519E-04,1.19770259E-04,1.23817081E-04,1.49402185E-04,1.40958728E-04,1.72178494E-04,2.09198697E-04,2.09565667E-04,2.69302109E-04,3.29079048E-04,4.21629229E-04,5.76284830E-04,7.55086658E-04,9.79900360E-04,1.28834101E-03,1.69107993E-03,2.14886782E-03,2.74532964E-03,3.35134752E-03,4.11608117E-03,5.05050225E-03,6.06637774E-03,7.28455698E-03,8.70472006E-03,1.05543733E-02,1.25649860E-02,1.48457363E-02,1.72679126E-02,2.00764947E-02,2.25957204E-02,2.52452660E-02,2.76252516E-02,2.99500097E-02,3.21204439E-02,3.40259448E-02,3.58709469E-02,3.73893194E-02,3.90505232E-02,4.07095738E-02,4.26304676E-02,4.42765169E-02,4.51117679E-02,4.55278307E-02,4.52376790E-02,4.47227135E-02,4.43151332E-02,4.37130295E-02,4.34785970E-02,4.34388034E-02,4.35532033E-02,4.36578020E-02,4.38586511E-02,4.40566763E-02,4.42226976E-02,4.45057079E-02,4.48287018E-02,4.48974892E-02,4.51736115E-02,4.52668369E-02,4.53979895E-02,4.54980992E-02,4.54033725E-02,4.54342887E-02,4.53535914E-02,4.54057492E-02,4.52928431E-02,4.54825796E-02,4.55236435E-02,4.56454977E-02,4.61779349E-02,4.67354320E-02,4.77254614E-02,4.91101518E-02,5.09407707E-02,5.34856990E-02,5.59969135E-02,5.86630292E-02,6.13166429E-02,6.43767267E-02,6.76466972E-02,7.14828596E-02,7.53660053E-02,7.93925673E-02,8.32616240E-02,8.78537223E-02,9.31437612E-02,9.84696820E-02,1.00488462E-01,9.91469994E-02,9.70423520E-02,9.67741534E-02,1.00103103E-01,1.04972035E-01,1.09270357E-01,1.12114981E-01,1.12955578E-01,1.11716971E-01,1.09585814E-01,1.05850175E-01,1.02345482E-01,9.87028703E-02,9.51162577E-02,9.19471830E-02,8.90656188E-02,8.63272101E-02,8.42715278E-02,8.24456289E-02,8.08221549E-02,7.94252977E-02,7.86815360E-02,7.87625834E-02,7.95736089E-02,8.12960714E-02,8.35767612E-02,8.65710974E-02,8.90264362E-02,9.12121162E-02,9.24852788E-02,9.25115570E-02,9.14235413E-02,8.94801989E-02,8.65123570E-02,8.26575831E-02,7.83489272E-02,7.29221180E-02,6.75956234E-02,6.16914704E-02,5.57165742E-02,4.97086681E-02,4.36395593E-02,3.74345221E-02,3.20476405E-02,2.68014856E-02,2.21815314E-02,1.79071780E-02,1.41187143E-02,1.09815570E-02,8.49005952E-03,6.52971677E-03,4.98004025E-03,3.71196400E-03,2.86057009E-03,2.25148024E-03,1.83550280E-03,1.55884249E-03,1.34951354E-03,1.21891336E-03,1.11881713E-03,1.06388109E-03,1.00712653E-03,9.63447441E-04,9.34811134E-04,9.14647477E-04,8.91129137E-04,8.62324086E-04,8.37927859E-04,8.21822614E-04,8.16832355E-04,8.22898757E-04,7.80083996E-04,7.67845777E-04,7.62465526E-04,7.41243421E-04,7.47516402E-04,7.29063759E-04,7.16381532E-04,7.07614643E-04,6.90152752E-04,6.91837515E-04,6.68252353E-04,6.68422552E-04,6.52088085E-04,6.31235016E-04,6.26592839E-04,6.27724512E-04,6.29529823E-04,5.96855534E-04,5.84294030E-04,5.84796304E-04,5.70623612E-04,5.58196800E-04,5.42378111E-04,5.38311666E-04,5.25749929E-04,5.23467257E-04,4.96875553E-04,5.03032526E-04,4.99630871E-04,4.86452191E-04,4.84355900E-04,4.95986082E-04,5.05616481E-04,4.95205692E-04,4.61270683E-04,4.71813895E-04,4.66665690E-04,4.59434261E-04,4.75173438E-04,4.85329103E-04,4.60787065E-04,4.72967455E-04,4.70619998E-04,4.64022305E-04,4.45721380E-04,4.37445007E-04,4.36826202E-04,3.98356322E-04,3.89329798E-04,3.55501601E-04,3.18967359E-04,2.74752238E-04,2.53159378E-04,2.00045353E-04,1.64866855E-04,1.39259850E-04,1.21689496E-04,9.71204499E-05,6.32988304E-05,7.26842554E-05,6.29599672E-05,2.99346975E-05,5.15832435E-05,3.02303561E-05,1.49740599E-05,4.67882865E-06,4.04631010E-06,-1.80E-05,1.21940020E-05,9.42850329E-06,7.25684504E-06,1.60630607E-05,1.59056272E-05,1.35225691E-05,8.16156626E-06,6.93695347E-06,2.17213110E-05,1.83331504E-05,2.42640363E-05,5.16073669E-06,1.29017383E-06,-6.36E-06,-3.14E-06,-3.29E-06,1.46110879E-05,1.85394019E-05,2.83167101E-05,7.12786095E-06,2.13907952E-05,9.52708160E-06,-2.66E-07,1.71773627E-05,4.16854818E-05,4.02159958E-06,2.60290540E-06,8.01298847E-06,2.22246545E-05,2.07942921E-05,4.67789050E-06,-8.82E-06,6.78429114E-06,2.10216313E-05,1.33368330E-05,1.04976357E-06,1.33636195E-05,5.50627465E-06,-1.33E-05,-4.17E-06,3.00937209E-05,4.10044158E-05,2.74168106E-05,1.52433986E-05,-7.17E-06,9.50195158E-07,3.16746373E-05,3.52099378E-05,4.87971965E-06,1.55289817E-05,3.27739435E-05,1.35555192E-05,3.17652593E-05,2.94894398E-05,7.83039241E-07,2.88286210E-05,-7.45E-06,2.97449096E-05,4.82452415E-05,4.35684633E-05,6.65037733E-05,3.14636090E-05,-8.19E-06,5.86830756E-05,-1.12E-05,-2.83E-05,-2.92E-05,8.28554130E-06,2.97798033E-06,-1.19E-05,8.55272356E-06,3.54613949E-05,2.00767226E-05,6.34537646E-05,5.19939158E-06,7.67682934E-07,2.89674608E-05,3.08622803E-05,-1.94E-05,4.43200588E-06,2.78009629E-05,-7.22E-06,-2.77E-05,5.16581822E-05,6.12294025E-05,-1.61E-05,-9.80E-06,-2.90E-05,-1.48E-05,-8.00E-05,1.26688235E-06,1.09623452E-05,-2.63E-05,1.04581850E-05,7.79885086E-05,6.92418871E-06,INT SYNC:059.94[Hz],DOUBLE FRAME,NORMAL,STANDARD DARK,TWO,CIE1931 (2°),1°,100,0.33333333,0.33333333,NONE,1,300300,1293893,OFF,TRUE,2024/03/25,16:49:43,OK00,----,----,----,CS-3000HDR,3001075,1.00.0008
74,8.25562152E+02,1.56700940E+03,1.50577868E+02,1.56700940E+03,0.32462196,0.61616883,0.13324955,0.56907578,5654.43915,0.09559523,552.974267,83.3823693,274.278714,-240.661926,271.244072,2.86084448E+00,552,-6.62E-06,-1.52E-05,-4.46E-06,1.95796565E-05,-5.02E-06,1.02457589E-05,1.50954920E-05,3.29358136E-06,-5.74E-06,1.28521879E-05,-4.16E-06,-9.41E-06,2.05338656E-05,5.53085511E-06,6.79524010E-06,3.89647511E-07,1.64729336E-05,7.32712124E-07,1.87936967E-05,7.17927696E-06,9.35206845E-06,1.79771882E-06,-3.31E-06,-6.89E-06,2.13282492E-05,7.24843085E-06,2.40583790E-06,4.50896778E-06,-1.47E-06,-7.34E-06,6.38765505E-06,-1.63E-06,1.59725187E-05,8.76099875E-06,-2.10E-06,4.08322649E-06,1.40990132E-05,1.62392716E-05,3.05353819E-06,7.70299357E-06,1.90898621E-08,-3.68E-07,6.98205554E-07,7.86524197E-06,4.37747485E-06,3.25699352E-06,1.63458594E-06,1.20335926E-05,2.02674596E-06,8.80149037E-06,7.01006866E-06,-5.92E-06,8.49251865E-06,1.97218696E-06,9.22769505E-06,1.90050814E-05,1.42839990E-05,1.74072113E-06,5.69235181E-06,1.41493902E-05,9.44176645E-06,1.45365439E-05,8.77210459E-06,9.11225470E-06,1.68699316E-05,2.34750787E-05,2.99055573E-05,3.38783648E-05,4.08800406E-05,5.19064815E-05,5.38424683E-05,6.57828205E-05,6.39222562E-05,7.84717704E-05,8.71710436E-05,9.81163466E-05,9.84361832E-05,1.04692459E-04,1.15042101E-04,1.10638059E-04,1.12626345E-04,1.10464549E-04,1.17550357E-04,1.24506332E-04,1.31037508E-04,1.60301832E-04,1.78746195E-04,1.91513827E-04,2.37715620E-04,3.09075025E-04,3.82054946E-04,4.82245145E-04,6.06157293E-04,7.96270324E-04,9.93444235E-04,1.23871956E-03,1.52550125E-03,1.88912882E-03,2.31830939E-03,2.78377463E-03,3.36184585E-03,4.02596220E-03,4.83756838E-03,5.71021996E-03,6.70575071E-03,7.75054377E-03,8.94352328E-03,1.00359200E-02,1.10301143E-02,1.19586084E-02,1.28468629E-02,1.37448553E-02,1.45086600E-02,1.52593842E-02,1.60353184E-02,1.69022121E-02,1.77997425E-02,1.87938269E-02,1.96619853E-02,2.04242375E-02,2.08933074E-02,2.10857876E-02,2.11430881E-02,2.10919976E-02,2.08452269E-02,2.07242575E-02,2.06692275E-02,2.05219425E-02,2.04658005E-02,2.03739684E-02,2.02865414E-02,2.01791283E-02,2.00197790E-02,1.97866410E-02,1.96746625E-02,1.95864290E-02,1.95565149E-02,1.94873344E-02,1.94553118E-02,1.93399470E-02,1.92735139E-02,1.92020312E-02,1.91210564E-02,1.91321932E-02,1.92186497E-02,1.92546248E-02,1.93874296E-02,1.95268746E-02,1.96876954E-02,2.00044345E-02,2.05712523E-02,2.13166773E-02,2.23764703E-02,2.34700125E-02,2.46149860E-02,2.58617420E-02,2.71255020E-02,2.85156984E-02,3.00079565E-02,3.16684917E-02,3.32829691E-02,3.49875540E-02,3.69338617E-02,3.92407328E-02,4.14121598E-02,4.21678945E-02,4.15031165E-02,4.04384919E-02,4.01765183E-02,4.13878784E-02,4.31608371E-02,4.46276292E-02,4.53615002E-02,4.53547463E-02,4.45389524E-02,4.31834795E-02,4.14921977E-02,3.97617929E-02,3.81636769E-02,3.66522782E-02,3.53519581E-02,3.41721475E-02,3.31143998E-02,3.22299786E-02,3.14891152E-02,3.09623200E-02,3.05773169E-02,3.03871688E-02,3.06238122E-02,3.11626457E-02,3.18755955E-02,3.28655653E-02,3.40697356E-02,3.50193344E-02,3.58276777E-02,3.61526534E-02,3.61266062E-02,3.55398841E-02,3.46151069E-02,3.32459025E-02,3.16247903E-02,2.97150910E-02,2.75418554E-02,2.53410880E-02,2.30523795E-02,2.07828023E-02,1.85254440E-02,1.62998233E-02,1.40328882E-02,1.20167462E-02,1.01108346E-02,8.32336489E-03,6.71906117E-03,5.24441386E-03,4.10445686E-03,3.12885037E-03,2.33611441E-03,1.72485353E-03,1.22461235E-03,8.70742253E-04,6.25436369E-04,4.63076809E-04,3.40567291E-04,2.61678622E-04,2.22368428E-04,1.93465821E-04,1.75827226E-04,1.66965809E-04,1.52422712E-04,1.44310718E-04,1.48646839E-04,1.40932054E-04,1.35822294E-04,1.32661939E-04,1.33391455E-04,1.32031026E-04,1.29685213E-04,1.18289878E-04,1.11782749E-04,1.12150468E-04,1.12291804E-04,1.00617035E-04,1.03411185E-04,1.00354118E-04,9.40418176E-05,9.08111324E-05,9.07852154E-05,8.40557623E-05,8.11087375E-05,7.36353686E-05,7.64612632E-05,6.63274986E-05,6.72001479E-05,6.93496186E-05,6.23187807E-05,6.73004979E-05,6.26210458E-05,6.49755239E-05,4.87339894E-05,5.58009524E-05,5.03647425E-05,5.13249106E-05,4.52376262E-05,4.42106757E-05,4.08314845E-05,4.13977505E-05,4.02950936E-05,4.27639498E-05,3.59887854E-05,3.94809649E-05,4.33272944E-05,3.44834079E-05,3.94465897E-05,4.18192940E-05,3.86653046E-05,4.37866802E-05,4.21292862E-05,4.00990102E-05,4.02549013E-05,4.03310260E-05,4.53948851E-05,4.01590114E-05,3.27615562E-05,4.52568129E-05,4.09034365E-05,2.90259577E-05,3.75370619E-05,2.93326939E-05,3.09405987E-05,2.71252429E-05,2.06429831E-05,1.58034582E-05,1.54243953E-05,2.10312483E-05,1.45451513E-05,1.15827397E-05,1.11874670E-05,9.39019719E-06,1.62455199E-05,4.19744538E-06,1.10299206E-05,6.28396310E-06,1.29881789E-06,8.17034288E-06,2.33457081E-06,7.49525680E-06,1.58189396E-05,5.78285471E-06,7.63869684E-06,5.34649371E-06,1.03354996E-05,7.57083171E-06,5.09812435E-06,1.84370822E-06,4.19850085E-06,6.64811580E-07,-7.45E-07,-1.93E-06,8.60368743E-07,3.40891279E-06,-4.68E-07,6.23329879E-06,1.46638076E-05,1.50408241E-05,3.41954274E-06,6.50592347E-06,1.74186935E-05,3.69426130E-06,1.17199770E-05,6.72370015E-06,3.72765180E-06,1.16603196E-05,4.40717167E-06,5.73331954E-06,1.61826283E-05,7.66688299E-06,7.31604723E-06,1.39875820E-05,3.83204679E-06,-3.61E-06,1.22591218E-05,1.79686740E-05,1.36442977E-05,1.84404453E-05,2.21525297E-05,1.25799561E-05,7.72819567E-06,7.55390101E-06,1.09951895E-06,1.54565464E-06,2.74930553E-05,2.04036623E-05,2.46320124E-05,3.37469064E-05,3.77420156E-06,1.14853619E-05,1.07239248E-05,2.92239147E-05,5.51765197E-06,5.19080550E-06,-2.96E-07,9.91419893E-06,1.88364575E-05,2.65364215E-05,1.74109173E-05,2.07515586E-05,5.83762585E-06,2.08617093E-05,1.22884130E-05,1.81392443E-05,1.74069446E-05,1.92194602E-05,7.16952081E-06,1.88512404E-05,2.67742871E-06,-4.44E-06,1.84625296E-05,2.42390597E-05,-5.48E-06,2.60491270E-05,6.58041108E-06,2.19318317E-05,2.75725120E-06,-9.52E-06,4.54772362E-06,1.52440325E-05,3.13145097E-06,-1.15E-05,2.99997396E-06,1.32149335E-05,1.36794788E-05,4.57004489E-06,-2.36E-05,1.13157430E-05,1.05153786E-05,-1.61E-05,-1.82E-05,2.06471304E-05,3.76014905E-05,3.59504156E-05,2.43312679E-05,INT SYNC:059.94[Hz],DOUBLE FRAME,NORMAL,STANDARD DARK,TWO,CIE1931 (2°),1°,100,0.33333333,0.33333333,NONE,1,734067,2164324,OFF,TRUE,2024/03/25,16:49:46,OK00,----,----,----,CS-3000HDR,3001075,1.00.0008
75,2.11160623E+03,3.87128518E+03,3.35672967E+02,3.87128518E+03,0.33419082,0.6126843,0.13804076,0.5694192,5507.34628,0.09214247,554.572183,85.0690699,376.412691,-309.435267,377.115928,6.99039628E+00,553,3.49183865E-05,-3.23E-06,-3.89E-06,2.33601850E-06,-1.17E-05,-9.85E-06,-2.14E-06,2.20239690E-05,-1.87E-06,-1.10E-05,-3.87E-05,2.83840982E-05,-2.16E-05,1.10649316E-05,3.13979263E-06,3.78239238E-05,1.76144913E-05,3.13921264E-05,2.69931370E-05,-1.44E-05,5.44885879E-05,3.53875475E-05,2.50390149E-05,-8.42E-06,1.49138214E-05,1.41781829E-05,1.82024796E-05,-1.75E-05,8.63659807E-06,1.49666348E-05,8.71976772E-06,-1.59E-05,1.97768732E-05,1.18258697E-06,-1.09E-05,6.55746044E-06,-7.74E-06,9.68232780E-06,1.59938209E-05,1.64353605E-05,1.07336682E-05,3.34484903E-05,-3.24E-07,-2.66E-06,7.23418862E-06,2.45814208E-05,-1.63E-07,1.70458879E-05,1.14985169E-05,1.26622299E-05,1.17429772E-05,-2.27E-05,-4.56E-06,-2.49E-06,-2.31E-05,-6.77E-07,2.08184338E-06,2.87530179E-06,7.22697223E-06,2.63619822E-05,1.14778959E-05,2.50187531E-06,5.81776476E-06,1.06066664E-05,3.09315365E-05,2.95037244E-05,3.54457115E-05,5.01737595E-05,3.36161356E-05,6.74128023E-05,5.25012183E-05,6.57814162E-05,6.61356607E-05,8.10929414E-05,8.43530943E-05,1.15604409E-04,9.07381909E-05,1.00430771E-04,1.33729831E-04,1.46715756E-04,1.36490722E-04,1.48359060E-04,1.43932746E-04,1.80833740E-04,1.91567713E-04,2.36339853E-04,2.87624338E-04,3.42508982E-04,4.17586853E-04,5.77359227E-04,7.59916438E-04,9.85677354E-04,1.29457016E-03,1.67535839E-03,2.15619826E-03,2.73629650E-03,3.33682820E-03,4.07607621E-03,4.97521320E-03,6.00910001E-03,7.30348751E-03,8.67092330E-03,1.05839036E-02,1.24673201E-02,1.47168525E-02,1.71553977E-02,2.00618096E-02,2.26395018E-02,2.51487792E-02,2.76263282E-02,2.98626795E-02,3.21674347E-02,3.39683928E-02,3.57990488E-02,3.74116525E-02,3.90062407E-02,4.06930149E-02,4.25030924E-02,4.41313833E-02,4.51196767E-02,4.55452651E-02,4.51833084E-02,4.46686670E-02,4.42136861E-02,4.36423719E-02,4.33858596E-02,4.32934351E-02,4.34374437E-02,4.37973030E-02,4.38289829E-02,4.40624394E-02,4.42847759E-02,4.44525033E-02,4.44641672E-02,4.48962189E-02,4.51185890E-02,4.52588573E-02,4.52315882E-02,4.53277230E-02,4.54229899E-02,4.53427732E-02,4.53166887E-02,4.52809818E-02,4.53462563E-02,4.55398895E-02,4.55298796E-02,4.57161292E-02,4.61140648E-02,4.65902239E-02,4.76553850E-02,4.90652733E-02,5.08651100E-02,5.33095933E-02,5.58962375E-02,5.84712848E-02,6.12466373E-02,6.42153174E-02,6.77180588E-02,7.12263212E-02,7.52740651E-02,7.90965855E-02,8.31016302E-02,8.77012163E-02,9.31425840E-02,9.83768627E-02,1.00460760E-01,9.91098285E-02,9.69102308E-02,9.68540609E-02,1.00204773E-01,1.04991898E-01,1.09181605E-01,1.12029634E-01,1.12649068E-01,1.11634769E-01,1.09232754E-01,1.05804548E-01,1.02230690E-01,9.85416546E-02,9.49315205E-02,9.18490067E-02,8.89263451E-02,8.62365961E-02,8.40475261E-02,8.21598470E-02,8.06653500E-02,7.91779310E-02,7.86698163E-02,7.87304416E-02,7.95368329E-02,8.10362175E-02,8.34239200E-02,8.64042863E-02,8.91151130E-02,9.12488401E-02,9.23264325E-02,9.24926475E-02,9.13188607E-02,8.94574896E-02,8.64231661E-02,8.25638175E-02,7.79300109E-02,7.28885084E-02,6.74388558E-02,6.16791397E-02,5.55951484E-02,4.96023819E-02,4.35955524E-02,3.73386219E-02,3.18533555E-02,2.67397817E-02,2.20169742E-02,1.78411826E-02,1.39754433E-02,1.09584946E-02,8.46159365E-03,6.46540336E-03,4.90711536E-03,3.68466671E-03,2.77634384E-03,2.20235251E-03,1.78264955E-03,1.49262871E-03,1.31442025E-03,1.17881410E-03,1.07686478E-03,1.00508181E-03,9.66736523E-04,9.15382756E-04,8.89095652E-04,8.70806805E-04,8.67298106E-04,8.25591502E-04,7.85127748E-04,7.87946512E-04,7.71825493E-04,7.62967335E-04,7.42595061E-04,7.38191593E-04,7.20158860E-04,7.04692502E-04,7.04841921E-04,6.82959275E-04,6.82592392E-04,6.75621850E-04,6.49556285E-04,6.39117032E-04,6.36006997E-04,6.39824022E-04,6.22618885E-04,6.14452467E-04,6.03888009E-04,5.81368688E-04,5.86318842E-04,5.70193341E-04,5.60669228E-04,5.36612468E-04,5.58127416E-04,5.14655840E-04,4.92061838E-04,4.92713763E-04,5.06852579E-04,4.86047706E-04,4.88979451E-04,4.83600597E-04,4.75114852E-04,4.68183163E-04,4.52612905E-04,4.54219204E-04,4.49875602E-04,4.64648969E-04,4.43254918E-04,4.29261738E-04,4.34490561E-04,4.41148062E-04,4.43380006E-04,4.39486554E-04,4.27518738E-04,4.26062383E-04,4.35659604E-04,4.38049872E-04,4.22714220E-04,4.05476399E-04,4.14709764E-04,3.83946375E-04,3.42261221E-04,3.18135688E-04,2.93886347E-04,2.61158304E-04,2.17989218E-04,2.08386235E-04,1.54521113E-04,1.23499107E-04,1.14347546E-04,9.77652162E-05,6.74343028E-05,7.53064160E-05,5.25099094E-05,2.51906713E-05,3.32407362E-05,1.76760987E-05,1.18274966E-05,1.39939802E-05,1.41422233E-05,1.48592553E-05,3.54107328E-06,9.73244823E-06,8.20543937E-06,9.50990216E-06,-9.09E-06,9.11568623E-06,1.62329015E-05,8.36947765E-06,2.32813773E-06,1.05986173E-05,1.71732281E-05,1.34536767E-05,8.26393716E-06,3.24921814E-07,9.39661822E-06,1.85747795E-05,1.47678975E-05,3.79925696E-05,2.46314685E-05,1.51407471E-06,-1.24E-05,-5.70E-06,2.09647101E-06,1.84436749E-06,6.49508320E-06,-1.19E-05,1.26692894E-05,2.27656765E-05,1.20622599E-05,1.12438620E-05,3.84330633E-05,-2.21E-05,4.98435611E-06,2.08143265E-05,-1.51E-05,-2.89E-05,9.97526422E-06,9.31287468E-06,2.45130614E-05,3.50066366E-05,3.90258938E-05,-1.07E-05,4.31210856E-06,1.60406562E-05,3.54414769E-05,2.56660460E-05,2.88538886E-05,3.61717648E-05,5.01508839E-05,4.75207780E-05,2.21927585E-05,5.01797331E-05,1.83763605E-05,1.84088494E-05,1.28299926E-05,3.95137722E-05,-1.43E-05,1.09541434E-05,4.33954483E-05,-1.63E-05,2.85893475E-05,5.95884449E-05,5.34892069E-06,3.07294031E-05,2.52199588E-05,-1.60E-05,-9.90E-06,7.52302731E-06,-1.02E-05,-4.17E-06,1.22284619E-05,6.65249972E-05,6.11272771E-05,6.30230988E-06,6.62366947E-05,2.30611076E-05,-1.85E-05,1.31048027E-05,1.05220126E-04,6.40920334E-05,4.74422122E-05,-4.80E-05,-2.26E-05,1.35423716E-05,3.26648333E-05,3.59991827E-05,1.17075819E-04,-2.95E-05,-1.99E-05,1.99516380E-05,-2.07E-06,-7.14E-06,6.65484185E-05,-1.04E-05,-2.30E-05,-1.08E-05,INT SYNC:059.94[Hz],DOUBLE FRAME,NORMAL,STANDARD DARK,TWO,CIE1931 (2°),1°,100,0.33333333,0.33333333,NONE,1,300300,1296535,OFF,TRUE,2024/03/25,16:49:51,OK00,----,----,----,CS-3000HDR,3001075,1.00.0008
76,9.64834747E+02,1.82753325E+03,1.74642570E+02,1.82753325E+03,0.3251875,0.61595104,0.133533,0.56909332,5645.74012,0.09538818,553.069847,83.4778175,289.548216,-252.57867,285.957241,3.33321170E+00,552,-7.27E-06,1.20179702E-05,-2.98E-05,-2.57E-05,-3.66E-06,4.74241051E-06,3.04028077E-07,1.74785200E-05,-1.45E-05,2.75354751E-07,-9.13E-06,2.01138064E-05,6.19887396E-06,7.57051976E-06,-3.77E-06,1.08002369E-05,-4.64E-06,2.83391523E-06,-5.34E-06,1.03773482E-05,-3.24E-06,9.68408949E-06,-4.04E-06,-7.81E-06,9.90812259E-06,3.28996066E-06,-7.17E-06,-3.14E-06,6.47722436E-06,-4.27E-06,-1.34E-06,1.48547588E-05,4.24818472E-06,-4.82E-07,1.08943050E-05,3.76374305E-06,1.47393121E-06,1.29646116E-06,-8.77E-07,5.52056645E-06,1.63140230E-05,1.05338659E-05,1.03454004E-05,1.56346287E-05,1.46699804E-05,1.87304613E-06,7.83785126E-08,7.58478427E-06,6.61632885E-06,-1.58E-06,1.13621616E-06,4.18585159E-06,1.24180087E-05,6.26864085E-06,6.41171209E-06,2.61443711E-06,3.45295774E-07,-4.00E-06,3.62539765E-07,1.57690883E-05,4.25721919E-06,9.71685313E-06,7.63524440E-06,8.36412983E-06,1.34554266E-05,2.60308534E-05,2.73354344E-05,3.89260895E-05,4.20209035E-05,4.41878256E-05,4.10223620E-05,6.02957880E-05,7.99063055E-05,8.23563460E-05,8.85024201E-05,9.85573279E-05,1.10715453E-04,1.08995919E-04,1.08507993E-04,1.21064542E-04,1.17524389E-04,1.21825826E-04,1.24101702E-04,1.26760584E-04,1.39633965E-04,1.57737581E-04,1.94898355E-04,2.19687514E-04,2.55527906E-04,3.51498718E-04,4.34466288E-04,5.43021131E-04,7.06948922E-04,8.99837120E-04,1.14225631E-03,1.44666736E-03,1.78887497E-03,2.18006293E-03,2.68434826E-03,3.25013185E-03,3.87920369E-03,4.67160717E-03,5.66171343E-03,6.72996603E-03,7.86435325E-03,9.12566949E-03,1.05642779E-02,1.18192257E-02,1.30528202E-02,1.41704781E-02,1.52160637E-02,1.62083693E-02,1.70846563E-02,1.79189537E-02,1.87599100E-02,1.96247548E-02,2.05648169E-02,2.16467269E-02,2.26516258E-02,2.34306995E-02,2.38697231E-02,2.40762532E-02,2.41212286E-02,2.40955707E-02,2.39125732E-02,2.37811357E-02,2.37294585E-02,2.36496031E-02,2.36326884E-02,2.35817600E-02,2.35041250E-02,2.33053174E-02,2.31682658E-02,2.30056252E-02,2.29395386E-02,2.28522327E-02,2.27640942E-02,2.27640737E-02,2.26136614E-02,2.25104392E-02,2.24011000E-02,2.23260671E-02,2.23231576E-02,2.22857594E-02,2.23149844E-02,2.23355219E-02,2.25424077E-02,2.26682350E-02,2.29138900E-02,2.33313646E-02,2.38463096E-02,2.47327760E-02,2.59098634E-02,2.72555929E-02,2.85600293E-02,2.99407635E-02,3.13958973E-02,3.30880582E-02,3.48540433E-02,3.67182493E-02,3.86591479E-02,4.05833684E-02,4.27771583E-02,4.54915389E-02,4.80740964E-02,4.89945523E-02,4.82445024E-02,4.71177250E-02,4.68459614E-02,4.83642183E-02,5.04324883E-02,5.21064028E-02,5.31376638E-02,5.30630909E-02,5.21896593E-02,5.07171862E-02,4.87588830E-02,4.66809869E-02,4.47040312E-02,4.29806821E-02,4.13954481E-02,4.00546454E-02,3.87353003E-02,3.77298258E-02,3.68612856E-02,3.61750685E-02,3.56877483E-02,3.54349762E-02,3.57097909E-02,3.62566300E-02,3.71416882E-02,3.83718014E-02,3.97531763E-02,4.09967415E-02,4.19036746E-02,4.23350632E-02,4.23376970E-02,4.16655578E-02,4.06922176E-02,3.91318984E-02,3.72081473E-02,3.49309705E-02,3.23627032E-02,2.97901817E-02,2.70743035E-02,2.43895240E-02,2.17184648E-02,1.90630164E-02,1.63158067E-02,1.39968181E-02,1.17645115E-02,9.67882760E-03,7.78276613E-03,6.10517757E-03,4.72552935E-03,3.60274571E-03,2.69865524E-03,1.98675110E-03,1.38559740E-03,1.00672594E-03,7.22162309E-04,5.27815428E-04,3.96786490E-04,3.21272644E-04,2.48815893E-04,2.19318550E-04,1.95115907E-04,1.89865677E-04,1.72613130E-04,1.65631674E-04,1.65459001E-04,1.64971018E-04,1.60011565E-04,1.51183704E-04,1.61467760E-04,1.54307199E-04,1.45438200E-04,1.40089265E-04,1.33317080E-04,1.30002081E-04,1.27391017E-04,1.25759660E-04,1.18008429E-04,1.12530906E-04,1.08637512E-04,1.00671066E-04,9.54813440E-05,9.15946584E-05,9.12264877E-05,8.30246645E-05,8.32712321E-05,8.21072899E-05,7.73706051E-05,7.99480185E-05,7.34459172E-05,6.48801870E-05,6.96271381E-05,6.46853878E-05,5.34921310E-05,6.37071571E-05,6.34957469E-05,5.45236035E-05,5.40462970E-05,5.42001762E-05,5.47802993E-05,4.52107452E-05,4.40321164E-05,4.53136236E-05,4.51601991E-05,4.26269253E-05,5.25303985E-05,4.58611357E-05,4.20952965E-05,4.84465527E-05,4.12082518E-05,4.22616722E-05,4.76679415E-05,4.43220197E-05,4.51882479E-05,5.44446120E-05,5.30493162E-05,4.05996034E-05,3.72763025E-05,4.82702671E-05,3.54837211E-05,3.45910194E-05,3.58133439E-05,2.96170820E-05,2.23711813E-05,2.43143259E-05,2.13303574E-05,2.04782409E-05,1.56758706E-05,1.38686628E-05,1.74649012E-05,1.44871874E-05,1.34632419E-05,4.92280969E-06,1.54803638E-05,3.65464507E-06,1.90864193E-05,4.07381458E-06,4.95559334E-06,5.21016273E-06,2.70746204E-06,2.79922205E-07,6.95820916E-07,4.64472032E-06,1.33289291E-06,-2.77E-09,1.32684172E-05,1.58512776E-05,-6.44E-06,1.65279369E-06,8.29268083E-06,8.32752266E-06,6.92383219E-06,1.74257559E-06,5.69101587E-07,1.51889808E-05,7.07812751E-06,1.45186623E-05,1.48826393E-05,-5.94E-06,-3.85E-06,9.05051365E-06,6.59233547E-06,3.71769988E-06,1.71801312E-05,1.06834923E-05,-1.99E-06,1.44283276E-05,1.54380832E-05,1.62982051E-05,1.85586268E-05,1.40659249E-05,6.25686312E-07,2.35109510E-05,-4.22E-07,4.31243507E-06,4.16574130E-06,8.15076874E-06,7.52865117E-06,8.73185763E-06,1.63118748E-05,2.16826338E-05,1.51772938E-05,-8.71E-06,1.59246119E-05,8.61544777E-06,1.70792862E-06,6.45841237E-06,3.68814835E-05,1.50518417E-05,2.34481722E-05,2.35462321E-05,2.60171400E-05,2.14880256E-05,2.71697882E-05,3.40996121E-05,3.18473431E-05,2.54962742E-05,2.08450656E-05,1.14238055E-05,1.40711463E-05,2.41871148E-05,7.09738561E-06,-4.24E-06,3.08971648E-05,2.34333675E-05,7.24756228E-06,3.58156899E-06,-3.96E-06,1.30102935E-05,-6.48E-06,-6.28E-06,5.49392598E-06,3.53324867E-05,-2.48E-05,4.83138901E-05,5.54211852E-07,-7.68E-06,7.60497096E-06,1.18884645E-05,2.13640542E-05,1.88532831E-05,2.80387158E-05,1.66807822E-05,-4.61E-05,-1.20E-05,1.56698643E-05,-6.19E-06,-8.45E-06,3.53978176E-05,2.15615382E-05,2.71181852E-05,8.85354439E-06,-1.38E-05,-5.78E-06,1.73214030E-05,1.02605618E-05,INT SYNC:059.94[Hz],DOUBLE FRAME,NORMAL,STANDARD DARK,TWO,CIE1931 (2°),1°,100,0.33333333,0.33333333,NONE,1,633967,1965448,OFF,TRUE,2024/03/25,16:49:54,OK00,----,----,----,CS-3000HDR,3001075,1.00.0008
77,2.10665726E+03,3.87129236E+03,3.36267486E+02,3.87129236E+03,0.33363713,0.61310726,0.13772412,0.56944871,5515.87633,0.09239203,554.481029,85.0380315,376.412933,-310.516819,376.939658,6.98419865E+00,553,-1.56E-05,-2.30E-05,-3.91E-05,-3.61E-06,-4.53E-05,-2.76E-05,2.13496332E-05,2.31887279E-05,4.50175212E-05,2.38264529E-05,-1.62E-05,1.19297408E-06,8.74740181E-06,4.60982556E-05,2.95345999E-05,-1.41E-05,-1.18E-05,2.69026241E-05,-1.81E-05,-2.20E-05,3.54425938E-05,3.22560663E-05,4.25569669E-06,-2.25E-05,3.06837246E-05,1.19784463E-05,2.80041913E-05,2.93700896E-06,4.44686839E-06,5.81957238E-06,1.83478332E-05,-4.17E-06,5.74706610E-06,8.25743882E-06,-2.54E-06,-1.89E-05,1.98579983E-05,2.81523207E-05,1.92803473E-05,8.30704539E-06,1.63628265E-05,1.54187946E-05,-1.73E-06,-1.73E-06,1.05975969E-05,1.37397446E-05,1.26822861E-05,8.27255462E-06,-1.53E-06,2.52194150E-05,9.21678804E-07,-2.00E-05,1.61427506E-05,-2.38E-06,1.25985862E-05,6.18404647E-06,1.12391115E-06,5.75857121E-06,2.28085373E-05,1.12905764E-05,1.75060595E-05,1.62215074E-05,1.88267350E-05,2.76460087E-05,6.63968285E-06,2.57213724E-05,3.48109243E-05,4.00438221E-05,4.09483982E-05,6.13460870E-05,7.81458366E-05,8.15732419E-05,7.00457022E-05,7.71446139E-05,1.04878192E-04,9.08075890E-05,1.05134735E-04,9.73640126E-05,1.12335285E-04,1.22993166E-04,1.22922371E-04,1.36335482E-04,1.46458900E-04,1.43788915E-04,2.09944264E-04,2.21766211E-04,2.83943198E-04,3.37881909E-04,4.20155993E-04,5.99179824E-04,7.60280353E-04,9.83632752E-04,1.26823667E-03,1.70900836E-03,2.17329152E-03,2.72425404E-03,3.34344897E-03,4.13836446E-03,5.00771496E-03,6.05590641E-03,7.25889066E-03,8.76809750E-03,1.05560487E-02,1.25332391E-02,1.48143182E-02,1.71867535E-02,2.00032257E-02,2.26643831E-02,2.51591802E-02,2.76104864E-02,2.98513416E-02,3.21662538E-02,3.40758488E-02,3.59025113E-02,3.74518372E-02,3.90736721E-02,4.08027507E-02,4.26236391E-02,4.41016741E-02,4.52253632E-02,4.55532297E-02,4.52859402E-02,4.48597632E-02,4.43128571E-02,4.37061042E-02,4.34563197E-02,4.32771444E-02,4.34924141E-02,4.38387692E-02,4.40517478E-02,4.41022255E-02,4.42901812E-02,4.45019044E-02,4.46449630E-02,4.48962376E-02,4.51317392E-02,4.53145690E-02,4.54029776E-02,4.54894714E-02,4.54606377E-02,4.53949720E-02,4.53592800E-02,4.53002974E-02,4.54004258E-02,4.54926267E-02,4.56177779E-02,4.57526930E-02,4.60355207E-02,4.67587635E-02,4.76092733E-02,4.91559990E-02,5.10355346E-02,5.34114130E-02,5.61539531E-02,5.87251820E-02,6.13237731E-02,6.44414723E-02,6.77132234E-02,7.15162903E-02,7.54159316E-02,7.93061703E-02,8.30325186E-02,8.79674181E-02,9.32045355E-02,9.84317139E-02,1.00505553E-01,9.90032479E-02,9.69729275E-02,9.68476906E-02,1.00134075E-01,1.05054356E-01,1.09247439E-01,1.12006709E-01,1.12848379E-01,1.11674294E-01,1.09249726E-01,1.06145091E-01,1.02317832E-01,9.85594690E-02,9.50766206E-02,9.18421522E-02,8.91539901E-02,8.62506628E-02,8.41567442E-02,8.21972713E-02,8.07637647E-02,7.93694630E-02,7.86665827E-02,7.88475573E-02,7.95605332E-02,8.11844766E-02,8.34474638E-02,8.62588510E-02,8.89654905E-02,9.12074894E-02,9.23940837E-02,9.24304575E-02,9.14338827E-02,8.93892348E-02,8.64353180E-02,8.27186108E-02,7.81291053E-02,7.27813393E-02,6.72873557E-02,6.16846457E-02,5.56243584E-02,4.94736023E-02,4.34680954E-02,3.71735618E-02,3.17257419E-02,2.65699700E-02,2.18188614E-02,1.74953304E-02,1.37594631E-02,1.06980009E-02,8.19313340E-03,6.21892000E-03,4.65931883E-03,3.43660591E-03,2.58413167E-03,1.98259088E-03,1.56334601E-03,1.30102911E-03,1.11768045E-03,9.92692309E-04,8.91198637E-04,8.23721231E-04,7.94059015E-04,7.55100278E-04,7.33879511E-04,7.09793472E-04,6.99318713E-04,6.77811098E-04,6.58597215E-04,6.51017821E-04,6.54578267E-04,6.31048053E-04,6.01252541E-04,6.03981840E-04,5.93122561E-04,5.74380276E-04,5.53605787E-04,5.51188481E-04,5.53847291E-04,5.33850689E-04,5.13990235E-04,4.99750837E-04,4.98844660E-04,4.99705784E-04,4.84055112E-04,4.81596100E-04,4.54342749E-04,4.47146478E-04,4.43514960E-04,4.25668928E-04,4.25186357E-04,4.25187172E-04,4.21057281E-04,3.90942092E-04,3.86326894E-04,3.66134162E-04,3.77715769E-04,3.67097731E-04,3.55537893E-04,3.71238653E-04,3.56075412E-04,3.42426560E-04,3.48194561E-04,3.46793473E-04,3.49866023E-04,3.41312814E-04,3.49540089E-04,3.50881804E-04,3.38698126E-04,3.45561071E-04,3.38570098E-04,3.34368058E-04,3.33748554E-04,3.22377484E-04,3.38462269E-04,3.47266556E-04,3.34454904E-04,3.07008828E-04,3.10327770E-04,2.83404981E-04,2.72266363E-04,2.38184875E-04,2.24034186E-04,1.85088662E-04,1.81558426E-04,1.44942518E-04,1.11364832E-04,9.82455385E-05,6.84289698E-05,6.18794656E-05,5.28618912E-05,5.28089658E-05,4.37828821E-05,3.11379663E-05,4.86730860E-05,2.20167840E-05,2.77592299E-05,2.62916292E-05,1.29726177E-05,1.08269096E-05,3.84258419E-06,-1.72E-06,4.37359859E-06,9.96660583E-06,-5.40E-06,1.69196410E-05,1.31227207E-05,-4.38E-06,2.77446088E-06,1.99471197E-05,2.46996351E-05,4.79248365E-06,8.95189805E-06,1.47646051E-05,1.03003129E-06,1.06921389E-05,4.38982170E-07,1.63954319E-05,1.81137748E-05,5.87499062E-06,2.78827247E-06,2.40827285E-06,8.13020563E-07,1.89598140E-05,-1.84E-05,2.91859378E-05,7.13608415E-06,1.16034680E-05,1.32261157E-05,2.63959791E-05,-3.34E-06,2.33279225E-05,2.06546265E-05,1.09472257E-05,1.67821945E-05,1.26843788E-05,2.37592758E-05,2.15348828E-05,1.53941255E-05,4.06588952E-05,3.15056132E-05,8.96698566E-06,-6.27E-06,1.40219727E-05,-4.05E-06,3.29921531E-05,9.94789025E-06,1.09967332E-05,3.46230481E-05,3.50846640E-05,2.17632460E-05,2.59669523E-05,6.01411784E-06,3.03048510E-05,3.90701025E-05,6.13721422E-05,4.04006387E-05,1.62136457E-05,3.36674348E-05,3.41251834E-05,3.83234401E-05,1.54659338E-05,5.45666990E-06,2.18194473E-05,3.65859160E-05,4.70978250E-07,-1.10E-05,9.68011591E-06,1.11004338E-05,-6.13E-05,1.03904731E-05,3.89857414E-05,5.69105359E-05,2.57198953E-05,3.59679279E-06,-4.49E-05,3.74586875E-06,2.83536665E-05,2.98452014E-05,2.46672971E-05,-9.49E-06,-3.08E-05,-2.97E-05,1.04895780E-05,8.77695584E-06,3.48421345E-05,-5.51E-05,2.97725346E-05,-5.05E-06,-2.03E-05,-1.79E-05,-2.30E-05,-2.40E-05,-1.53E-04,-7.65E-05,-2.47E-06,INT SYNC:059.94[Hz],DOUBLE FRAME,NORMAL,STANDARD DARK,TWO,CIE1931 (2°),1°,100,0.33333333,0.33333333,NONE,1,300300,1294572,OFF,TRUE,2024/03/25,16:49:58,OK00,----,----,----,CS-3000HDR,3001075,1.00.0008
78,1.11765465E+03,2.11268395E+03,2.01059698E+02,2.11268395E+03,0.32571405,0.61569184,0.13380642,0.56909708,5637.65374,0.09518291,553.157774,83.549827,304.678246,-264.326292,300.465057,3.85072150E+00,553,-4.74E-06,2.30377213E-06,5.02232115E-06,8.44991428E-06,-6.33E-06,-8.75E-06,7.31587488E-06,4.55259669E-06,-7.66E-06,2.60128945E-05,5.53003019E-06,9.54424763E-07,-3.55E-07,-8.65E-06,1.17958825E-05,-7.86E-06,6.95437438E-06,1.37495899E-05,7.77223613E-06,8.06782009E-06,-2.81E-06,7.59232080E-07,1.82820668E-06,1.26709247E-05,1.87124060E-05,1.58544972E-05,-1.83E-06,1.19789529E-05,6.36091318E-06,1.09450157E-05,1.52080802E-05,2.48555068E-07,-3.86E-07,-4.31E-06,8.83339635E-06,4.82176119E-06,-4.54E-06,1.68514562E-05,7.73223292E-07,1.35165346E-05,5.93202412E-06,5.34493938E-06,-1.17E-06,-4.70E-06,1.19339611E-05,-1.14E-05,9.40880182E-06,9.00073792E-06,-1.68E-06,5.79136486E-06,-5.80E-06,-2.06E-07,-3.37E-07,7.39440338E-06,-7.47E-06,1.39107478E-05,1.63539844E-05,4.96444909E-06,4.15542445E-06,1.00893010E-06,1.04689643E-05,3.24110370E-05,9.05165416E-06,-2.59E-06,1.28606098E-05,2.26842003E-05,2.63535985E-05,2.80364075E-05,5.28223100E-05,5.60660410E-05,5.84157315E-05,5.88622643E-05,6.59288053E-05,8.64566973E-05,9.24132182E-05,8.60549117E-05,8.38842025E-05,1.08309294E-04,1.09854074E-04,1.20831690E-04,1.16953794E-04,1.38073170E-04,1.33598776E-04,1.33819107E-04,1.57199829E-04,1.81703697E-04,2.04403084E-04,2.39122339E-04,2.86486262E-04,3.83173232E-04,4.91207640E-04,6.31320174E-04,7.89295242E-04,1.03600451E-03,1.30925118E-03,1.65101921E-03,2.05830648E-03,2.49684765E-03,3.08031100E-03,3.71994125E-03,4.48736455E-03,5.42982994E-03,6.57708198E-03,7.78129231E-03,9.17220209E-03,1.06468741E-02,1.22222370E-02,1.38039822E-02,1.53304907E-02,1.65965166E-02,1.78445838E-02,1.89495534E-02,1.98962986E-02,2.08962783E-02,2.17264052E-02,2.26731915E-02,2.37288494E-02,2.48559229E-02,2.59560850E-02,2.67243646E-02,2.71620061E-02,2.73510646E-02,2.74507180E-02,2.72737592E-02,2.71277484E-02,2.71004289E-02,2.70429328E-02,2.70486828E-02,2.70470958E-02,2.69520730E-02,2.69299895E-02,2.68489905E-02,2.67865323E-02,2.65793763E-02,2.64650956E-02,2.63477117E-02,2.63033789E-02,2.62813345E-02,2.61077601E-02,2.59713940E-02,2.59041674E-02,2.58074366E-02,2.56910156E-02,2.56374609E-02,2.56901607E-02,2.57889293E-02,2.58593298E-02,2.61952206E-02,2.64410228E-02,2.68357638E-02,2.75786668E-02,2.84853652E-02,2.99675670E-02,3.13112624E-02,3.28676105E-02,3.44955660E-02,3.60756554E-02,3.80710550E-02,4.01117653E-02,4.22580279E-02,4.44167405E-02,4.66235802E-02,4.93107922E-02,5.23618832E-02,5.53595461E-02,5.64660542E-02,5.55363260E-02,5.41258603E-02,5.40874638E-02,5.57328947E-02,5.81441969E-02,6.03215136E-02,6.14120401E-02,6.15897141E-02,6.05956614E-02,5.88026866E-02,5.65915518E-02,5.43008037E-02,5.20847216E-02,4.99701612E-02,4.81431633E-02,4.64161597E-02,4.49721739E-02,4.38362472E-02,4.27774042E-02,4.19815369E-02,4.13109101E-02,4.10649069E-02,4.12886553E-02,4.19007279E-02,4.29834872E-02,4.44546863E-02,4.60623018E-02,4.74746525E-02,4.85603586E-02,4.90245149E-02,4.90266308E-02,4.83699813E-02,4.71726432E-02,4.54999693E-02,4.32641134E-02,4.07707803E-02,3.77137475E-02,3.47657390E-02,3.16046812E-02,2.84555685E-02,2.52621640E-02,2.21262686E-02,1.90222617E-02,1.61590800E-02,1.35616204E-02,1.11567182E-02,8.95547308E-03,6.99912012E-03,5.41474856E-03,4.10729414E-03,3.07519152E-03,2.25387840E-03,1.60122465E-03,1.14242407E-03,8.24971998E-04,6.10427058E-04,4.44029691E-04,3.52391507E-04,2.90097174E-04,2.60563247E-04,2.32063772E-04,2.21264767E-04,2.08994374E-04,2.09100283E-04,1.93170534E-04,1.91068713E-04,1.86051417E-04,1.82444448E-04,1.81115625E-04,1.86522622E-04,1.74254063E-04,1.64501966E-04,1.56615031E-04,1.52520632E-04,1.51502463E-04,1.43676341E-04,1.29866996E-04,1.35926981E-04,1.26208746E-04,1.16064512E-04,1.15269919E-04,1.03279992E-04,1.08735978E-04,1.01101541E-04,9.42974439E-05,9.51674519E-05,8.94923505E-05,7.99092304E-05,7.83640498E-05,8.40336070E-05,7.95562446E-05,7.10920867E-05,7.20791213E-05,6.35295291E-05,5.58351821E-05,5.93555815E-05,6.06568829E-05,6.05710629E-05,6.12291115E-05,4.86021599E-05,4.70507985E-05,6.27432019E-05,5.41680456E-05,5.92497854E-05,4.60285919E-05,5.29355966E-05,5.11419639E-05,4.78278780E-05,4.81222451E-05,4.91652281E-05,5.22366972E-05,4.55269401E-05,4.01466132E-05,4.75724628E-05,4.90928578E-05,5.24630377E-05,5.31050282E-05,4.86511781E-05,3.92816073E-05,4.24477657E-05,3.86737629E-05,3.62089631E-05,3.72004106E-05,2.34106574E-05,1.70509047E-05,1.91730487E-05,2.18282003E-05,1.96397377E-05,1.06554553E-05,8.76471768E-06,1.91410891E-05,1.02648291E-05,9.25717632E-06,6.48238984E-06,1.20462319E-05,9.15332839E-06,9.95725804E-06,5.89137835E-06,3.95538700E-06,1.08877030E-05,-2.90E-06,6.77394428E-06,3.52568122E-06,5.33780758E-06,4.45455680E-06,8.95242556E-06,1.70895000E-05,1.33939066E-05,-4.95E-06,-1.23E-06,-6.42E-06,-2.76E-06,3.87044884E-06,1.20949935E-05,7.77218247E-06,-3.45E-06,1.19168435E-05,1.74022643E-05,-1.85E-06,4.01436091E-06,1.76888750E-06,1.02108493E-06,-1.68E-05,9.08722359E-06,8.23432765E-06,8.60732962E-06,8.88010982E-06,1.42483959E-05,1.12177395E-05,2.09649588E-05,9.04791887E-06,4.99122689E-06,1.21707008E-05,3.58314105E-06,-3.45E-07,-9.22E-08,1.39334425E-05,1.69213235E-05,2.28032172E-06,3.34751530E-05,1.43091311E-05,9.56681470E-06,3.46787806E-06,-8.35E-07,7.19133322E-06,3.49189099E-06,6.77740536E-06,1.91884992E-05,2.63153997E-05,1.34289248E-05,1.46076509E-05,1.77733145E-05,2.64432424E-06,1.28816928E-05,2.22616036E-05,1.30756343E-05,2.94449765E-05,1.92292846E-05,-1.27E-05,1.66850405E-05,3.40609149E-05,-1.30E-05,1.51463073E-05,2.11550851E-05,2.01585572E-05,-2.91E-06,1.62969282E-05,3.68127803E-06,-9.18E-06,-1.14E-05,1.63011500E-05,1.89283412E-06,3.62084174E-05,4.36013324E-05,-1.26E-05,2.29308316E-05,2.39696456E-05,5.77895707E-06,-2.24E-05,-1.50E-05,5.23090457E-05,-1.80E-05,-5.07E-05,3.01368982E-05,-2.27E-05,6.88482833E-05,1.23220534E-05,1.48115541E-05,-2.58E-07,-3.22E-05,-3.75E-06,5.17629378E-05,1.79716953E-05,6.34825119E-05,1.43465113E-05,INT SYNC:059.94[Hz],DOUBLE FRAME,NORMAL,STANDARD DARK,TWO,CIE1931 (2°),1°,100,0.33333333,0.33333333,NONE,1,533867,1762973,OFF,TRUE,2024/03/25,16:50:02,OK00,----,----,----,CS-3000HDR,3001075,1.00.0008
79,2.09889267E+03,3.86374975E+03,3.35702582E+02,3.86374975E+03,0.33324511,0.61345476,0.137492,0.56948032,5521.91527,0.09257951,554.41666,85.030644,376.157916,-311.116262,376.667854,6.96600230E+00,553,-1.75E-05,1.46093754E-07,-2.21E-06,-2.44E-05,7.02313127E-06,-4.48E-06,1.09176790E-05,7.61074216E-06,-2.07E-05,2.93913090E-05,6.06924800E-07,-7.63E-06,6.20289502E-05,1.93555952E-05,2.15228429E-05,-1.19E-05,1.65317088E-05,2.54145889E-05,2.65987983E-05,-9.55E-06,-1.10E-05,4.27696978E-06,-7.66E-06,1.51560916E-05,1.52198400E-05,1.74895868E-05,7.45234775E-06,1.90882456E-05,2.74809577E-06,-1.10E-05,9.06394507E-06,2.06709956E-05,9.14428620E-06,4.34634330E-06,7.21654214E-06,3.95780808E-06,1.83122083E-05,2.88144984E-05,1.20623981E-05,5.59662340E-06,2.15375694E-05,1.87104399E-06,7.33704110E-06,2.19302983E-05,4.03131753E-06,-9.90E-06,7.83291762E-06,8.04376305E-06,2.50749758E-06,2.06018030E-05,-1.29E-05,1.78347727E-05,1.63974055E-05,2.19984258E-06,1.42475628E-05,-1.63E-05,1.59268930E-05,3.88155713E-05,1.62411470E-05,-1.84E-05,-1.16E-05,4.10764187E-07,2.05551660E-05,-3.59E-06,8.08704226E-06,1.98569414E-05,2.76639967E-05,3.15708457E-05,5.44778959E-05,7.54990833E-05,6.33045420E-05,6.62144375E-05,7.55110523E-05,5.86657698E-05,1.02749611E-04,1.01799982E-04,1.00174671E-04,1.26440194E-04,1.17317293E-04,1.35533133E-04,1.23352133E-04,1.32954287E-04,1.41570097E-04,1.52882887E-04,1.98902591E-04,2.27706842E-04,2.76751816E-04,3.38745303E-04,4.33522888E-04,5.84052177E-04,7.48553546E-04,9.97843686E-04,1.27776118E-03,1.69224082E-03,2.13749637E-03,2.70329905E-03,3.35855153E-03,4.07810276E-03,5.00371167E-03,6.03367155E-03,7.26823788E-03,8.77320115E-03,1.04986997E-02,1.25729172E-02,1.47527307E-02,1.71994697E-02,1.99657008E-02,2.26409622E-02,2.51332987E-02,2.75472086E-02,2.98869200E-02,3.20925452E-02,3.40963937E-02,3.57900709E-02,3.73881757E-02,3.89873497E-02,4.07106541E-02,4.25328873E-02,4.41158414E-02,4.51274663E-02,4.54129055E-02,4.51889485E-02,4.47661430E-02,4.42387424E-02,4.37418036E-02,4.34713997E-02,4.33156304E-02,4.35165614E-02,4.37471755E-02,4.37780991E-02,4.40736488E-02,4.43255715E-02,4.43252362E-02,4.45842221E-02,4.49538231E-02,4.50850502E-02,4.52676974E-02,4.53640781E-02,4.53098379E-02,4.54106703E-02,4.54225279E-02,4.52446751E-02,4.53323685E-02,4.54001836E-02,4.53727096E-02,4.55193073E-02,4.55806628E-02,4.60647717E-02,4.66709509E-02,4.76776659E-02,4.91036512E-02,5.09795547E-02,5.32814190E-02,5.59607558E-02,5.85864745E-02,6.11866750E-02,6.41544834E-02,6.76202327E-02,7.13317916E-02,7.53641278E-02,7.93087482E-02,8.32770243E-02,8.78578201E-02,9.31842253E-02,9.85651240E-02,1.00468867E-01,9.91917774E-02,9.67902020E-02,9.68007967E-02,1.00074917E-01,1.04957037E-01,1.09088726E-01,1.11899182E-01,1.12711370E-01,1.11615933E-01,1.09258808E-01,1.05747774E-01,1.02299288E-01,9.84040946E-02,9.49369073E-02,9.17173177E-02,8.87710005E-02,8.62265080E-02,8.39783400E-02,8.20802599E-02,8.06268230E-02,7.92785287E-02,7.84210414E-02,7.85965323E-02,7.95442089E-02,8.10013637E-02,8.35295841E-02,8.62187520E-02,8.89777094E-02,9.10573378E-02,9.21100527E-02,9.24567431E-02,9.13679227E-02,8.92552063E-02,8.63046274E-02,8.26112255E-02,7.79293105E-02,7.26780519E-02,6.71183690E-02,6.13562353E-02,5.53928204E-02,4.91773598E-02,4.32590246E-02,3.70176286E-02,3.14574130E-02,2.63002589E-02,2.16021780E-02,1.72983520E-02,1.34940855E-02,1.04935840E-02,8.01254809E-03,6.04101643E-03,4.47103754E-03,3.22473864E-03,2.40815687E-03,1.82312331E-03,1.40115223E-03,1.12808391E-03,9.41748149E-04,8.15561914E-04,7.64738361E-04,6.99539029E-04,6.77172036E-04,6.34637894E-04,6.10724906E-04,6.06320682E-04,5.90771611E-04,5.74137084E-04,5.48204174E-04,5.44285693E-04,5.38799446E-04,5.13188308E-04,5.04664727E-04,5.03613148E-04,4.82040137E-04,4.81883239E-04,4.68335813E-04,4.47760947E-04,4.38385061E-04,4.35718131E-04,4.17922507E-04,4.12406836E-04,4.07911313E-04,3.89909808E-04,3.87427455E-04,3.72637820E-04,3.65535263E-04,3.64905572E-04,3.52757139E-04,3.38997139E-04,3.27465677E-04,3.33765696E-04,3.21703526E-04,3.08165734E-04,3.04788729E-04,2.95967708E-04,2.95047648E-04,2.91284086E-04,2.80427310E-04,2.77164538E-04,2.82640394E-04,2.73766578E-04,2.67088035E-04,2.71727738E-04,2.74054764E-04,2.83768284E-04,2.58699554E-04,2.55151303E-04,2.54980288E-04,2.58432934E-04,2.60846020E-04,2.69420969E-04,2.62340473E-04,2.58430809E-04,2.61838664E-04,2.52726662E-04,2.38470166E-04,2.35830375E-04,2.53728504E-04,2.23342809E-04,1.99914692E-04,1.88617894E-04,1.74433459E-04,1.49264670E-04,1.32634101E-04,9.47925146E-05,1.05555941E-04,8.41606234E-05,5.67493626E-05,6.21617000E-05,5.47048512E-05,2.95107620E-05,3.65550441E-05,2.57929114E-05,1.70042313E-05,1.65378278E-05,1.26654541E-05,1.26430832E-05,1.80361021E-05,1.27871226E-05,1.05159133E-05,-1.36E-07,2.42570768E-05,6.82171276E-06,3.58558805E-06,5.98892302E-06,3.22977644E-06,-3.95E-06,-1.02E-05,4.28094654E-06,2.30640944E-05,7.81464041E-06,1.73803273E-05,3.92563834E-06,-2.35E-06,1.77345519E-05,8.04243336E-06,3.47054520E-05,2.24067298E-05,1.93850628E-05,5.31101296E-06,8.09843550E-06,1.15559506E-05,-1.37E-05,1.63277382E-05,3.49461288E-06,1.31008665E-05,1.38127134E-05,3.81183804E-06,-8.92E-07,2.19746016E-05,2.30169408E-05,9.64889205E-06,1.12869484E-05,1.69727809E-05,1.29185582E-05,2.66047500E-05,-2.87E-06,4.57905088E-07,-9.27E-06,3.46364322E-05,3.44370601E-05,-1.67E-05,1.71670126E-05,9.38701942E-06,3.69380105E-05,-1.94E-05,2.04566586E-05,3.76477983E-05,5.30971920E-05,1.51217519E-05,-1.19E-05,3.30995535E-05,3.36836783E-05,-2.17E-05,5.37293672E-05,6.59541111E-05,2.91568413E-05,1.27305530E-05,-1.02E-05,4.70496634E-05,1.72600448E-05,-3.92E-05,3.00759657E-05,1.33545009E-05,-5.88E-06,-9.43E-06,-6.78E-07,-1.85E-05,-3.39E-05,-4.00E-05,2.64635564E-05,2.23668831E-05,2.58507953E-05,-1.39E-05,-1.21E-05,2.41618054E-05,-5.97E-06,-1.76E-05,2.98630539E-06,6.36774257E-06,1.38268606E-05,-1.91E-05,5.64347738E-06,1.05849751E-04,6.19068815E-05,6.38480851E-05,-1.39E-05,9.05829074E-05,-5.44E-06,-4.95E-05,-7.39E-05,-1.96E-05,-6.63E-05,3.66891218E-05,-1.18E-05,INT SYNC:059.94[Hz],DOUBLE FRAME,NORMAL,STANDARD DARK,TWO,CIE1931 (2°),1°,100,0.33333333,0.33333333,NONE,1,300300,1300278,OFF,TRUE,2024/03/25,16:50:07,OK00,----,----,----,CS-3000HDR,3001075,1.00.0008
80,1.27601115E+03,2.40686781E+03,2.27626458E+02,2.40686781E+03,0.32630338,0.61548766,0.1340985,0.56912046,5628.58668,0.09497226,553.256749,83.6565051,318.920761,-275.233083,314.359647,4.38307106E+00,553,-3.85E-06,-1.51E-05,-1.99E-05,6.60103387E-06,1.76268459E-05,8.71775319E-06,-1.56E-05,1.53113324E-05,4.41363045E-06,3.18018851E-06,-2.20E-06,-7.36E-07,-1.31E-05,2.43177715E-06,2.25451658E-05,-1.87E-06,-8.36E-07,4.20293190E-06,4.58244904E-05,-1.98E-05,4.17716865E-06,1.84253167E-05,2.49101731E-06,2.66599673E-05,2.38528150E-06,2.57735010E-05,1.12464604E-05,2.78096672E-06,-3.67E-06,3.54910185E-06,1.08686982E-05,-8.02E-06,2.00202544E-06,-1.06E-05,-2.07E-06,1.21834398E-06,2.12457016E-05,5.93337427E-06,1.59609353E-05,-1.07E-05,-2.09E-06,-6.65E-06,-6.21E-06,8.11554855E-06,2.87372791E-06,-5.52E-06,1.21900966E-05,-2.25E-06,-1.16E-05,-2.29E-06,9.60544753E-07,2.11018523E-05,7.24303482E-06,-1.57E-06,-4.11E-06,8.14552823E-06,5.60629633E-06,4.23978872E-06,8.48023865E-06,1.10737055E-05,3.54300767E-07,1.36118899E-06,2.03847912E-06,2.22892550E-06,2.12325231E-05,3.53286487E-05,3.77233191E-05,4.38121460E-05,4.95522436E-05,4.46276499E-05,5.09175879E-05,6.34732351E-05,7.08259831E-05,8.18183762E-05,9.89183973E-05,1.13858252E-04,9.92761343E-05,9.95342343E-05,1.06761676E-04,1.19105120E-04,1.29849650E-04,1.19293843E-04,1.21283039E-04,1.29184016E-04,1.53997753E-04,1.84923832E-04,2.23444207E-04,2.56168016E-04,3.17737198E-04,4.09957604E-04,5.39135071E-04,7.12167472E-04,8.92866112E-04,1.15668634E-03,1.45596860E-03,1.84526306E-03,2.28968565E-03,2.82759336E-03,3.47372750E-03,4.22234647E-03,5.06729772E-03,6.08746381E-03,7.45176291E-03,8.81959498E-03,1.04141096E-02,1.21209165E-02,1.40314372E-02,1.58070773E-02,1.74711961E-02,1.90011561E-02,2.04530600E-02,2.17134506E-02,2.28603147E-02,2.39204336E-02,2.48917099E-02,2.58283392E-02,2.70496868E-02,2.81993896E-02,2.93165464E-02,3.01211718E-02,3.05769909E-02,3.06977779E-02,3.06030959E-02,3.05298232E-02,3.03314552E-02,3.02808657E-02,3.02311257E-02,3.03374454E-02,3.04095130E-02,3.04293148E-02,3.04310508E-02,3.03993002E-02,3.03311516E-02,3.01979054E-02,3.01454347E-02,2.99929604E-02,2.98847221E-02,2.98190415E-02,2.97898240E-02,2.95983180E-02,2.94653159E-02,2.93681379E-02,2.92498488E-02,2.91826185E-02,2.91954912E-02,2.93093156E-02,2.94021014E-02,2.96670441E-02,3.00640892E-02,3.05053387E-02,3.13677900E-02,3.24643217E-02,3.39415185E-02,3.57106514E-02,3.73917930E-02,3.91380899E-02,4.09649722E-02,4.32455689E-02,4.54081595E-02,4.78731282E-02,5.03215380E-02,5.29635735E-02,5.59141450E-02,5.93494438E-02,6.25886023E-02,6.39661103E-02,6.30874187E-02,6.15036488E-02,6.13252260E-02,6.32939562E-02,6.61147460E-02,6.83919862E-02,7.00952187E-02,7.02133998E-02,6.91671222E-02,6.73047453E-02,6.47958517E-02,6.21748269E-02,5.96760847E-02,5.72832413E-02,5.51156066E-02,5.31614758E-02,5.15978038E-02,5.02391458E-02,4.90171239E-02,4.80935760E-02,4.72171791E-02,4.69905920E-02,4.71376181E-02,4.78688180E-02,4.90135029E-02,5.06004244E-02,5.24150580E-02,5.41643016E-02,5.54637015E-02,5.60984947E-02,5.60554452E-02,5.52795976E-02,5.40677644E-02,5.21226302E-02,4.96324040E-02,4.66874279E-02,4.32933979E-02,3.98950502E-02,3.63005474E-02,3.26619186E-02,2.89670732E-02,2.54205819E-02,2.17314567E-02,1.85017847E-02,1.54662980E-02,1.26830991E-02,1.01799285E-02,7.94771221E-03,6.14549546E-03,4.62547131E-03,3.45566799E-03,2.55155214E-03,1.78735727E-03,1.27605430E-03,9.17387137E-04,6.78053708E-04,5.18376532E-04,4.03743354E-04,3.35123827E-04,2.86459341E-04,2.60739238E-04,2.40151436E-04,2.45612580E-04,2.34504158E-04,2.23438707E-04,2.17672234E-04,2.10016471E-04,2.08714177E-04,2.05320088E-04,1.90687351E-04,1.91236075E-04,1.81854790E-04,1.79071882E-04,1.75018606E-04,1.78007875E-04,1.63487886E-04,1.55684131E-04,1.47531347E-04,1.47831481E-04,1.34979433E-04,1.34176647E-04,1.22382640E-04,1.19102384E-04,1.26301515E-04,1.13266178E-04,1.09299370E-04,9.69640168E-05,9.96661183E-05,9.26694629E-05,8.56183397E-05,8.26983305E-05,8.38241758E-05,7.40883188E-05,8.00056805E-05,6.40022699E-05,7.25140053E-05,7.09476008E-05,7.62922937E-05,6.83223043E-05,5.21909351E-05,5.81689746E-05,5.70761003E-05,5.82353096E-05,6.69631117E-05,5.50672485E-05,6.35242759E-05,5.03384472E-05,4.61551681E-05,4.48321734E-05,5.20532485E-05,6.32665178E-05,5.51272969E-05,5.38449895E-05,5.20375397E-05,5.88416187E-05,5.35457366E-05,5.78382387E-05,5.33060447E-05,3.86320280E-05,4.18874515E-05,4.02087462E-05,3.52323150E-05,3.63210493E-05,3.00108277E-05,1.98285106E-05,2.52296195E-05,2.46772142E-05,2.50719113E-05,1.71113661E-05,2.47377989E-06,1.12214038E-05,2.44251405E-05,6.28622183E-06,1.48042918E-05,1.22849160E-05,1.05326501E-06,6.63529090E-06,1.18893631E-05,3.88270064E-06,-4.00E-06,2.69084040E-07,4.08971391E-06,1.06859106E-05,4.96616622E-06,6.40235339E-06,1.37634815E-05,3.61232696E-06,2.73637215E-06,6.98083750E-06,3.89120441E-06,1.55996895E-06,8.92690059E-06,1.30348517E-05,5.86556644E-06,1.65019046E-05,1.48418703E-05,6.86872863E-06,1.09175039E-06,1.04887149E-05,7.51554990E-06,-2.40E-06,4.79562959E-06,1.34631218E-05,-1.17E-05,1.63714722E-05,-1.78E-06,1.57083996E-05,1.26156310E-05,7.41792564E-06,7.23305561E-07,5.88041166E-06,6.14845203E-06,1.41262926E-05,1.30185899E-05,1.49812749E-05,5.71416831E-06,4.23646816E-06,3.30988564E-06,1.13497981E-05,1.66486461E-05,3.25490364E-05,1.16795172E-05,1.74840388E-05,3.91766225E-05,4.11218025E-05,1.68511906E-05,3.22523774E-05,1.58480125E-05,-4.55E-06,3.45331828E-05,1.04633427E-05,1.30974104E-05,1.82808544E-05,1.10464380E-05,1.52658758E-05,1.73488424E-05,2.60360903E-05,5.83150404E-06,2.33044375E-05,4.38836323E-05,2.06919958E-05,-1.32E-05,6.15894023E-05,4.60663523E-06,5.11591634E-06,1.90394512E-05,7.86275996E-06,9.82491747E-06,-2.82E-06,7.76129673E-06,-9.36E-06,1.14284239E-05,-7.79E-06,1.62328051E-05,-1.22E-05,-1.70E-05,-2.42E-05,-2.21E-05,3.88975750E-05,1.18770995E-05,-9.70E-06,-1.31E-05,-2.15E-05,4.75911065E-06,-8.99E-06,6.23829183E-05,1.64147732E-05,1.24590997E-05,4.15503600E-05,3.98613920E-05,1.35492473E-05,3.47766800E-05,-3.52E-05,-1.29E-05,1.48999861E-05,INT SYNC:059.94[Hz],DOUBLE FRAME,NORMAL,STANDARD DARK,TWO,CIE1931 (2°),1°,100,0.33333333,0.33333333,NONE,1,467134,1631491,OFF,TRUE,2024/03/25,16:50:10,OK00,----,----,----,CS-3000HDR,3001075,1.00.0008
81,2.09381948E+03,3.85917412E+03,3.35523454E+02,3.85917412E+03,0.33295918,0.61368588,0.13732665,0.56949836,5526.31567,0.09271115,554.369806,85.0184707,376.003051,-311.560865,376.45412,6.95386160E+00,553,-1.16E-05,-1.15E-05,1.52658886E-05,-7.64E-06,7.89196383E-06,1.35028831E-05,1.82081640E-05,6.60424257E-06,2.50741414E-05,-2.38E-05,3.27214048E-06,1.77652546E-05,5.02451294E-05,1.35735827E-05,5.99950363E-06,1.02095464E-06,1.01097266E-05,-2.95E-05,4.58651084E-05,1.57794220E-05,1.64668909E-05,7.83254382E-06,-7.51E-06,6.47180059E-06,3.21380176E-05,3.45126427E-05,-2.77E-06,4.35171705E-06,4.35824404E-06,7.15296437E-06,8.61963053E-06,6.44117472E-06,1.24584303E-05,-6.44E-06,7.56923555E-06,2.83677696E-06,-5.82E-06,2.38829925E-05,2.69375905E-05,-9.73E-06,4.29440024E-06,6.56946986E-06,1.22471747E-05,1.96155142E-05,1.01745372E-05,1.44303558E-05,-1.91E-05,2.37516133E-06,-5.55E-06,1.85139891E-06,5.20097865E-06,2.39510446E-05,1.16403453E-05,1.60285599E-05,1.23882955E-05,6.66478172E-06,7.76168235E-06,-6.31E-06,1.29844111E-05,-3.47E-06,1.89970469E-05,1.62068209E-05,2.71267186E-06,4.07851348E-06,3.65245069E-05,3.37319652E-05,4.29197826E-05,2.25141976E-05,5.48532262E-05,6.37965641E-05,4.80241761E-05,7.66774901E-05,7.82638817E-05,8.64642134E-05,1.08042470E-04,1.09318440E-04,9.21679457E-05,1.01971113E-04,1.13083224E-04,1.09917848E-04,1.23978592E-04,1.44779013E-04,1.60881784E-04,1.60047202E-04,1.82219606E-04,2.21351336E-04,2.64750095E-04,3.17994040E-04,4.30342247E-04,5.69761265E-04,7.45709869E-04,9.76659707E-04,1.30531110E-03,1.67048222E-03,2.16344860E-03,2.71961745E-03,3.33426823E-03,4.07772837E-03,5.08144544E-03,6.04279665E-03,7.24187121E-03,8.72168411E-03,1.05872536E-02,1.25539107E-02,1.48265716E-02,1.71737224E-02,1.99266281E-02,2.26232987E-02,2.50610262E-02,2.74735149E-02,2.98125260E-02,3.21131311E-02,3.39540802E-02,3.56237814E-02,3.72361094E-02,3.90829630E-02,4.07216884E-02,4.24676053E-02,4.39841151E-02,4.51087579E-02,4.55914848E-02,4.53763939E-02,4.47868407E-02,4.42514308E-02,4.36442681E-02,4.34692502E-02,4.33682986E-02,4.34374921E-02,4.36595306E-02,4.38047387E-02,4.40590195E-02,4.42264080E-02,4.44358699E-02,4.46708202E-02,4.48155291E-02,4.50951457E-02,4.51980606E-02,4.52293456E-02,4.53491993E-02,4.52126414E-02,4.53546941E-02,4.53865826E-02,4.52853329E-02,4.52729389E-02,4.53918278E-02,4.55471538E-02,4.56144176E-02,4.60103303E-02,4.66179773E-02,4.76403348E-02,4.90684770E-02,5.08649163E-02,5.33508323E-02,5.58947623E-02,5.85347936E-02,6.11642189E-02,6.40654191E-02,6.75808117E-02,7.12908432E-02,7.52387866E-02,7.91857764E-02,8.32437426E-02,8.77498016E-02,9.32309255E-02,9.83690396E-02,1.00366607E-01,9.89889428E-02,9.67650115E-02,9.67677236E-02,1.00024961E-01,1.04928158E-01,1.08867094E-01,1.11744903E-01,1.12436876E-01,1.11556478E-01,1.09210692E-01,1.05848484E-01,1.02122352E-01,9.84609425E-02,9.48376581E-02,9.17762518E-02,8.85786787E-02,8.61741528E-02,8.39653686E-02,8.21228176E-02,8.06603879E-02,7.92785212E-02,7.83985928E-02,7.85710588E-02,7.94960633E-02,8.10484365E-02,8.34990367E-02,8.64121690E-02,8.89130086E-02,9.11424831E-02,9.21236351E-02,9.22465473E-02,9.11967978E-02,8.93692449E-02,8.63035768E-02,8.22289065E-02,7.76862130E-02,7.27027282E-02,6.71496689E-02,6.12216666E-02,5.52464053E-02,4.91825156E-02,4.31901179E-02,3.68868075E-02,3.12899686E-02,2.61774436E-02,2.14639194E-02,1.71931274E-02,1.34074986E-02,1.03228474E-02,7.79362628E-03,5.84247662E-03,4.28781752E-03,3.07407998E-03,2.26267125E-03,1.67242298E-03,1.26498658E-03,9.96437622E-04,8.27850949E-04,7.10244232E-04,6.48130779E-04,5.98735234E-04,5.66750590E-04,5.41829388E-04,5.13283070E-04,5.12433122E-04,4.88849706E-04,4.78908041E-04,4.49362618E-04,4.60746611E-04,4.45412123E-04,4.43798315E-04,4.29408828E-04,4.15525952E-04,4.23060439E-04,4.00804391E-04,3.68835637E-04,3.83733015E-04,3.68184905E-04,3.55098891E-04,3.37487669E-04,3.36486526E-04,3.30191921E-04,3.13140859E-04,2.98556581E-04,2.93576886E-04,2.90528114E-04,2.85902177E-04,2.70731398E-04,2.57311331E-04,2.39760033E-04,2.52907979E-04,2.43654591E-04,2.25102951E-04,2.33700732E-04,2.10263694E-04,2.10422237E-04,2.26119577E-04,2.01777657E-04,1.97825706E-04,2.10256112E-04,1.98654714E-04,1.98395879E-04,2.03686490E-04,1.86704376E-04,1.94319000E-04,1.90091901E-04,1.89007653E-04,1.77729162E-04,1.79236769E-04,1.99681192E-04,1.92477426E-04,1.98646943E-04,1.97324189E-04,1.82650925E-04,2.04507713E-04,1.99647606E-04,1.63788267E-04,1.70546278E-04,1.70152591E-04,1.51091997E-04,1.34059534E-04,1.22051017E-04,1.03397084E-04,9.85747538E-05,8.19135093E-05,8.49159769E-05,4.92947875E-05,5.24917705E-05,3.53527284E-05,3.60662052E-05,2.94503789E-05,1.58335552E-05,1.33859039E-05,1.95064040E-05,2.72326379E-05,1.79240778E-05,-1.33E-06,1.31298166E-05,-2.29E-06,-8.35E-06,5.58123338E-06,9.73233546E-06,-3.40E-06,5.05291700E-06,7.44864428E-06,2.38891917E-05,1.71478223E-05,-3.15E-06,2.27008204E-05,-8.42E-07,-2.05E-06,5.80391861E-06,-4.27E-06,1.17482487E-05,-9.30E-07,1.54692334E-05,-1.49E-05,6.18502827E-06,2.12532486E-05,-1.79E-06,1.46606853E-05,2.23441930E-05,-4.41E-06,-1.39E-06,-9.02E-06,2.92821114E-05,1.60347408E-05,-8.57E-06,1.52466864E-05,2.16172302E-05,-7.48E-06,2.64793380E-05,6.26281617E-05,-8.69E-06,-1.32E-05,3.85909834E-06,3.08146409E-05,1.40720349E-05,2.78093830E-05,3.81533391E-05,3.14011777E-05,5.70850534E-06,3.14292229E-05,1.83108295E-05,1.96116380E-05,-1.21E-05,3.38928039E-05,4.34737522E-05,1.82769545E-05,6.74454641E-05,1.61068874E-05,7.79179300E-06,4.53786743E-05,2.06250825E-05,4.16684343E-05,3.53176474E-05,3.39869111E-05,-1.03E-05,-1.76E-06,6.63523633E-06,7.28130035E-05,6.06073218E-06,2.62070644E-05,1.68173046E-05,2.88213123E-05,9.28701320E-06,-1.44E-05,5.17219860E-06,-1.00E-05,-8.03E-06,6.67527784E-05,9.30826081E-06,-3.26E-05,6.27236586E-05,-3.42E-05,7.15646229E-06,-1.31E-05,-2.15E-05,2.78166881E-05,2.59437411E-06,3.40847619E-05,-3.02E-05,-6.10E-05,-1.96E-05,3.62676110E-05,6.54515461E-05,-4.62E-05,-9.91E-06,-5.37E-05,-1.87E-05,1.58068597E-05,-4.49E-05,-1.80E-05,-2.92E-06,-6.64E-05,INT SYNC:059.94[Hz],DOUBLE FRAME,NORMAL,STANDARD DARK,TWO,CIE1931 (2°),1°,100,0.33333333,0.33333333,NONE,1,300300,1293633,OFF,TRUE,2024/03/25,16:50:15,OK00,----,----,----,CS-3000HDR,3001075,1.00.0008
82,1.42623918E+03,2.68363016E+03,2.52139391E+02,2.68363016E+03,0.32696844,0.61522806,0.13443321,0.56914035,5618.36249,0.09472811,553.368514,83.7680336,331.295277,-284.409231,326.571104,4.88213365E+00,553,9.33090269E-06,-4.81E-05,-1.60E-05,-1.56E-05,1.41593109E-05,-1.40E-05,1.49320958E-05,5.19587229E-06,3.98453312E-06,2.81941775E-05,1.52471794E-05,2.85759106E-05,-1.45E-06,9.35546359E-06,2.16053704E-05,-3.44E-06,-1.30E-05,1.51654749E-05,1.62975311E-06,4.05697756E-06,1.68577535E-05,1.09758221E-05,-6.27E-06,-6.29E-07,3.35224371E-07,1.75040191E-06,-3.35E-06,7.78039976E-06,2.03157151E-06,-8.95E-06,2.45465781E-05,5.95227812E-06,2.79218657E-05,1.91102481E-05,9.73629631E-06,1.24439312E-05,1.42478339E-05,1.74558209E-05,1.07340938E-05,1.96822966E-05,-8.67E-07,5.37389133E-06,1.97694080E-05,-5.22E-06,6.65424977E-06,-1.16E-06,3.63229930E-07,1.10785422E-05,1.20016402E-05,1.02296535E-05,-3.52E-06,2.59749213E-05,3.11780764E-06,9.73233909E-06,-6.16E-06,3.85998783E-06,1.56416390E-05,1.64256635E-05,2.38820121E-05,1.12222633E-05,8.16434749E-06,2.06136610E-05,2.20100465E-05,1.59672927E-05,1.87192582E-05,2.56374606E-05,2.14586089E-05,4.14070928E-05,4.69286933E-05,4.13476046E-05,6.52551389E-05,6.94140472E-05,7.32325934E-05,8.56863408E-05,9.77243908E-05,7.93078798E-05,1.13360620E-04,1.09929118E-04,1.10683926E-04,1.29882173E-04,1.13073191E-04,1.25586448E-04,1.37036070E-04,1.42721328E-04,1.77177077E-04,2.04167445E-04,2.31482554E-04,2.77983607E-04,3.52779287E-04,4.57501446E-04,5.96092606E-04,7.77105044E-04,9.62477585E-04,1.28168019E-03,1.64413883E-03,2.05164030E-03,2.52092141E-03,3.10872798E-03,3.83512094E-03,4.60348092E-03,5.57453139E-03,6.69456832E-03,8.18599947E-03,9.71748214E-03,1.14952084E-02,1.33767836E-02,1.54981231E-02,1.75586604E-02,1.93949416E-02,2.11716928E-02,2.28754673E-02,2.43101809E-02,2.55836025E-02,2.67489143E-02,2.78136618E-02,2.89142970E-02,2.99629178E-02,3.14261094E-02,3.25430855E-02,3.32544148E-02,3.37225236E-02,3.37307714E-02,3.36423330E-02,3.34178023E-02,3.32242772E-02,3.31887566E-02,3.32003944E-02,3.31934653E-02,3.34583633E-02,3.34688947E-02,3.36078517E-02,3.35693769E-02,3.34965326E-02,3.34301181E-02,3.33868042E-02,3.33373360E-02,3.32797393E-02,3.31944525E-02,3.31327729E-02,3.28832269E-02,3.27655524E-02,3.26734073E-02,3.26040946E-02,3.24689709E-02,3.25356498E-02,3.25995870E-02,3.27416919E-02,3.30068208E-02,3.33087556E-02,3.39426138E-02,3.48295867E-02,3.61100212E-02,3.77880335E-02,3.96284461E-02,4.14675176E-02,4.34191786E-02,4.55496982E-02,4.80793826E-02,5.04655391E-02,5.31895459E-02,5.59806339E-02,5.87571189E-02,6.20058551E-02,6.59113452E-02,6.94778785E-02,7.08931014E-02,6.99254945E-02,6.82839826E-02,6.81503639E-02,7.03527406E-02,7.35453740E-02,7.63053000E-02,7.80465230E-02,7.83243328E-02,7.72212297E-02,7.53013119E-02,7.25431368E-02,6.97921813E-02,6.68646619E-02,6.42487034E-02,6.19195923E-02,5.97993545E-02,5.79502732E-02,5.63799664E-02,5.49778156E-02,5.38174398E-02,5.29868416E-02,5.25331050E-02,5.27449474E-02,5.35627790E-02,5.47878928E-02,5.64983077E-02,5.85401095E-02,6.04919568E-02,6.18243329E-02,6.26854673E-02,6.27211332E-02,6.18995018E-02,6.05044402E-02,5.83353005E-02,5.56788556E-02,5.24092987E-02,4.86190990E-02,4.47020978E-02,4.07609232E-02,3.66945490E-02,3.25770788E-02,2.84390375E-02,2.43774299E-02,2.07657479E-02,1.73657481E-02,1.41902333E-02,1.14006680E-02,8.86666495E-03,6.83824113E-03,5.16353594E-03,3.84505629E-03,2.79449951E-03,1.98297179E-03,1.41213892E-03,1.00744201E-03,7.48279388E-04,5.66639181E-04,4.56739450E-04,3.59907193E-04,3.19043960E-04,2.90991797E-04,2.80505687E-04,2.76065432E-04,2.63840106E-04,2.56865431E-04,2.47046497E-04,2.43682065E-04,2.33550338E-04,2.28094301E-04,2.23518902E-04,2.17356457E-04,2.03918316E-04,2.08458790E-04,1.95819288E-04,2.00169408E-04,1.87753350E-04,1.80417366E-04,1.71098902E-04,1.67965438E-04,1.61661344E-04,1.59964184E-04,1.35805953E-04,1.32419620E-04,1.34663729E-04,1.24134429E-04,1.25377162E-04,1.12722497E-04,1.05516920E-04,1.04689047E-04,1.00029923E-04,9.22073305E-05,7.94141451E-05,8.00729686E-05,8.38970591E-05,8.86034686E-05,7.41436379E-05,7.01054014E-05,7.07236468E-05,6.40015351E-05,6.56161064E-05,6.26531910E-05,6.00259082E-05,6.29910937E-05,5.82062821E-05,5.44399263E-05,6.32034935E-05,5.57926833E-05,5.30036596E-05,4.95749191E-05,5.99464875E-05,6.27380505E-05,6.03766239E-05,5.83524306E-05,5.15356405E-05,6.23780434E-05,5.24564457E-05,4.98775225E-05,5.97361504E-05,4.68439539E-05,5.73978614E-05,4.92414874E-05,3.13946111E-05,4.11003020E-05,3.70385860E-05,2.30676887E-05,3.29384166E-05,1.99950246E-05,1.52590019E-05,1.87223322E-05,1.24944145E-05,2.06690720E-06,1.99361129E-05,1.35545506E-05,6.43222302E-06,1.82631120E-05,1.24098387E-05,1.04097144E-05,1.23331965E-05,5.40378733E-06,-1.55E-06,7.85171324E-06,1.34430202E-05,7.53619270E-06,6.33990703E-06,1.93296892E-05,1.63604327E-05,1.02496642E-05,1.09810608E-05,1.91996332E-05,7.34619562E-06,6.15749468E-06,4.65443509E-06,8.99922816E-06,1.04192513E-05,7.80479058E-06,4.96370194E-06,1.84214568E-05,7.50228901E-06,6.59910393E-06,6.96361758E-06,1.15405401E-05,2.18053242E-06,1.21400817E-05,3.81590598E-06,-1.16E-05,-1.77E-07,6.00550311E-06,6.57994349E-07,2.29727320E-05,1.07678679E-05,1.89119983E-05,-6.90E-06,-7.77E-06,-7.49E-06,-6.52E-06,-6.55E-06,1.39031636E-05,-2.73E-06,-3.25E-06,1.60469153E-05,-8.73E-06,1.01459245E-05,7.70267252E-06,2.49581390E-05,1.87718670E-05,-8.27E-06,1.02255408E-05,2.08123984E-05,7.98716337E-06,-3.62E-06,1.63172681E-05,2.17154757E-05,2.48014403E-05,1.75999412E-05,2.43477498E-05,-3.38E-06,-1.31E-05,9.12946598E-06,3.04480782E-05,2.72058260E-05,1.97712889E-05,1.43814004E-05,2.49150889E-05,1.90532755E-05,2.87676830E-05,-8.97E-06,-1.75E-05,1.72819218E-05,2.66758325E-05,2.43482918E-05,2.28718018E-05,6.54184259E-05,-4.94E-05,3.28033420E-05,3.91873400E-05,4.31571279E-05,1.58866169E-05,1.76308768E-05,2.26890606E-05,1.31868082E-05,4.70759062E-07,-1.83E-05,-1.17E-05,3.88411136E-05,-4.79E-05,1.05524332E-05,-3.20E-06,2.35130519E-05,-1.18E-05,1.67433082E-05,2.54537408E-05,1.97540703E-05,-5.86E-06,-1.90E-05,4.32737443E-06,INT SYNC:059.94[Hz],DOUBLE FRAME,NORMAL,STANDARD DARK,TWO,CIE1931 (2°),1°,100,0.33333333,0.33333333,NONE,1,433767,1563753,OFF,TRUE,2024/03/25,16:50:19,OK00,----,----,----,CS-3000HDR,3001075,1.00.0008
83,2.08816518E+03,3.85289646E+03,3.35029264E+02,3.85289646E+03,0.33271748,0.61390068,0.13718367,0.56951794,5530.03482,0.09282678,554.330268,85.0140826,375.790381,-311.885814,376.23452,6.93998062E+00,553,-3.72E-05,-3.71E-05,-5.07E-07,3.14411445E-05,-2.95E-05,-2.97E-05,3.45395019E-05,-6.74E-06,-2.03E-05,-3.09E-05,-3.68E-05,2.74397062E-05,-2.43E-05,-1.38E-05,3.11234653E-05,-1.18E-05,3.06215006E-05,3.20377185E-05,1.45077292E-05,8.06336811E-06,3.28854139E-06,-1.07E-05,2.44923358E-05,4.48811115E-05,2.18304740E-05,9.12990527E-06,1.73108419E-05,9.09654409E-06,8.48707532E-06,-3.22E-06,2.80937475E-05,3.29520481E-05,1.61326443E-05,8.28895281E-06,-2.00E-06,1.74321540E-05,1.52138064E-05,3.77867837E-05,4.50106127E-05,7.02642956E-06,9.95414030E-06,5.27525663E-06,2.98697014E-05,-1.56E-05,2.49704772E-05,-1.14E-05,1.61508597E-05,-7.53E-06,2.19522349E-06,-3.90E-06,-1.43E-06,1.45590120E-05,-7.91E-06,4.80998006E-06,7.51371363E-06,-1.34E-06,-1.94E-06,5.72828412E-06,-7.82E-06,3.51721937E-05,-1.81E-06,6.97376345E-06,1.55919970E-05,6.86515614E-06,1.43223697E-05,1.11917516E-05,3.31812080E-05,3.82208491E-05,3.88278859E-05,5.31489386E-05,5.87565373E-05,6.34336902E-05,7.30166576E-05,8.44126916E-05,7.99127520E-05,5.80493288E-05,1.06971434E-04,1.08726526E-04,1.23265549E-04,1.30925633E-04,1.11799483E-04,1.68624276E-04,1.52697219E-04,1.54634588E-04,2.00461349E-04,2.25678144E-04,2.76276289E-04,3.24287044E-04,4.23125428E-04,5.81792090E-04,7.59595307E-04,1.01037801E-03,1.30251807E-03,1.68663252E-03,2.13204394E-03,2.72169057E-03,3.34105571E-03,4.10538213E-03,5.03525231E-03,6.08152850E-03,7.27563445E-03,8.69019143E-03,1.05104977E-02,1.24530792E-02,1.46708479E-02,1.71324033E-02,1.99212059E-02,2.25848164E-02,2.50896253E-02,2.75084693E-02,2.99273320E-02,3.19984183E-02,3.39428522E-02,3.57545763E-02,3.71941477E-02,3.89160216E-02,4.06562723E-02,4.24391553E-02,4.39851768E-02,4.50930446E-02,4.53973450E-02,4.53068353E-02,4.48064469E-02,4.42013331E-02,4.35757786E-02,4.33465466E-02,4.31868993E-02,4.33866493E-02,4.35307175E-02,4.38212082E-02,4.39439118E-02,4.41167727E-02,4.43760753E-02,4.45192084E-02,4.47544269E-02,4.49678600E-02,4.52102907E-02,4.51942086E-02,4.52598967E-02,4.52990532E-02,4.53067161E-02,4.52918224E-02,4.52398248E-02,4.53612395E-02,4.53379042E-02,4.54291925E-02,4.56026867E-02,4.60965112E-02,4.66163866E-02,4.74499278E-02,4.89443503E-02,5.08615226E-02,5.31567410E-02,5.58640584E-02,5.84078915E-02,6.11146241E-02,6.41846806E-02,6.75505772E-02,7.12429807E-02,7.50622228E-02,7.90313333E-02,8.30982178E-02,8.76778588E-02,9.30963457E-02,9.82548222E-02,1.00285500E-01,9.89684090E-02,9.67254862E-02,9.67330635E-02,9.99587551E-02,1.04698561E-01,1.09047703E-01,1.11707844E-01,1.12326458E-01,1.11507982E-01,1.09077118E-01,1.05703928E-01,1.02164775E-01,9.82737467E-02,9.46878493E-02,9.15315375E-02,8.85965005E-02,8.61092433E-02,8.39476287E-02,8.20905715E-02,8.05405751E-02,7.91838169E-02,7.82080889E-02,7.83423334E-02,7.92978629E-02,8.09805766E-02,8.32425207E-02,8.61778259E-02,8.87588114E-02,9.09109116E-02,9.19342041E-02,9.22663510E-02,9.11012888E-02,8.92792344E-02,8.60364512E-02,8.22317004E-02,7.76103958E-02,7.24393278E-02,6.69099018E-02,6.11419603E-02,5.51285744E-02,4.90921363E-02,4.28700633E-02,3.66741233E-02,3.11508030E-02,2.60127652E-02,2.13570390E-02,1.69920791E-02,1.32885464E-02,1.02036512E-02,7.72171235E-03,5.72802313E-03,4.20486555E-03,2.97289947E-03,2.14979728E-03,1.56977482E-03,1.17117865E-03,8.95658915E-04,7.35496520E-04,6.28055539E-04,5.58303553E-04,5.23487455E-04,5.03147545E-04,4.65702760E-04,4.48021456E-04,4.36340080E-04,4.24324418E-04,4.33088979E-04,4.08244901E-04,4.13043977E-04,3.90683184E-04,3.98672884E-04,3.78572091E-04,3.78173194E-04,3.54894844E-04,3.46752087E-04,3.53762589E-04,3.23241751E-04,3.23181768E-04,3.02213972E-04,2.72995443E-04,2.79175118E-04,2.78004096E-04,2.68172502E-04,2.44184979E-04,2.30207675E-04,2.31094338E-04,2.22655348E-04,2.12203682E-04,2.07040954E-04,1.87651167E-04,1.82205942E-04,1.88316568E-04,1.83307871E-04,1.84633362E-04,1.53501111E-04,1.54739901E-04,1.44432735E-04,1.40896620E-04,1.54393027E-04,1.36281888E-04,1.53096567E-04,1.54971349E-04,1.46362494E-04,1.40989912E-04,1.31122957E-04,1.43189507E-04,1.47627667E-04,1.37213821E-04,1.42390258E-04,1.42158635E-04,1.38844014E-04,1.54420981E-04,1.30806904E-04,1.34919959E-04,1.49852072E-04,1.54571346E-04,1.26219515E-04,1.31274035E-04,1.19391203E-04,1.04203427E-04,9.31243485E-05,1.01515405E-04,8.80689840E-05,8.28828051E-05,7.16819632E-05,5.36789557E-05,4.60244446E-05,3.83871920E-05,4.41205120E-05,2.32411548E-05,1.11662930E-05,3.01791151E-05,6.23926280E-06,2.44200364E-05,2.11051884E-05,5.08378571E-06,1.47769961E-05,1.17169202E-05,8.16721240E-06,-1.01E-06,1.13935939E-05,-2.92E-06,1.45102968E-05,1.45805125E-05,6.69278461E-06,2.47951521E-05,4.97858491E-06,3.31671754E-06,1.14219301E-05,2.61011173E-05,-2.45E-06,1.83724546E-06,1.08848180E-05,-3.49E-06,3.18504249E-06,2.29672787E-05,2.46086893E-05,9.45249030E-06,1.60606196E-05,5.55987572E-06,1.57022987E-05,-2.87E-06,2.64684986E-05,-1.81E-06,-2.53E-05,8.20208788E-06,4.52203585E-06,3.56240416E-05,6.72805243E-07,1.71652464E-05,-1.27E-05,6.92895810E-06,1.17139325E-05,1.20316081E-05,-4.16E-06,4.26770857E-05,2.29420402E-05,-1.22E-05,9.06917137E-07,3.12754164E-05,3.13509481E-05,2.82224100E-05,1.47197852E-05,7.15360238E-06,-8.14E-06,2.21884375E-06,-1.10E-05,3.90416017E-06,3.90944078E-05,1.38056721E-05,4.99206692E-07,5.72136269E-05,1.68497681E-05,6.17434307E-06,5.06191864E-05,1.43249836E-05,4.44220168E-05,5.29068711E-05,4.67221325E-05,1.41799710E-05,-3.32E-07,-8.33E-06,1.90309929E-05,-3.84E-06,6.96594680E-06,-8.10E-06,-2.62E-05,1.03789971E-05,4.23182573E-05,3.60155827E-05,5.35376530E-05,4.16577968E-05,6.83305734E-06,-2.65E-05,3.06341790E-05,3.60519857E-06,1.68133010E-05,1.17425188E-05,-2.68E-05,-1.32E-05,3.65116721E-05,-3.38E-05,1.28792044E-06,1.06990759E-04,1.00548768E-05,-5.28E-06,-1.83E-05,-8.63E-08,7.94893276E-05,5.98815823E-05,-1.02E-06,-1.51E-05,4.42807868E-05,2.71928202E-05,-3.06E-05,INT SYNC:059.94[Hz],DOUBLE FRAME,NORMAL,STANDARD DARK,TWO,CIE1931 (2°),1°,100,0.33333333,0.33333333,NONE,1,300300,1300080,OFF,TRUE,2024/03/25,16:50:23,OK00,----,----,----,CS-3000HDR,3001075,1.00.0008
84,1.60129927E+03,3.00196855E+03,2.78428436E+02,3.00196855E+03,0.32802108,0.61494374,0.13494252,0.56920012,5602.16879,0.09437003,553.546266,83.9829892,344.517791,-293.694002,340.218834,5.45101053E+00,553,2.86782470E-05,1.29286327E-05,-2.95E-05,-1.44E-05,2.27656546E-05,2.24871656E-05,1.71169359E-05,-3.39E-06,-2.06E-05,1.42150302E-05,8.56389579E-06,-6.55E-06,1.45417280E-05,-3.70E-05,1.08261393E-05,9.85708721E-06,2.76504124E-06,1.55826947E-05,1.23236832E-05,1.30027920E-05,1.39827546E-06,2.43382806E-06,-1.43E-05,3.44851614E-05,3.48995309E-05,6.90588331E-06,-9.83E-06,7.83368432E-06,1.06037796E-05,-1.08E-06,-2.42E-05,-1.16E-05,3.71532224E-05,-8.15E-06,-5.70E-07,6.82531527E-06,2.34944582E-06,1.74185043E-05,2.40944769E-06,8.55224062E-06,5.34318588E-06,7.22012101E-06,9.17806756E-06,-1.08E-05,2.06025161E-05,-4.02E-06,7.79110906E-06,2.06238929E-05,-1.00E-06,1.29787995E-05,1.69564464E-05,8.71103748E-06,2.08391648E-05,9.42253428E-06,6.76589752E-06,1.95629891E-05,1.86658126E-05,4.03682316E-06,1.15956830E-07,1.00839097E-05,1.14819677E-05,-1.79E-06,-3.63E-06,4.23099436E-06,1.79256967E-05,3.64394837E-05,2.50567318E-05,6.60142105E-05,2.92608256E-05,7.04792837E-05,6.24749518E-05,6.18238191E-05,7.19532618E-05,8.94246405E-05,9.65048384E-05,9.44176209E-05,1.09502951E-04,1.20844365E-04,1.08357752E-04,1.27106512E-04,1.44693870E-04,1.57635179E-04,1.35702256E-04,1.63988356E-04,1.84935299E-04,2.00510534E-04,2.44284660E-04,2.96495826E-04,3.89425462E-04,5.09136415E-04,6.59533427E-04,8.42794485E-04,1.07841124E-03,1.39060512E-03,1.79286767E-03,2.26453086E-03,2.79830303E-03,3.38774524E-03,4.21243208E-03,5.08771790E-03,6.09186618E-03,7.33771734E-03,8.92913528E-03,1.06331306E-02,1.25932321E-02,1.46706384E-02,1.70751922E-02,1.93316881E-02,2.14862525E-02,2.34562419E-02,2.53564212E-02,2.70159282E-02,2.84965578E-02,2.97813732E-02,3.10250483E-02,3.21478285E-02,3.34067754E-02,3.48344296E-02,3.60533595E-02,3.69377285E-02,3.72240506E-02,3.71328928E-02,3.69643643E-02,3.67190465E-02,3.63194086E-02,3.62578332E-02,3.62550579E-02,3.63730714E-02,3.65600288E-02,3.67032960E-02,3.67715806E-02,3.68104801E-02,3.69424038E-02,3.69105302E-02,3.69390920E-02,3.69153731E-02,3.68395522E-02,3.67766991E-02,3.66851240E-02,3.66115943E-02,3.64725403E-02,3.62939201E-02,3.62303182E-02,3.61581296E-02,3.61439250E-02,3.63198929E-02,3.63690108E-02,3.67807150E-02,3.71241756E-02,3.77560593E-02,3.88590358E-02,4.03015688E-02,4.21067439E-02,4.40912768E-02,4.61710207E-02,4.83940765E-02,5.06751724E-02,5.33726998E-02,5.63200451E-02,5.93071282E-02,6.23060428E-02,6.54972717E-02,6.90571219E-02,7.33349994E-02,7.74477795E-02,7.90308788E-02,7.80313835E-02,7.61189088E-02,7.60696754E-02,7.85113499E-02,8.20471272E-02,8.52582753E-02,8.73384103E-02,8.78572091E-02,8.67335796E-02,8.45608041E-02,8.16118121E-02,7.84780085E-02,7.52461553E-02,7.22722560E-02,6.97410256E-02,6.73443973E-02,6.51982650E-02,6.34381250E-02,6.20091446E-02,6.08091615E-02,5.97071461E-02,5.91774061E-02,5.93034774E-02,6.01236448E-02,6.15153313E-02,6.34287745E-02,6.56372160E-02,6.78012818E-02,6.94768801E-02,7.03558251E-02,7.04714134E-02,6.96241781E-02,6.81397617E-02,6.55922666E-02,6.26475811E-02,5.91035634E-02,5.49221151E-02,5.06202653E-02,4.61587682E-02,4.14991789E-02,3.68498340E-02,3.22342180E-02,2.75180452E-02,2.33427100E-02,1.95110869E-02,1.59538668E-02,1.28739113E-02,9.88166779E-03,7.64333829E-03,5.74953016E-03,4.29498544E-03,3.11653758E-03,2.18662224E-03,1.58079097E-03,1.13236287E-03,8.27959098E-04,6.24276989E-04,4.93858766E-04,4.04171005E-04,3.59266793E-04,3.24207853E-04,3.17279861E-04,2.98434024E-04,2.88540323E-04,2.83756497E-04,2.68330739E-04,2.69984157E-04,2.59850203E-04,2.71502096E-04,2.50350800E-04,2.49003060E-04,2.42083683E-04,2.30319754E-04,2.12239989E-04,2.36380729E-04,2.09509162E-04,2.01983115E-04,1.96945737E-04,1.87627287E-04,1.69656356E-04,1.69491163E-04,1.59699266E-04,1.49865155E-04,1.38932388E-04,1.51998756E-04,1.17340831E-04,1.37113355E-04,1.21075667E-04,1.14769187E-04,1.07218330E-04,9.96999297E-05,9.64476276E-05,9.88695465E-05,9.35291391E-05,9.75641378E-05,7.21754986E-05,7.74659056E-05,7.74995715E-05,7.55476576E-05,7.37678929E-05,7.00913442E-05,7.20642929E-05,7.97048706E-05,7.08812731E-05,7.82420248E-05,7.39573661E-05,6.31487273E-05,6.39446735E-05,6.30176219E-05,6.10610732E-05,6.48453497E-05,7.00118180E-05,6.51284572E-05,6.32815863E-05,6.94169503E-05,6.63900792E-05,6.26788169E-05,5.44299000E-05,5.79440602E-05,5.82752655E-05,4.67493737E-05,5.44329050E-05,4.27564228E-05,4.76486312E-05,3.57237514E-05,3.30244184E-05,1.58966868E-05,2.90803891E-05,2.60246707E-05,1.62514389E-05,8.27150507E-06,2.22854324E-05,9.03352338E-06,1.61866174E-05,7.57643056E-06,1.08273362E-05,1.47855544E-05,5.90417358E-06,-3.78E-06,9.57343946E-06,5.93715231E-06,2.24265295E-06,-7.11E-06,-2.41E-06,1.30129974E-05,9.36945980E-06,3.57584054E-06,1.49475127E-05,-4.32E-06,-3.85E-06,1.26309833E-05,-9.28E-06,-6.16E-06,1.31697343E-05,1.31968920E-06,-1.58E-05,1.19973301E-05,8.75868409E-07,1.82160716E-06,-1.15E-05,2.61194282E-06,1.03584280E-05,1.72377659E-05,2.83638983E-05,-9.27E-06,-1.75E-05,-9.20E-06,1.23434975E-05,1.25173228E-05,5.23346398E-06,1.68546649E-05,3.41869818E-05,1.91170948E-05,1.38378273E-05,3.16860428E-06,1.19705564E-05,1.61088192E-05,1.21746980E-05,-6.56E-07,-6.66E-06,2.21326827E-05,3.42138446E-05,1.18671721E-06,1.88154409E-05,1.18876678E-05,5.84577629E-06,1.61079715E-05,3.00232023E-05,2.27020864E-05,9.86791292E-06,-7.92E-06,3.85806452E-05,1.98579182E-05,9.50098001E-06,1.26820234E-08,-5.75E-06,1.75072219E-05,-1.45E-05,-3.47E-06,4.12522058E-05,2.67486084E-05,6.61093645E-06,-9.00E-06,1.55175421E-05,-1.02E-05,-6.27E-06,1.82300573E-05,-8.57E-06,-1.35E-05,-3.87E-05,1.99807819E-05,6.91620471E-06,-2.43E-05,5.16943219E-05,-2.49E-05,-4.34E-06,2.29096640E-05,3.98875127E-05,6.89266790E-06,2.18545174E-05,5.49869183E-05,1.29212340E-05,-3.61E-06,-3.00E-05,-3.10E-05,3.53832147E-05,-6.70E-05,-2.32E-05,3.57846839E-05,4.24190112E-05,-6.85E-06,-3.00E-05,1.80882125E-05,1.92170537E-05,6.55848562E-05,INT SYNC:059.94[Hz],DOUBLE FRAME,NORMAL,STANDARD DARK,TWO,CIE1931 (2°),1°,100,0.33333333,0.33333333,NONE,1,367034,1431975,OFF,TRUE,2024/03/25,16:50:26,OK00,----,----,----,CS-3000HDR,3001075,1.00.0008
85,2.08935879E+03,3.85854714E+03,3.35808033E+02,3.85854714E+03,0.3325038,0.61405518,0.13706333,0.56952735,5533.31983,0.092921,554.295346,84.9994557,375.981821,-312.448696,376.332889,6.94870718E+00,553,1.02441072E-05,-2.67E-05,-3.13E-05,5.73282614E-06,-5.59E-05,3.41381456E-05,-2.07E-05,2.25378062E-05,8.77766524E-06,2.10379967E-05,1.32772925E-06,-2.19E-06,-5.82E-05,2.08668007E-05,2.77940399E-06,2.74174708E-05,2.38465759E-06,-7.90E-06,1.45875292E-05,-8.89E-06,-9.20E-06,-2.10E-05,1.30971457E-05,4.10545135E-06,2.64588052E-05,1.90775700E-05,7.75835997E-06,-4.69E-06,6.68013081E-06,-7.00E-06,-4.61E-07,1.35662895E-05,6.04018851E-07,4.43081490E-06,7.32883655E-06,1.84156340E-06,1.41386963E-05,9.95712617E-06,2.30774822E-05,-8.36E-07,-3.69E-06,9.00342457E-06,1.65446872E-05,3.24400171E-05,2.21762025E-06,-1.64E-05,1.34624352E-05,7.16785053E-07,-2.62E-07,1.92926345E-05,1.61740736E-05,1.82051535E-05,2.85152473E-05,6.55569738E-06,5.71815553E-06,-3.10E-05,4.06147774E-06,4.95348331E-07,-3.60E-06,-1.09E-05,4.12353802E-06,2.12799459E-05,1.79287399E-05,6.50165930E-06,7.61748106E-06,1.70308558E-05,1.78360551E-05,4.04674538E-05,2.80783734E-05,5.52259989E-05,3.59630612E-05,4.95420136E-05,7.35165813E-05,9.42120678E-05,1.11594120E-04,1.02717633E-04,1.00753197E-04,1.28601620E-04,1.04500097E-04,1.40690230E-04,1.03950413E-04,1.28385669E-04,1.38796939E-04,1.51427783E-04,1.81488518E-04,2.20233123E-04,2.81657733E-04,3.25751345E-04,4.15499206E-04,5.76485181E-04,7.66081910E-04,9.79027245E-04,1.26346783E-03,1.68027496E-03,2.11556652E-03,2.69260164E-03,3.34848743E-03,4.07482730E-03,5.05108759E-03,6.04827795E-03,7.32887909E-03,8.71499721E-03,1.05298301E-02,1.24859409E-02,1.48235234E-02,1.72622316E-02,1.99011732E-02,2.26362124E-02,2.51232237E-02,2.75424123E-02,2.99809221E-02,3.20758894E-02,3.39624733E-02,3.58261019E-02,3.73256169E-02,3.90856899E-02,4.08525579E-02,4.27123494E-02,4.42074239E-02,4.52748090E-02,4.55090143E-02,4.53510880E-02,4.48985323E-02,4.43329252E-02,4.38225940E-02,4.35080118E-02,4.34311181E-02,4.35193218E-02,4.37237844E-02,4.39274795E-02,4.41477261E-02,4.42539565E-02,4.44610864E-02,4.47756574E-02,4.48348746E-02,4.51746844E-02,4.52795513E-02,4.53676917E-02,4.53115851E-02,4.53429222E-02,4.53980416E-02,4.54034507E-02,4.54031862E-02,4.54619378E-02,4.55345139E-02,4.55759317E-02,4.56484556E-02,4.62288707E-02,4.67642620E-02,4.76583615E-02,4.90138680E-02,5.09406477E-02,5.32207713E-02,5.59579693E-02,5.85750677E-02,6.13355562E-02,6.42042607E-02,6.77568614E-02,7.13310689E-02,7.52709806E-02,7.91305006E-02,8.33227485E-02,8.78843293E-02,9.32865739E-02,9.84105915E-02,1.00443497E-01,9.89843011E-02,9.69659984E-02,9.68602076E-02,9.99869779E-02,1.04801744E-01,1.08919717E-01,1.11744285E-01,1.12653360E-01,1.11661345E-01,1.09249197E-01,1.05771288E-01,1.02125913E-01,9.85556766E-02,9.48738456E-02,9.16455686E-02,8.87842923E-02,8.62351283E-02,8.40150714E-02,8.21494013E-02,8.07125196E-02,7.90663213E-02,7.85869136E-02,7.86193162E-02,7.95262456E-02,8.10655132E-02,8.33810419E-02,8.62447023E-02,8.89100134E-02,9.10715237E-02,9.22122598E-02,9.23066959E-02,9.13077965E-02,8.91923979E-02,8.61491859E-02,8.23047459E-02,7.77311474E-02,7.25215375E-02,6.68993592E-02,6.12078831E-02,5.51676713E-02,4.90265600E-02,4.29248512E-02,3.67172547E-02,3.11970524E-02,2.60423422E-02,2.12890282E-02,1.69919226E-02,1.32097369E-02,1.01091173E-02,7.66394939E-03,5.67553099E-03,4.11248952E-03,2.91546620E-03,2.07885099E-03,1.50371087E-03,1.10805372E-03,8.40733643E-04,6.67366490E-04,5.61252004E-04,4.86764126E-04,4.66315018E-04,4.37291892E-04,4.25908656E-04,4.12190508E-04,3.96240241E-04,3.78244062E-04,3.83251638E-04,3.75710399E-04,3.70158203E-04,3.66907305E-04,3.60885722E-04,3.45972745E-04,3.35410266E-04,3.24024208E-04,3.21188039E-04,3.14877252E-04,2.98492378E-04,2.88222946E-04,2.70063611E-04,2.49232369E-04,2.48817814E-04,2.27342403E-04,2.34152802E-04,2.21883325E-04,2.06595490E-04,1.80095041E-04,1.73556618E-04,1.77646303E-04,1.73714157E-04,1.53609435E-04,1.60859650E-04,1.64883590E-04,1.37737879E-04,1.37692958E-04,1.25434904E-04,1.24054815E-04,1.32012719E-04,1.18255579E-04,1.22876721E-04,1.06862397E-04,1.22325335E-04,9.87545645E-05,1.13850438E-04,1.04093175E-04,1.14366951E-04,1.14288399E-04,8.39109853E-05,9.76114097E-05,1.00973353E-04,1.10974790E-04,1.15178955E-04,1.20481425E-04,1.10513749E-04,1.07142594E-04,1.09859815E-04,9.30220776E-05,9.25938803E-05,9.40887548E-05,7.31440523E-05,7.53885543E-05,8.53657984E-05,7.34720161E-05,6.73524555E-05,7.16656214E-05,3.28648312E-05,2.06358472E-05,3.83201404E-05,2.39533274E-05,2.81285083E-05,8.73525732E-06,-2.25E-06,2.72565667E-05,-4.02E-06,1.19501274E-05,1.36493545E-05,1.73787284E-05,2.29348680E-05,1.21332023E-05,-1.26E-05,3.17948479E-06,4.91512583E-06,-1.97E-06,9.21588253E-06,5.98656334E-06,3.19740539E-05,1.08844160E-05,1.55715304E-06,9.90358421E-06,4.80938252E-06,3.12019006E-06,1.08629672E-06,1.82381063E-05,9.66112111E-06,-2.77E-07,1.79977269E-05,8.41153087E-06,-3.58E-06,2.44660623E-06,3.05253707E-05,1.67303347E-06,1.44916221E-05,2.14171323E-05,2.00785053E-05,7.97420307E-06,1.28799657E-05,5.93782715E-06,-1.99E-07,2.92308905E-05,1.55227917E-05,2.25662752E-05,-4.01E-06,7.41920076E-06,2.13783460E-05,-4.03E-06,7.20776870E-06,2.06111072E-05,9.21349874E-06,2.11593397E-05,2.13613075E-05,3.73791067E-06,3.87613218E-05,-1.61E-05,2.32282346E-05,1.96760338E-05,1.22913179E-05,4.48070750E-06,2.13470139E-05,-1.45E-06,3.59785872E-06,2.05321758E-05,1.40277352E-05,1.93587275E-05,2.37552522E-05,1.34870297E-05,1.37816678E-05,6.45485500E-07,-1.21E-05,-1.33E-05,3.88073422E-05,4.35929833E-05,-4.23E-05,-3.86E-05,1.24123617E-05,6.98322401E-06,1.93391716E-05,2.73916830E-05,1.23590644E-05,2.60060665E-06,-8.81E-06,-2.10E-05,2.99201820E-05,2.25902168E-05,2.54551087E-05,2.57334727E-06,-7.52E-05,-1.10E-05,2.60478082E-05,-6.91E-06,4.28195619E-07,-6.62E-06,5.10558202E-05,1.50651631E-05,-3.28E-05,6.57641749E-06,1.02579270E-05,-2.02E-06,4.37744748E-05,2.59915359E-05,4.80954986E-05,8.63163859E-06,6.12850044E-06,1.99426340E-05,1.93892298E-08,-6.90E-05,-8.89E-05,INT SYNC:059.94[Hz],DOUBLE FRAME,NORMAL,STANDARD DARK,TWO,CIE1931 (2°),1°,100,0.33333333,0.33333333,NONE,1,300300,1292938,OFF,TRUE,2024/03/25,16:50:30,OK00,----,----,----,CS-3000HDR,3001075,1.00.0008
86,1.78281710E+03,3.32792571E+03,3.03500775E+02,3.32792571E+03,0.32928277,0.61466125,0.13554399,0.56928485,5582.7747,0.09395427,553.759967,84.2583312,357.120574,-302.090601,353.743758,6.02981148E+00,553,-4.99E-06,5.42890011E-05,-2.03E-06,-4.53E-06,-5.16E-06,1.42314730E-05,-2.46E-05,3.50620940E-05,-1.60E-05,1.96332371E-06,-1.69E-05,1.72646451E-05,2.96347571E-05,-1.83E-05,8.93979268E-06,-1.91E-05,1.84277833E-05,3.88203443E-06,3.52750903E-05,3.59156775E-06,-2.28E-06,2.37260974E-06,1.43075458E-05,1.76159338E-05,2.47643002E-05,-8.53E-07,-1.22E-06,3.31738420E-06,-3.89E-07,1.12783641E-06,8.63758760E-06,8.25893039E-06,3.03167199E-05,-1.72E-06,7.44971112E-06,-1.08E-05,-2.20E-06,1.22559186E-05,7.55811197E-06,-4.14E-06,1.22739220E-05,1.25435317E-05,1.00987045E-05,6.39127484E-06,7.68673362E-06,5.44171280E-06,1.07854521E-05,7.61901720E-06,-1.19E-05,-4.54E-06,-1.36E-06,1.72696000E-05,1.75528676E-05,1.56499391E-05,1.08221448E-05,7.22793811E-06,6.10785037E-06,-2.26E-06,2.62332451E-05,4.20997549E-06,2.00286886E-05,2.68229741E-07,1.25823026E-05,1.62150973E-05,-1.68E-05,3.43171814E-05,3.50415648E-05,2.95104710E-05,5.04071213E-05,4.93096377E-05,5.79275111E-05,6.51559021E-05,6.06235371E-05,8.44508540E-05,8.85791233E-05,1.13656468E-04,1.06659980E-04,9.17067009E-05,1.27334031E-04,1.37383831E-04,1.29259599E-04,1.44561607E-04,1.48372026E-04,1.59684263E-04,1.85820740E-04,2.15438457E-04,2.71301891E-04,3.28747206E-04,3.88454850E-04,5.62256319E-04,7.13202986E-04,9.15234850E-04,1.19015132E-03,1.51240162E-03,1.98011240E-03,2.48962245E-03,3.03755538E-03,3.69888963E-03,4.57499316E-03,5.49859181E-03,6.62426464E-03,7.94499088E-03,9.65114217E-03,1.15248747E-02,1.36295063E-02,1.58783663E-02,1.84712056E-02,2.08937470E-02,2.32336950E-02,2.54086554E-02,2.75200419E-02,2.94538420E-02,3.11003998E-02,3.26993093E-02,3.39551643E-02,3.52236591E-02,3.66749279E-02,3.83048095E-02,3.96205261E-02,4.03762460E-02,4.08218168E-02,4.06947285E-02,4.02927771E-02,3.97894271E-02,3.95463966E-02,3.92151512E-02,3.91941816E-02,3.94338369E-02,3.96335796E-02,3.98021191E-02,3.98715772E-02,4.00270745E-02,4.01489586E-02,4.01927829E-02,4.03243527E-02,4.03191447E-02,4.02717516E-02,4.02731784E-02,4.03044298E-02,4.03171070E-02,4.01796028E-02,4.00413796E-02,4.00369428E-02,3.98698635E-02,3.98095325E-02,3.99873331E-02,4.01255302E-02,4.04519178E-02,4.08937521E-02,4.17285264E-02,4.28422131E-02,4.43870537E-02,4.65039611E-02,4.86951321E-02,5.10037206E-02,5.33582829E-02,5.59359863E-02,5.88307530E-02,6.21233359E-02,6.53508827E-02,6.88199773E-02,7.24528283E-02,7.61650652E-02,8.09139237E-02,8.55003223E-02,8.71882737E-02,8.60737711E-02,8.41922686E-02,8.40752795E-02,8.67126286E-02,9.08341184E-02,9.42882597E-02,9.67903137E-02,9.72972587E-02,9.62740108E-02,9.39065069E-02,9.08214897E-02,8.74060392E-02,8.40972513E-02,8.07380974E-02,7.79304951E-02,7.53039867E-02,7.30393901E-02,7.10138157E-02,6.93553388E-02,6.80178702E-02,6.68276474E-02,6.61022589E-02,6.62598386E-02,6.70204237E-02,6.86043650E-02,7.06804618E-02,7.32606128E-02,7.55618140E-02,7.73595050E-02,7.83539340E-02,7.85005018E-02,7.77310804E-02,7.58586079E-02,7.32519701E-02,6.99854568E-02,6.59497008E-02,6.13672584E-02,5.67087196E-02,5.16877510E-02,4.64635603E-02,4.12187018E-02,3.61345299E-02,3.08946092E-02,2.62661856E-02,2.18646228E-02,1.79005824E-02,1.43116564E-02,1.10539058E-02,8.53108894E-03,6.41531358E-03,4.74506244E-03,3.47853522E-03,2.46830285E-03,1.73146091E-03,1.23108248E-03,8.96435173E-04,6.88022294E-04,5.64207614E-04,4.49987769E-04,4.03884216E-04,3.57386743E-04,3.46996618E-04,3.42649815E-04,3.25689762E-04,3.05195310E-04,3.09312105E-04,3.09580442E-04,3.06544243E-04,2.98374303E-04,2.90953176E-04,2.87629198E-04,2.77678191E-04,2.73385172E-04,2.55698396E-04,2.56235449E-04,2.53901671E-04,2.39479486E-04,2.33867948E-04,2.21752402E-04,1.98352864E-04,1.88777238E-04,1.81042618E-04,1.77837646E-04,1.67814593E-04,1.58462848E-04,1.61489283E-04,1.44026431E-04,1.27177715E-04,1.35808208E-04,1.32903893E-04,1.19171433E-04,1.09984016E-04,1.00524456E-04,8.92122043E-05,9.09954324E-05,8.45755276E-05,8.52651865E-05,8.23279770E-05,8.14965824E-05,8.48104755E-05,7.81623603E-05,7.46285878E-05,7.40485120E-05,8.38543056E-05,6.45990731E-05,8.49979260E-05,8.29707860E-05,6.51340888E-05,6.05784626E-05,7.36888833E-05,8.55138569E-05,6.83965918E-05,7.42223710E-05,6.25833782E-05,7.12567489E-05,5.56518207E-05,5.14441381E-05,8.16519241E-05,5.99019295E-05,5.25118194E-05,5.58140964E-05,5.24930911E-05,3.90006790E-05,2.86213017E-05,2.60014185E-05,3.51972631E-05,2.30527221E-05,2.56923140E-05,2.46125819E-05,2.31119202E-06,1.59837091E-05,2.00496634E-05,3.90154219E-06,1.20042296E-05,4.17848071E-07,5.18981687E-06,1.26549994E-05,3.99772125E-06,8.21515755E-07,2.38934263E-07,1.17389682E-05,1.68996428E-06,-1.40E-06,1.42911631E-05,9.25242603E-06,1.70276617E-05,4.90826793E-08,4.66898291E-06,1.77021084E-05,3.13421551E-05,2.50967929E-07,-7.88E-06,1.24643884E-06,7.25516338E-06,1.76665217E-05,2.17602483E-05,1.17283589E-05,1.02854092E-05,1.60567834E-05,3.62576338E-06,-1.09E-05,2.02236897E-05,5.58336887E-06,2.31342274E-05,-1.09E-05,2.42553324E-06,-5.99E-07,-9.98E-07,2.80169425E-05,1.66400405E-05,2.59969675E-05,2.98323685E-05,-1.64E-05,1.69236955E-05,1.03813281E-05,2.44982675E-05,2.73278092E-05,2.19392150E-05,-3.56E-06,1.81064352E-05,2.79803171E-05,3.67179200E-05,5.32358899E-05,3.10911346E-05,1.97641803E-05,4.92107065E-05,2.44089515E-05,3.19956489E-05,2.40565660E-05,2.07237517E-05,3.51446147E-06,-2.62E-05,2.05187462E-05,1.16637002E-05,2.14106403E-05,2.60312772E-05,2.19789763E-05,1.74508896E-05,1.58026196E-05,3.29213617E-05,5.53418940E-05,-1.88E-05,5.31378028E-05,4.70005143E-05,2.75718571E-06,-1.18E-05,4.44713405E-05,-4.37E-06,2.56540679E-05,-1.62E-05,6.62391221E-06,5.29153331E-05,7.97692792E-06,7.13721529E-05,-3.86E-05,2.86615814E-05,2.35945117E-05,-2.76E-05,6.02143291E-06,2.78619937E-05,7.23399426E-05,-3.56E-05,-1.85E-05,5.36986154E-05,1.19516135E-05,6.36430486E-05,3.22975575E-05,6.01778520E-05,-3.86E-05,-1.49E-05,1.59996289E-05,-2.30E-06,-2.37E-05,-1.17E-05,-6.16E-05,INT SYNC:059.94[Hz],DOUBLE FRAME,NORMAL,STANDARD DARK,TWO,CIE1931 (2°),1°,100,0.33333333,0.33333333,NONE,1,333667,1362384,OFF,TRUE,2024/03/25,16:50:34,OK00,----,----,----,CS-3000HDR,3001075,1.00.0008
87,2.09004699E+03,3.86044298E+03,3.36255500E+02,3.86044298E+03,0.33245294,0.61406064,0.13704,0.56952259,5534.10035,0.09293636,554.287023,84.9864637,376.046008,-312.574182,376.310589,6.95222940E+00,553,5.56554769E-05,5.12751576E-05,7.47938293E-06,-2.51E-05,9.32584408E-06,2.29488137E-06,-3.81E-05,-3.78E-05,-1.81E-05,1.89007515E-05,4.29035899E-05,-2.64E-05,3.55733391E-05,3.55753457E-07,1.42917288E-05,-3.00E-06,-1.71E-06,7.98828637E-07,4.77328431E-05,-8.23E-07,7.03771548E-07,3.14932040E-05,3.65183332E-05,-2.72E-06,4.10114262E-05,1.80473144E-05,7.62003856E-06,2.77784220E-05,2.60240722E-06,-1.71E-05,-1.16E-06,-2.03E-05,1.66990030E-05,4.97901601E-06,4.38803618E-05,7.06618493E-06,2.04747212E-05,3.16762562E-05,1.15948171E-06,1.51872191E-05,3.19443607E-05,-1.00E-05,-5.81E-06,1.26427067E-05,8.44239003E-06,-2.29E-06,6.03176977E-06,-3.84E-06,1.20706090E-05,1.12949001E-05,-8.12E-06,-4.23E-06,2.26355296E-05,1.49900961E-05,1.37397574E-05,6.51055507E-06,5.16207228E-06,5.85363978E-06,1.16521987E-05,5.07823606E-05,-1.75E-06,4.88926025E-06,6.25215216E-06,1.67616745E-05,3.61259445E-05,2.61869172E-05,2.87868570E-05,5.88023358E-05,3.59778860E-05,5.31160622E-05,6.32345400E-05,4.24342688E-05,8.46489347E-05,7.61879492E-05,1.01011188E-04,9.97169263E-05,8.61686058E-05,1.11099827E-04,9.76461088E-05,1.02086677E-04,1.42744757E-04,1.27524705E-04,1.48632171E-04,1.54351001E-04,1.98325200E-04,2.22173519E-04,2.60124798E-04,3.33772739E-04,4.09888948E-04,5.79592190E-04,7.76454923E-04,1.00214593E-03,1.27850950E-03,1.69282372E-03,2.17826758E-03,2.73752771E-03,3.35879042E-03,4.14656475E-03,5.02871629E-03,6.03512675E-03,7.31823361E-03,8.71601887E-03,1.05512533E-02,1.25470981E-02,1.48274107E-02,1.72384605E-02,1.99915487E-02,2.25342810E-02,2.50987001E-02,2.75165439E-02,2.99073011E-02,3.21028233E-02,3.40479463E-02,3.58357355E-02,3.73980328E-02,3.90015282E-02,4.08005938E-02,4.25172746E-02,4.41467799E-02,4.52792756E-02,4.56870832E-02,4.54212092E-02,4.49185781E-02,4.44481857E-02,4.38617803E-02,4.36122790E-02,4.35307473E-02,4.36118953E-02,4.37848791E-02,4.39447872E-02,4.42469902E-02,4.44513522E-02,4.44381908E-02,4.46993075E-02,4.48470376E-02,4.51583378E-02,4.53421474E-02,4.54329140E-02,4.54437174E-02,4.54583764E-02,4.53889742E-02,4.53522243E-02,4.54793572E-02,4.53888476E-02,4.54680435E-02,4.55652438E-02,4.58231159E-02,4.60665599E-02,4.67343628E-02,4.76844124E-02,4.91322801E-02,5.10135815E-02,5.34396283E-02,5.59998266E-02,5.86448573E-02,6.14665784E-02,6.42163306E-02,6.76385015E-02,7.14775994E-02,7.53523335E-02,7.92716071E-02,8.33502635E-02,8.78714547E-02,9.32845846E-02,9.84985381E-02,1.00360610E-01,9.90984738E-02,9.67457741E-02,9.68112424E-02,1.00035056E-01,1.04713373E-01,1.09020203E-01,1.11837141E-01,1.12501092E-01,1.11610144E-01,1.09332323E-01,1.05911478E-01,1.02227442E-01,9.84767824E-02,9.49423760E-02,9.17329490E-02,8.87461528E-02,8.62209424E-02,8.41304958E-02,8.22343752E-02,8.07743222E-02,7.95175582E-02,7.84487575E-02,7.86746889E-02,7.95730501E-02,8.11761245E-02,8.36373642E-02,8.63854140E-02,8.89587626E-02,9.11107510E-02,9.22132134E-02,9.23986882E-02,9.12503600E-02,8.93390253E-02,8.62182602E-02,8.24488923E-02,7.78320879E-02,7.23956898E-02,6.71066642E-02,6.12375997E-02,5.50527014E-02,4.91017736E-02,4.30005491E-02,3.67134809E-02,3.11634354E-02,2.59934254E-02,2.13279109E-02,1.69308353E-02,1.31906765E-02,1.00851124E-02,7.62610044E-03,5.65084303E-03,4.07815631E-03,2.87160580E-03,2.04373198E-03,1.47586223E-03,1.08249066E-03,8.15210573E-04,6.60119986E-04,5.30183897E-04,4.89917642E-04,4.38142481E-04,4.30121028E-04,4.05184197E-04,3.85715510E-04,3.93560826E-04,3.80720216E-04,3.74575582E-04,3.50682705E-04,3.37369042E-04,3.56389733E-04,3.38112237E-04,3.27550573E-04,3.30099865E-04,3.26461915E-04,3.04052810E-04,3.01022519E-04,2.92988465E-04,2.80635169E-04,2.63843744E-04,2.39785208E-04,2.25629192E-04,2.36010252E-04,2.18227506E-04,2.09351681E-04,2.05766977E-04,1.77066628E-04,1.89221857E-04,1.77528738E-04,1.54825990E-04,1.51419037E-04,1.50599284E-04,1.46528415E-04,1.16047384E-04,1.27088439E-04,1.22126658E-04,1.07799184E-04,1.17510979E-04,1.01740690E-04,1.00308032E-04,9.41885373E-05,9.44754793E-05,9.78659009E-05,9.75238363E-05,9.37501827E-05,7.68908867E-05,7.73120773E-05,8.24722811E-05,7.35945869E-05,7.64917568E-05,9.29101952E-05,8.86366179E-05,8.13745355E-05,9.51872571E-05,8.27181575E-05,9.12163305E-05,8.76124177E-05,8.24430463E-05,8.26525866E-05,5.82323737E-05,5.34328065E-05,6.68386056E-05,5.72393001E-05,4.51473461E-05,4.34481080E-05,2.80556869E-05,3.74573610E-05,1.64373560E-05,2.21696791E-05,1.41472474E-05,3.29921459E-05,2.97622828E-05,3.12171978E-05,7.84421081E-06,1.73950707E-06,1.70338881E-05,8.62439629E-06,2.34239269E-06,-3.04E-07,-1.33E-05,9.66179050E-06,4.47676848E-06,-5.72E-06,1.98321850E-05,6.86962539E-06,3.49927041E-06,3.66292011E-06,2.09278096E-06,1.00135940E-05,1.17000764E-05,1.28037263E-05,9.95416212E-06,7.83492032E-06,1.32920095E-05,2.76791889E-05,2.05420074E-05,2.29436209E-05,1.48122981E-05,-1.01E-06,1.75579207E-05,2.03391505E-06,-6.16E-06,-1.61E-07,2.67484666E-05,3.42318344E-05,1.56415481E-05,-2.30E-05,-1.92E-05,4.25723738E-05,2.08672427E-05,-5.57E-06,3.64089901E-05,1.21211569E-05,1.25519318E-06,1.39003077E-05,-1.37E-05,8.63237460E-07,5.70296879E-06,9.59423232E-06,8.39645145E-06,2.17779871E-05,2.08039510E-05,-6.02E-06,4.79795453E-05,-9.10E-06,8.38629876E-06,2.59509379E-05,2.37466265E-05,1.45191652E-05,4.08733504E-05,2.47631269E-05,1.41077644E-05,-6.20E-06,1.21240209E-05,-9.13E-06,3.17620725E-05,2.75152706E-05,5.56777240E-06,2.77752042E-05,-1.70E-05,3.28026340E-06,2.95128848E-05,-8.77E-06,2.62666654E-05,2.98186897E-05,4.24289319E-05,-2.33E-06,-9.85E-06,-3.06E-05,-2.83E-05,-3.87E-06,3.53863506E-05,-3.13E-05,5.89840920E-06,2.63746279E-05,-1.56E-05,1.17320724E-05,3.08671188E-05,2.76867395E-05,3.12672055E-05,5.18494962E-05,3.35012737E-05,2.11136667E-05,-5.56E-06,7.48941920E-06,3.63635081E-05,6.94622868E-05,2.83819145E-06,3.29919567E-05,7.11511457E-05,3.19183491E-05,-4.29E-05,-5.52E-05,-1.65E-05,-3.47E-06,-7.00E-05,INT SYNC:059.94[Hz],DOUBLE FRAME,NORMAL,STANDARD DARK,TWO,CIE1931 (2°),1°,100,0.33333333,0.33333333,NONE,1,300300,1296381,OFF,TRUE,2024/03/25,16:50:37,OK00,----,----,----,CS-3000HDR,3001075,1.00.0008
88,1.97797873E+03,3.67098091E+03,3.26637490E+02,3.67098091E+03,0.33100939,0.61432872,0.13635918,0.56941305,5556.27703,0.09339826,554.051103,84.6521106,369.524543,-309.53455,367.95117,6.62882855E+00,553,3.36715566E-05,-1.17E-05,4.83798203E-06,9.29749604E-06,5.46065758E-06,-4.10E-05,3.46575434E-05,-3.99E-06,4.62915040E-07,1.80725146E-05,-1.39E-05,1.43257685E-05,-3.83E-05,-6.80E-06,4.53110943E-06,2.77253748E-05,1.82699259E-05,1.29158007E-05,1.61201860E-05,-2.51E-06,3.79616358E-05,3.65079213E-05,1.69349059E-05,-3.38E-06,1.83299908E-05,3.02949429E-05,-2.13E-05,-1.47E-06,-1.83E-05,-8.48E-07,-1.87E-05,-3.49E-06,1.59342289E-05,7.01021463E-06,-9.16E-06,1.00220689E-06,-9.67E-06,1.55135367E-05,-2.84E-06,4.37615836E-06,6.44820011E-06,-1.11E-05,1.35220589E-05,-7.07E-06,2.13666008E-05,-5.03E-06,8.40093071E-06,3.24622420E-06,-5.72E-06,-6.54E-07,1.50119076E-05,2.70450946E-05,1.29919190E-05,6.99896646E-07,1.17742229E-05,1.75802907E-05,2.29293364E-05,8.03722105E-06,1.46839793E-05,2.28636109E-05,8.20755758E-06,3.62543542E-05,9.15948749E-06,1.41861037E-05,1.37895549E-05,3.44608816E-05,1.77858219E-05,5.24348652E-05,4.27524792E-05,6.45831169E-05,5.30612124E-05,7.14437265E-05,7.54732973E-05,8.46803523E-05,9.34987766E-05,1.00356461E-04,1.03126549E-04,1.03756465E-04,1.22082987E-04,1.13859613E-04,1.29481850E-04,1.46301812E-04,1.41867815E-04,1.47325278E-04,2.05373246E-04,2.13038264E-04,2.48843542E-04,3.36187455E-04,4.18044307E-04,5.75254380E-04,7.20363460E-04,9.57330631E-04,1.23878801E-03,1.65630330E-03,2.07584864E-03,2.67124898E-03,3.24850460E-03,3.99677316E-03,4.88593383E-03,5.88732865E-03,7.08933920E-03,8.58526491E-03,1.03077162E-02,1.22624999E-02,1.44729232E-02,1.68193057E-02,1.96041018E-02,2.21746415E-02,2.46889014E-02,2.70805582E-02,2.93780509E-02,3.15039046E-02,3.32852155E-02,3.50461937E-02,3.65482345E-02,3.81378755E-02,3.97872478E-02,4.14462872E-02,4.29518595E-02,4.38546315E-02,4.41612303E-02,4.39693369E-02,4.35238294E-02,4.30194959E-02,4.22466137E-02,4.22760919E-02,4.21595946E-02,4.22265120E-02,4.25467268E-02,4.26603146E-02,4.27809358E-02,4.29358482E-02,4.32015322E-02,4.32133004E-02,4.34422642E-02,4.37076800E-02,4.37793694E-02,4.38582636E-02,4.37135957E-02,4.36961837E-02,4.37017195E-02,4.36640009E-02,4.35760021E-02,4.34852839E-02,4.35737073E-02,4.37278673E-02,4.38350104E-02,4.41301800E-02,4.46696542E-02,4.56828885E-02,4.70495634E-02,4.86370884E-02,5.11344261E-02,5.34952022E-02,5.59909493E-02,5.85958473E-02,6.13036491E-02,6.45855889E-02,6.81635961E-02,7.19347075E-02,7.56086037E-02,7.94969723E-02,8.37001130E-02,8.89625028E-02,9.39117149E-02,9.57610011E-02,9.44477320E-02,9.22817290E-02,9.23089907E-02,9.54856947E-02,9.99613628E-02,1.03687882E-01,1.06535159E-01,1.07136965E-01,1.06035911E-01,1.03942685E-01,1.00555040E-01,9.69358087E-02,9.32390317E-02,8.98424014E-02,8.69373828E-02,8.38877335E-02,8.15536156E-02,7.93922469E-02,7.75991455E-02,7.60355517E-02,7.46764168E-02,7.39115998E-02,7.41095841E-02,7.49188811E-02,7.64464960E-02,7.86579847E-02,8.14071372E-02,8.39504376E-02,8.60320702E-02,8.70473906E-02,8.71232450E-02,8.62428620E-02,8.42493474E-02,8.13880265E-02,7.77813420E-02,7.33870044E-02,6.84674084E-02,6.31597564E-02,5.77072352E-02,5.19849993E-02,4.62226346E-02,4.04364131E-02,3.46120447E-02,2.93093175E-02,2.44592708E-02,2.00069565E-02,1.58993267E-02,1.23719526E-02,9.55713913E-03,7.16429483E-03,5.27340965E-03,3.84081295E-03,2.69507617E-03,1.93643128E-03,1.39200757E-03,1.01141050E-03,7.65382778E-04,6.02530374E-04,5.22908755E-04,4.67866834E-04,4.13024303E-04,3.84291896E-04,3.77792981E-04,3.77121818E-04,3.56500706E-04,3.46287445E-04,3.45527544E-04,3.35123565E-04,3.20375810E-04,3.24585155E-04,3.21745320E-04,3.04521207E-04,3.01970780E-04,2.92742567E-04,3.07170703E-04,2.88936048E-04,2.69443379E-04,2.53347564E-04,2.47875520E-04,2.21687835E-04,2.32891543E-04,2.05649732E-04,2.00397160E-04,1.82454678E-04,1.70755491E-04,1.81727519E-04,1.60119467E-04,1.54835740E-04,1.40506745E-04,1.32543428E-04,1.24142636E-04,1.18765376E-04,1.11530731E-04,1.21846584E-04,9.66341759E-05,9.47270601E-05,9.50400790E-05,9.50430767E-05,9.18122751E-05,8.48626878E-05,8.23956216E-05,8.80325169E-05,7.49282262E-05,7.37918817E-05,8.74131656E-05,7.63167773E-05,8.36655890E-05,6.66178676E-05,7.12120673E-05,8.10046040E-05,8.60118598E-05,7.16673749E-05,7.07459985E-05,7.25006539E-05,7.99590416E-05,7.35613867E-05,6.14310848E-05,7.33000488E-05,6.13636148E-05,7.02563484E-05,6.37067569E-05,5.10271020E-05,4.55377813E-05,4.97629844E-05,2.25937529E-05,2.30856695E-05,3.09866482E-05,2.19257236E-05,2.46319069E-05,1.22737720E-05,6.78057950E-06,2.10400158E-05,1.05381487E-05,1.03704588E-06,1.95995995E-06,1.03140683E-05,1.51638433E-05,-3.36E-06,2.47086155E-05,1.45939048E-05,1.41532419E-05,2.19091671E-05,1.50045898E-05,-1.83E-06,1.15916628E-05,2.49452642E-05,6.19412685E-06,1.21742105E-05,1.12144289E-05,2.33795745E-05,-3.69E-06,3.00052784E-06,3.69923691E-05,-8.54E-07,-2.31E-06,2.98325790E-06,4.45657815E-06,1.31301967E-05,4.26845600E-06,7.02596390E-06,-7.52E-06,9.19556351E-06,-1.03E-05,9.82360689E-06,-3.17E-07,-4.85E-07,1.35181735E-05,6.85245323E-06,1.83793181E-05,2.02782267E-05,-3.08E-06,5.96668883E-07,-7.21E-06,1.84496002E-05,2.97361894E-05,9.42966835E-06,3.01938576E-06,-7.04E-06,-2.63E-05,2.59616190E-05,3.47469468E-05,8.85710961E-06,-7.63E-07,6.54531368E-06,1.04768251E-05,6.93257971E-06,3.59683872E-05,2.27826422E-05,1.12279413E-05,2.24632768E-05,1.66022746E-05,3.38144455E-05,-8.32E-07,1.26768709E-05,3.19789506E-05,6.70102054E-06,1.69170362E-05,2.51917263E-05,5.01070172E-05,-1.26E-05,2.95575337E-05,-2.21E-05,-3.09E-05,9.06756668E-06,1.42716663E-05,-3.25E-05,-4.52E-05,-3.43E-05,-4.43E-05,5.63410140E-06,2.29902598E-05,4.92343224E-06,9.18749174E-06,5.95766414E-06,-2.70E-05,3.78715631E-05,1.12927692E-05,-1.52E-05,7.67592337E-06,-5.08E-06,-7.97E-06,-2.04E-05,4.15559407E-05,-8.89E-05,6.56477350E-05,-2.72E-05,1.63574953E-06,-2.67E-05,5.50714794E-05,5.33662642E-05,-1.09E-05,5.69523763E-05,8.19886336E-05,1.41454539E-05,-3.77E-05,INT SYNC:059.94[Hz],DOUBLE FRAME,NORMAL,STANDARD DARK,TWO,CIE1931 (2°),1°,100,0.33333333,0.33333333,NONE,1,300300,1298604,OFF,TRUE,2024/03/25,16:50:41,OK00,----,----,----,CS-3000HDR,3001075,1.00.0008
89,2.08564891E+03,3.85313343E+03,3.35678245E+02,3.85313343E+03,0.3324029,0.61409796,0.13701164,0.56952505,5534.86948,0.09295868,554.278853,84.9833833,375.798413,-312.473705,376.055258,6.93851700E+00,553,-1.15E-05,2.71556801E-05,-2.11E-05,-2.80E-05,6.17894102E-06,-5.03E-05,-3.08E-05,2.26278389E-05,-3.84E-05,2.67634314E-05,2.78631287E-05,2.50050753E-08,-4.42E-07,2.18523655E-05,5.62338573E-05,2.58018736E-05,3.30407383E-05,2.52526443E-05,1.52585881E-05,9.39862639E-06,2.12526011E-05,-6.94E-06,3.15095122E-06,1.49521020E-06,-8.34E-06,1.83394259E-05,-2.93E-06,-7.16E-06,1.02439553E-05,-1.67E-05,3.78128425E-05,2.37596691E-06,1.32760379E-05,2.86841223E-05,1.67179896E-05,3.25750370E-05,5.40413248E-06,3.24920402E-05,5.48713160E-06,1.23582731E-05,2.22109647E-05,5.19831747E-06,1.39048980E-05,-3.50E-06,1.87497903E-06,6.41066345E-06,-3.39E-06,1.96749916E-05,1.15860248E-05,8.92440880E-07,-3.09E-07,9.08562288E-06,1.04571136E-05,7.50042091E-06,8.75971273E-06,7.19403988E-06,2.58100226E-05,-7.10E-06,-1.32E-05,2.77015533E-05,-3.08E-06,2.46636159E-06,1.49932639E-05,2.67266951E-05,1.65510883E-05,2.74618615E-05,3.61888415E-05,5.14515268E-05,3.95934476E-05,6.63448882E-05,6.12419462E-05,6.26288529E-05,7.88921825E-05,6.80264129E-05,7.51858825E-05,1.04793427E-04,1.05741849E-04,1.11213732E-04,1.19024706E-04,1.29402775E-04,1.24575497E-04,1.43327226E-04,1.46888517E-04,1.59233023E-04,1.88395963E-04,1.99894086E-04,2.78778840E-04,3.43512016E-04,4.28412663E-04,5.99827734E-04,7.70002545E-04,9.88160144E-04,1.24379585E-03,1.70299236E-03,2.12660478E-03,2.70281266E-03,3.30909435E-03,4.12926357E-03,5.03646024E-03,6.03989186E-03,7.27674644E-03,8.75554234E-03,1.05965910E-02,1.25128999E-02,1.48036368E-02,1.72563288E-02,1.99648757E-02,2.25757323E-02,2.50426978E-02,2.75610089E-02,2.98926327E-02,3.19839977E-02,3.39701101E-02,3.57286260E-02,3.72647457E-02,3.89961377E-02,4.06605080E-02,4.25519757E-02,4.40827683E-02,4.52732891E-02,4.56387587E-02,4.53253239E-02,4.48527858E-02,4.42972891E-02,4.36181761E-02,4.35336977E-02,4.33076657E-02,4.34624180E-02,4.35030982E-02,4.39968891E-02,4.41574641E-02,4.42958325E-02,4.44829538E-02,4.46563363E-02,4.49103527E-02,4.50250655E-02,4.51744571E-02,4.52960692E-02,4.52730916E-02,4.52961661E-02,4.53825481E-02,4.52922620E-02,4.53546047E-02,4.53061908E-02,4.54051942E-02,4.55390587E-02,4.56131846E-02,4.60188575E-02,4.67275903E-02,4.75731492E-02,4.90611419E-02,5.08470125E-02,5.32228872E-02,5.59787415E-02,5.84855638E-02,6.11733086E-02,6.40427992E-02,6.75827786E-02,7.13703558E-02,7.52439499E-02,7.91422129E-02,8.32274258E-02,8.77060965E-02,9.32646617E-02,9.84335169E-02,1.00221284E-01,9.90763456E-02,9.67010409E-02,9.67528597E-02,1.00043520E-01,1.04702599E-01,1.08971722E-01,1.11669123E-01,1.12381972E-01,1.11231670E-01,1.08921677E-01,1.05749682E-01,1.02101728E-01,9.83320549E-02,9.46625620E-02,9.16004255E-02,8.85916427E-02,8.61011967E-02,8.40084851E-02,8.19174722E-02,8.05834904E-02,7.92041719E-02,7.84998387E-02,7.85678998E-02,7.93922544E-02,8.11202154E-02,8.33175853E-02,8.60938057E-02,8.87320116E-02,9.08529907E-02,9.21104699E-02,9.22402218E-02,9.10582319E-02,8.91163051E-02,8.60665962E-02,8.23183209E-02,7.76671842E-02,7.23401383E-02,6.67510778E-02,6.10210001E-02,5.50644770E-02,4.88703065E-02,4.27632034E-02,3.66362371E-02,3.10920477E-02,2.59519573E-02,2.12200787E-02,1.68935433E-02,1.30720576E-02,1.00869220E-02,7.58003118E-03,5.57832979E-03,4.09564376E-03,2.86572333E-03,2.05433229E-03,1.48279651E-03,1.07607804E-03,7.92611332E-04,6.32526178E-04,5.45457122E-04,4.77068534E-04,4.33615060E-04,4.07777086E-04,3.95601412E-04,3.84980667E-04,3.81012156E-04,3.77486926E-04,3.75108822E-04,3.54367046E-04,3.44954402E-04,3.47801280E-04,3.48612666E-04,3.18036909E-04,3.23674700E-04,3.11255280E-04,3.17508879E-04,2.93533871E-04,2.70086050E-04,2.88611016E-04,2.71043158E-04,2.52170954E-04,2.45480187E-04,2.29579528E-04,2.17577981E-04,1.99383576E-04,1.90636594E-04,1.93207045E-04,1.62734170E-04,1.70502288E-04,1.50942142E-04,1.38849384E-04,1.31953639E-04,1.48704654E-04,1.16563038E-04,1.23606587E-04,1.23900361E-04,1.09293745E-04,1.02015474E-04,1.13992413E-04,7.23036792E-05,9.72640410E-05,9.94715738E-05,8.31706493E-05,8.73713725E-05,8.47801202E-05,8.85651025E-05,7.25496284E-05,8.10897691E-05,5.96618811E-05,6.51681476E-05,7.81914059E-05,8.55372273E-05,6.79757140E-05,8.50186116E-05,8.80856169E-05,6.89072403E-05,6.99988959E-05,6.89957815E-05,8.07409160E-05,7.79766415E-05,6.34639509E-05,6.96064744E-05,5.81310014E-05,5.76559069E-05,3.13320052E-05,3.07989176E-05,3.70044072E-05,8.66748087E-06,2.19441190E-05,1.37271882E-05,1.07454489E-05,1.14316172E-05,2.25399181E-05,3.15492325E-05,-2.52E-06,1.86494399E-05,3.62840211E-07,8.90313186E-06,2.58740019E-05,-1.89E-06,-2.06E-06,7.92314438E-07,2.53200487E-05,5.96987365E-06,-1.04E-05,4.30094678E-06,6.04017578E-06,-3.59E-06,-3.00E-06,1.01729856E-05,2.31879676E-05,7.94440712E-06,2.13736330E-05,1.61942335E-05,2.08496913E-05,-7.10E-06,2.30538499E-05,7.18452520E-06,1.97174340E-05,1.57853501E-05,9.35741355E-06,-1.20E-05,-1.76E-05,1.03943721E-05,-9.61E-06,6.36725963E-06,6.53896177E-06,1.62470656E-06,1.14444292E-05,6.09366953E-06,-1.04E-05,6.64333311E-06,1.97624122E-05,1.02285994E-05,-1.41E-05,5.37728884E-05,2.76439960E-06,2.46716754E-05,1.50644046E-05,-2.07E-07,1.24698063E-05,2.83198751E-05,3.93111586E-05,4.02612350E-05,4.37187919E-05,1.75307869E-05,1.03253797E-05,2.51437996E-05,2.94844340E-05,2.96621147E-05,1.34818911E-05,-3.68E-05,5.86550377E-05,4.19596436E-05,2.09855571E-05,4.01845900E-05,5.00284914E-05,6.61328304E-05,-1.33E-05,-7.27E-06,3.74429328E-05,-1.26E-05,-3.83E-05,4.68096478E-05,3.65377782E-05,1.56120987E-05,-2.05E-05,-1.12E-05,6.62209777E-06,-2.67E-05,3.54333133E-05,2.91079432E-05,-3.25E-05,-3.27E-05,4.05753744E-05,-6.21E-05,-1.04E-05,-1.67E-05,-1.48E-05,-1.23E-05,1.22060974E-05,4.24305181E-05,-3.08E-05,-6.23E-05,2.96019953E-05,-1.54E-05,-5.71E-05,4.03842387E-06,3.79956073E-05,-2.49E-05,-1.07E-06,-1.19E-05,2.52549198E-05,2.70097444E-05,5.99283885E-05,6.68594876E-05,INT SYNC:059.94[Hz],DOUBLE FRAME,NORMAL,STANDARD DARK,TWO,CIE1931 (2°),1°,100,0.33333333,0.33333333,NONE,1,300300,1299525,OFF,TRUE,2024/03/25,16:50:45,OK00,----,----,----,CS-3000HDR,3001075,1.00.0008
90,2.08530160E+03,3.85259854E+03,3.35858992E+02,3.85259854E+03,0.33238471,0.61408136,0.13700644,0.56951921,5535.14793,0.09295999,554.275866,84.9731036,375.780282,-312.471957,375.970259,6.93849810E+00,553,-2.98E-05,5.41500376E-05,-2.89E-05,-1.61E-05,-2.72E-05,-3.27E-06,3.45653025E-05,-2.00E-05,-3.46E-05,-1.47E-06,-1.98E-06,-1.26E-05,-2.50E-07,2.50712292E-05,1.93678043E-05,-3.75E-05,5.34482479E-06,5.94893072E-06,2.47012531E-06,-1.88E-05,-1.10E-05,1.09364883E-05,4.01047146E-06,-2.45E-05,2.88463852E-05,1.03332313E-05,1.78324644E-05,1.96257861E-05,-7.40E-06,-4.08E-06,8.78429637E-06,5.96144787E-07,2.70942983E-05,1.96438541E-05,2.56573585E-05,3.76670164E-06,1.47917708E-05,1.72136515E-05,3.35635195E-05,1.63373170E-05,4.93914467E-06,1.25317383E-05,1.71724041E-05,1.25453016E-05,4.21951518E-06,9.77500531E-06,3.92542233E-06,8.73569024E-06,4.30025693E-07,5.95370784E-06,-2.59E-06,3.78361915E-06,2.46707350E-05,3.03332999E-05,1.50484811E-05,-2.32E-05,2.77158051E-06,1.06964926E-05,1.34657466E-05,2.05404540E-05,-2.09E-05,1.25566075E-05,1.76544490E-05,3.02769968E-05,8.72277997E-06,4.51304077E-05,4.55601548E-05,4.34425019E-05,3.87099135E-05,4.32088418E-05,3.95966999E-05,6.80519588E-05,7.89393889E-05,8.49863936E-05,9.32701732E-05,9.39777601E-05,7.27602237E-05,1.08121225E-04,1.08567816E-04,1.18853255E-04,1.17681790E-04,1.45452839E-04,1.42101024E-04,1.51079817E-04,1.92931082E-04,2.27143100E-04,2.85031740E-04,3.40472761E-04,4.20492230E-04,5.86072274E-04,7.68458936E-04,9.89868306E-04,1.30086206E-03,1.69797509E-03,2.14618398E-03,2.70339125E-03,3.39398137E-03,4.14926279E-03,5.03400713E-03,6.09065685E-03,7.29968632E-03,8.75653047E-03,1.06065562E-02,1.25523638E-02,1.47268893E-02,1.71916559E-02,2.00426597E-02,2.25329418E-02,2.50768010E-02,2.75379270E-02,2.99315620E-02,3.20249274E-02,3.39409523E-02,3.56140360E-02,3.72646861E-02,3.89170609E-02,4.06474471E-02,4.26052548E-02,4.41708751E-02,4.52124327E-02,4.55541573E-02,4.53726687E-02,4.49296944E-02,4.43603285E-02,4.37269621E-02,4.36267368E-02,4.34546545E-02,4.36048396E-02,4.37197797E-02,4.39475365E-02,4.40433435E-02,4.41779904E-02,4.44307067E-02,4.46804650E-02,4.47756983E-02,4.50355858E-02,4.53215651E-02,4.54697609E-02,4.53524292E-02,4.52799164E-02,4.52881716E-02,4.53416146E-02,4.53662947E-02,4.54604886E-02,4.54528145E-02,4.55390587E-02,4.57488187E-02,4.61058207E-02,4.66412194E-02,4.76827472E-02,4.90885824E-02,5.09676524E-02,5.32085598E-02,5.58744445E-02,5.85768707E-02,6.12807088E-02,6.41685426E-02,6.76805601E-02,7.12404326E-02,7.51759335E-02,7.91888684E-02,8.33132043E-02,8.77208784E-02,9.30429474E-02,9.83162001E-02,1.00207292E-01,9.87309664E-02,9.65805948E-02,9.65544060E-02,9.98570770E-02,1.04501083E-01,1.08783856E-01,1.11536995E-01,1.12221584E-01,1.11372083E-01,1.09000430E-01,1.05735533E-01,1.01851650E-01,9.82121676E-02,9.47944298E-02,9.14729908E-02,8.87134299E-02,8.61598775E-02,8.39466155E-02,8.20557997E-02,8.05919543E-02,7.91386068E-02,7.83608556E-02,7.84371868E-02,7.93789029E-02,8.10950622E-02,8.33497345E-02,8.62772763E-02,8.89283642E-02,9.08703804E-02,9.19902176E-02,9.22517702E-02,9.10885856E-02,8.90924782E-02,8.60318393E-02,8.21227133E-02,7.77141899E-02,7.23909661E-02,6.67823777E-02,6.10589869E-02,5.50092459E-02,4.89249974E-02,4.27669324E-02,3.66418920E-02,3.10503785E-02,2.59518940E-02,2.11454183E-02,1.69107113E-02,1.31399846E-02,1.00800944E-02,7.59804156E-03,5.62623562E-03,4.05602995E-03,2.87626893E-03,2.02789437E-03,1.47234823E-03,1.06946181E-03,8.15149164E-04,6.43408275E-04,5.45764284E-04,4.63604287E-04,4.35484224E-04,4.27525811E-04,3.98458971E-04,3.89181107E-04,3.88205459E-04,3.68437759E-04,3.55200697E-04,3.66491702E-04,3.44019587E-04,3.42213811E-04,3.43806169E-04,3.37342033E-04,3.36432131E-04,3.25910689E-04,3.36145866E-04,2.98587896E-04,2.81152024E-04,2.70258868E-04,2.69355893E-04,2.52068945E-04,2.45337724E-04,2.20461938E-04,2.02527488E-04,2.09164078E-04,1.99669172E-04,2.05422097E-04,1.78631162E-04,1.70741274E-04,1.50919339E-04,1.32930567E-04,1.45383019E-04,1.40610122E-04,1.24321828E-04,1.26696483E-04,1.16396848E-04,9.36862198E-05,1.05003994E-04,9.70566834E-05,8.70299482E-05,9.89003966E-05,9.39206002E-05,1.02194776E-04,9.62995473E-05,8.28812845E-05,7.89431651E-05,8.17102555E-05,7.59875256E-05,9.13476833E-05,8.42841837E-05,7.73900611E-05,8.98534126E-05,8.70069853E-05,7.85467419E-05,8.55702528E-05,7.65165532E-05,8.04967567E-05,7.57595917E-05,7.76412635E-05,6.30335271E-05,5.97878316E-05,4.94937267E-05,4.84938100E-05,4.94679516E-05,4.77496578E-05,5.39675020E-05,2.12025025E-05,2.97169663E-05,1.59399333E-05,1.95726261E-05,2.60472279E-05,2.41935759E-05,1.57788018E-05,-4.07E-06,1.93134092E-05,1.58197727E-05,7.27411998E-06,8.41670953E-06,3.28752708E-06,-7.10E-06,1.53975343E-05,2.47641528E-05,1.34931734E-05,1.49980933E-05,1.01936193E-05,1.76147478E-05,1.21577486E-05,-3.66E-06,1.68509723E-05,2.11344359E-05,7.15609849E-06,1.04633145E-05,7.90240301E-06,1.55404778E-05,-1.37E-06,-3.59E-06,2.30260830E-05,2.99776202E-05,2.67295109E-05,7.18467481E-06,-4.62E-06,-1.21E-05,7.07123354E-06,-5.00E-06,3.46722009E-05,2.17599190E-05,-4.93E-06,4.13055932E-06,5.18115394E-06,1.24446151E-05,1.07535343E-05,-1.71E-05,7.65842378E-06,-1.02E-05,-3.09E-05,-6.47E-06,6.73559407E-06,1.68185870E-05,2.52117643E-05,2.73891437E-05,3.63585168E-05,1.15036546E-05,-5.87E-06,2.84242342E-05,-1.21E-05,7.67721394E-06,2.00631057E-05,1.40358607E-05,-3.06E-06,3.48919457E-05,3.68919682E-05,1.42504005E-05,3.19827450E-05,2.18465902E-05,2.18965561E-05,5.01696268E-05,2.62178310E-05,2.16409117E-05,-6.88E-06,-3.09E-05,8.45380928E-05,7.79901311E-05,6.58397903E-06,4.93701154E-05,2.98749565E-05,-1.84E-05,-5.92E-06,-2.28E-05,-2.24E-05,-1.67E-05,2.59876815E-05,2.38605098E-05,2.67737187E-06,6.35613287E-06,6.46048065E-05,7.43698956E-06,-1.22E-05,-2.41E-05,2.25073891E-05,6.44583452E-06,4.23721540E-05,5.32551639E-05,2.40554364E-05,3.97260083E-05,-1.33E-05,1.03232260E-05,-3.10E-05,2.46892068E-05,2.03773343E-05,-1.23E-08,1.87405367E-05,-2.63E-05,-1.72E-06,3.02039880E-05,4.19681271E-07,-1.73E-05,INT SYNC:059.94[Hz],DOUBLE FRAME,NORMAL,STANDARD DARK,TWO,CIE1931 (2°),1°,100,0.33333333,0.33333333,NONE,1,300300,1300022,OFF,TRUE,2024/03/25,16:51:07,OK00,----,----,----,CS-3000HDR,3001075,1.00.0008
91,2.07987611E+03,3.84226769E+03,3.34694749E+02,3.84226769E+03,0.33241646,0.61409091,0.1370188,0.56952507,5534.66125,0.09295332,554.281068,84.9851481,375.429779,-312.155757,375.712428,6.91896005E+00,553,-5.60E-06,1.70153380E-05,5.65679147E-06,-2.50E-05,-2.24E-05,-1.06E-06,1.04656738E-05,-5.03E-05,4.38248317E-05,9.99561053E-06,-3.01E-05,4.46856029E-05,2.24318183E-06,-8.39E-06,4.29223910E-05,-3.19E-05,-4.30E-05,1.88634785E-05,-8.16E-06,-1.17E-06,1.41404025E-05,-5.09E-06,-7.47E-06,3.71145757E-06,9.59846693E-06,9.99950589E-06,1.80037605E-05,-2.01E-05,1.83224965E-05,1.13677615E-05,-1.07E-06,-1.04E-05,2.35056064E-06,2.81989310E-06,2.62973226E-05,2.78305015E-05,4.83471376E-06,1.07531223E-05,1.98369071E-05,-8.21E-06,5.46880756E-07,1.21922621E-05,3.32749441E-05,-3.79E-06,6.05133800E-06,4.76752757E-06,3.80366964E-06,-1.33E-05,1.96904512E-05,2.71336448E-05,5.73824127E-06,-5.77E-06,1.39255044E-05,1.64254034E-05,1.15871644E-05,-1.59E-06,-1.73E-05,1.65959591E-05,2.47321168E-05,-2.92E-06,2.71068875E-05,1.67934013E-05,3.14321878E-05,2.11534916E-05,-1.64E-05,1.58521198E-05,5.42536509E-05,3.91992071E-05,5.22336995E-05,5.80162705E-05,6.17836558E-05,6.15516910E-05,7.15004717E-05,8.25915049E-05,1.04794010E-04,9.16947683E-05,1.00719146E-04,1.21659687E-04,1.28461572E-04,1.01398306E-04,1.50364649E-04,1.35907569E-04,1.21879086E-04,1.71012754E-04,1.97697023E-04,2.25210810E-04,2.52666243E-04,3.16080113E-04,4.15994058E-04,5.91406366E-04,7.74487911E-04,1.00225664E-03,1.26285525E-03,1.68218883E-03,2.13539624E-03,2.70397868E-03,3.33483936E-03,4.11202339E-03,5.03065251E-03,6.06737845E-03,7.29151722E-03,8.75510368E-03,1.05983997E-02,1.25258500E-02,1.46988705E-02,1.71156749E-02,1.99484266E-02,2.24534832E-02,2.49745864E-02,2.74231955E-02,2.96978652E-02,3.19047943E-02,3.37556824E-02,3.56309377E-02,3.70819718E-02,3.87959182E-02,4.05008793E-02,4.24436852E-02,4.39625978E-02,4.50158045E-02,4.55775112E-02,4.51450832E-02,4.48209010E-02,4.42828946E-02,4.35952470E-02,4.33603078E-02,4.33181152E-02,4.33460213E-02,4.35538627E-02,4.36858311E-02,4.39897887E-02,4.41287011E-02,4.44026999E-02,4.44984287E-02,4.46406640E-02,4.48680744E-02,4.50662337E-02,4.53041606E-02,4.51627225E-02,4.52126823E-02,4.51754704E-02,4.50391434E-02,4.51855473E-02,4.52911332E-02,4.52084914E-02,4.53338213E-02,4.54742163E-02,4.59541604E-02,4.64813486E-02,4.73965816E-02,4.87661362E-02,5.07712215E-02,5.31442799E-02,5.56635149E-02,5.82346991E-02,6.09234497E-02,6.39552027E-02,6.73014000E-02,7.10725635E-02,7.50724822E-02,7.89446160E-02,8.31081346E-02,8.73294473E-02,9.27943513E-02,9.81167853E-02,1.00195900E-01,9.89236012E-02,9.65530947E-02,9.64897573E-02,9.97326821E-02,1.04580715E-01,1.08529791E-01,1.11426428E-01,1.12066746E-01,1.11241817E-01,1.08789563E-01,1.05511799E-01,1.01773396E-01,9.79836360E-02,9.44260061E-02,9.12910402E-02,8.85167196E-02,8.57889801E-02,8.36132392E-02,8.17271620E-02,8.03335831E-02,7.90406093E-02,7.81320408E-02,7.82210678E-02,7.91634247E-02,8.07884410E-02,8.31290185E-02,8.58992487E-02,8.86138380E-02,9.06604975E-02,9.17580351E-02,9.19856876E-02,9.09263864E-02,8.87455046E-02,8.56868550E-02,8.20628703E-02,7.74873719E-02,7.20880255E-02,6.65966719E-02,6.09539039E-02,5.48965856E-02,4.87377979E-02,4.26438637E-02,3.65489498E-02,3.09877209E-02,2.58852541E-02,2.12103724E-02,1.67907551E-02,1.31130647E-02,1.00386878E-02,7.55676907E-03,5.60060097E-03,4.04756051E-03,2.88289506E-03,2.02638609E-03,1.45292981E-03,1.08057715E-03,8.12190876E-04,6.48061279E-04,5.25981362E-04,4.78523492E-04,4.32527188E-04,4.12984577E-04,3.93085706E-04,3.81621154E-04,3.73053539E-04,3.68033943E-04,3.49550013E-04,3.49346868E-04,3.35936435E-04,3.36035067E-04,3.36131314E-04,3.28033639E-04,3.23114858E-04,3.18266772E-04,3.26371519E-04,2.81191489E-04,2.90829747E-04,2.84980488E-04,2.57613428E-04,2.40437876E-04,2.41793954E-04,2.14689557E-04,2.16866247E-04,2.17888708E-04,2.01732066E-04,1.82459029E-04,1.78309856E-04,1.64921017E-04,1.45010999E-04,1.45082260E-04,1.55657501E-04,1.46062041E-04,1.28951040E-04,1.09880864E-04,1.19136610E-04,1.03451202E-04,9.20722887E-05,8.87984497E-05,9.58190139E-05,9.27579167E-05,8.65458205E-05,9.18092774E-05,8.06955577E-05,9.85379011E-05,9.09691444E-05,7.73352585E-05,6.95564668E-05,7.26709550E-05,6.30694340E-05,8.76991326E-05,9.07425565E-05,8.27499534E-05,6.33421369E-05,7.96001186E-05,9.13426993E-05,8.91464661E-05,6.24604145E-05,6.48375935E-05,7.27158767E-05,7.24157435E-05,6.17553378E-05,5.42946909E-05,6.67582572E-05,4.25544931E-05,3.70891539E-05,2.64357332E-05,2.28086519E-05,3.30583171E-05,1.81054984E-05,2.25469576E-05,3.04690111E-05,2.04770495E-05,7.20165235E-06,8.98951293E-06,1.19613460E-05,2.87489765E-05,1.96844721E-05,1.07261494E-05,5.29117324E-06,-6.91E-06,1.75113637E-05,9.12054111E-06,1.65796610E-05,-7.25E-07,1.12010221E-05,1.79645747E-06,2.36847859E-06,-2.23E-05,1.50448559E-05,2.40484987E-05,7.81428116E-06,-1.23E-06,-5.98E-06,1.59303090E-05,7.38355175E-06,8.58548265E-06,2.18678451E-05,7.28962914E-06,-5.64E-07,-1.03E-05,-1.18E-05,1.62045653E-05,4.42073178E-06,8.47568936E-06,1.60071068E-05,-4.20E-06,4.24825748E-06,3.96233736E-06,2.63469174E-05,2.21129467E-05,2.98596660E-05,2.11772385E-05,1.23010777E-05,3.57914796E-05,1.23236587E-05,2.39221681E-05,2.92338973E-05,1.44067908E-05,2.69188076E-05,5.75224185E-05,3.37142155E-05,2.83672980E-05,2.11629795E-05,1.22712254E-05,-6.95E-06,-1.52E-05,2.72584784E-05,6.93642505E-06,1.18523758E-05,5.73626712E-05,3.22184110E-06,3.18300335E-05,1.08729892E-05,2.54948827E-05,2.43437134E-05,-1.08E-05,1.35179225E-05,5.82934990E-05,2.98149371E-05,2.06283330E-05,7.37226510E-05,6.10722691E-06,1.76726135E-05,3.14652498E-05,9.90907483E-06,1.91168710E-05,3.00315787E-06,-6.78E-06,1.94882959E-05,-1.11E-05,2.97426304E-05,3.89314755E-06,4.48461105E-05,6.45303735E-05,7.02905936E-06,-2.74E-06,-7.32E-06,-9.08E-06,5.08841731E-05,1.07253698E-04,5.79632178E-05,-1.37E-05,-3.58E-05,7.23134599E-06,1.02974909E-05,-5.95E-05,-1.70E-05,2.82885103E-05,-4.01E-05,-3.65E-05,1.61023054E-05,3.30686053E-05,-4.51E-05,-1.00E-05,5.15289466E-05,INT SYNC:059.94[Hz],DOUBLE FRAME,NORMAL,STANDARD DARK,TWO,CIE1931 (2°),1°,100,0.33333333,0.33333333,NONE,1,300300,1296971,OFF,TRUE,2024/03/25,16:51:17,OK00,----,----,----,CS-3000HDR,3001075,1.00.0008
92,2.08091901E+03,3.84398833E+03,3.34702390E+02,3.84398833E+03,0.3324359,0.61409393,0.13702686,0.56952802,5534.36309,0.0929486,554.284252,84.9916641,375.4882,-312.177784,375.810877,6.92186381E+00,553,3.99142882E-05,-2.67E-05,-3.01E-05,-1.09E-05,-2.15E-05,4.98232839E-05,-9.68E-07,-7.75E-06,4.87447551E-06,-1.21E-05,5.12806764E-06,-1.41E-05,-2.14E-05,-1.33E-05,2.88204265E-05,2.27146575E-05,-2.02E-05,-1.96E-05,2.24445080E-06,8.13063616E-06,1.28615266E-05,2.67512110E-06,-6.99E-06,5.20031745E-06,2.71553527E-05,1.37642028E-05,-1.32E-05,-1.16E-05,-2.49E-06,-7.84E-06,8.86362341E-06,-6.40E-06,8.76387639E-06,2.41265498E-05,-1.79E-06,8.85583813E-06,-6.97E-06,2.49239438E-05,1.48555746E-05,1.83667385E-06,-1.54E-06,1.70940148E-05,4.81142536E-07,5.93988352E-06,-6.63E-07,-8.31E-06,6.31059265E-07,1.87261994E-05,2.21141340E-06,7.01085901E-06,5.85536554E-06,-7.75E-06,-4.18E-06,1.30263470E-05,1.65718320E-05,7.35722233E-06,2.16977187E-05,-2.14E-06,1.10236115E-05,1.96045567E-05,-3.37E-06,1.50902506E-05,1.38845926E-05,3.67796711E-05,8.84498786E-06,2.35487350E-05,1.81475571E-05,4.54781621E-05,4.62181415E-05,5.97018188E-05,4.44323741E-05,7.47165104E-05,8.41018773E-05,7.05341808E-05,7.86570890E-05,1.00030236E-04,1.12697751E-04,1.14028975E-04,1.16939409E-04,1.14636670E-04,1.31413384E-04,1.43630692E-04,1.53762085E-04,1.59167466E-04,1.76370420E-04,2.31078375E-04,2.66000890E-04,3.53648094E-04,4.11322428E-04,5.59178123E-04,7.35737034E-04,9.86397266E-04,1.26049318E-03,1.70458748E-03,2.14553694E-03,2.73106550E-03,3.34719452E-03,4.08108020E-03,5.03585348E-03,6.05847128E-03,7.25994725E-03,8.75770301E-03,1.06064929E-02,1.25322090E-02,1.47393476E-02,1.71897374E-02,1.98241733E-02,2.24631671E-02,2.49513630E-02,2.73577441E-02,2.97350213E-02,3.19277160E-02,3.37331556E-02,3.55631821E-02,3.72198336E-02,3.90227810E-02,4.04718481E-02,4.23953794E-02,4.39848490E-02,4.50558588E-02,4.55566719E-02,4.52614687E-02,4.48129661E-02,4.42028902E-02,4.37281653E-02,4.34932411E-02,4.33446802E-02,4.33010273E-02,4.34640422E-02,4.37888466E-02,4.38214280E-02,4.41653877E-02,4.43348214E-02,4.44998071E-02,4.47685681E-02,4.50109988E-02,4.50467132E-02,4.51904461E-02,4.50640023E-02,4.51841317E-02,4.51683514E-02,4.50900458E-02,4.50750701E-02,4.53232601E-02,4.53135706E-02,4.53270078E-02,4.55591865E-02,4.59007658E-02,4.65621464E-02,4.73827906E-02,4.88349013E-02,5.06390259E-02,5.30528724E-02,5.58109023E-02,5.83430827E-02,6.11034222E-02,6.39169291E-02,6.75267801E-02,7.12624937E-02,7.51094148E-02,7.88598508E-02,8.29831660E-02,8.75746757E-02,9.31129083E-02,9.80211869E-02,1.00193642E-01,9.88339931E-02,9.65560451E-02,9.65892524E-02,9.98241082E-02,1.04524687E-01,1.08663276E-01,1.11389734E-01,1.12287492E-01,1.11064382E-01,1.08802490E-01,1.05352841E-01,1.01694971E-01,9.79699641E-02,9.46544632E-02,9.13648307E-02,8.84424299E-02,8.57999548E-02,8.36294740E-02,8.18131939E-02,8.03385302E-02,7.89939538E-02,7.82359689E-02,7.83011317E-02,7.90944025E-02,8.07770640E-02,8.31149295E-02,8.59933421E-02,8.86301845E-02,9.08414051E-02,9.18101594E-02,9.20476839E-02,9.10076275E-02,8.89400542E-02,8.59850571E-02,8.19734335E-02,7.75396824E-02,7.22776726E-02,6.66762963E-02,6.09052293E-02,5.49692027E-02,4.87411804E-02,4.26848605E-02,3.65623683E-02,3.10112312E-02,2.58771461E-02,2.11734604E-02,1.68361533E-02,1.30484421E-02,1.00380676E-02,7.57339224E-03,5.61138382E-03,4.05827072E-03,2.85853189E-03,2.04598275E-03,1.44382752E-03,1.04732998E-03,7.92859239E-04,6.50682894E-04,5.36672072E-04,4.64143552E-04,4.31311084E-04,4.12837777E-04,3.96377931E-04,3.87345091E-04,3.70226626E-04,3.80491489E-04,3.59116326E-04,3.47928290E-04,3.55068536E-04,3.60075384E-04,3.27610091E-04,3.36319848E-04,3.17876518E-04,3.22283158E-04,2.94259138E-04,2.91746255E-04,2.88172421E-04,2.69005221E-04,2.58332904E-04,2.32850492E-04,2.37602319E-04,2.18974877E-04,2.00006951E-04,1.98765294E-04,1.95269458E-04,1.79634066E-04,1.78026254E-04,1.58087714E-04,1.51450877E-04,1.50124746E-04,1.46943436E-04,1.35930823E-04,1.24056925E-04,1.30117318E-04,1.11016532E-04,1.13387432E-04,1.00916652E-04,9.75795192E-05,1.09446766E-04,1.01857033E-04,9.13808835E-05,9.28622831E-05,8.31301732E-05,8.54219834E-05,9.38838421E-05,7.26374128E-05,8.54747050E-05,7.63269854E-05,7.12255423E-05,9.05409179E-05,8.35295577E-05,8.66423725E-05,7.72643543E-05,7.30098182E-05,7.46475198E-05,7.83800715E-05,6.64731488E-05,7.97702232E-05,8.30857098E-05,6.97215073E-05,5.52074525E-05,4.22600715E-05,4.79966402E-05,4.49656945E-05,3.79373232E-05,4.78239926E-05,1.98176986E-05,2.61335244E-05,1.37472271E-05,1.17811278E-05,1.71902175E-05,3.08976960E-05,-9.73E-06,-1.73E-05,1.03531738E-05,2.42633382E-06,-1.14E-06,6.40363396E-06,-5.05E-06,3.72331397E-06,1.22916317E-05,5.07834511E-06,-5.86E-06,8.81098276E-06,2.38973025E-05,6.74485045E-06,-1.00E-05,1.02121621E-05,2.26836482E-06,1.15735920E-05,2.06469595E-05,8.63904006E-07,-9.20E-06,1.61707285E-05,7.15682245E-06,1.58548610E-05,8.50393917E-06,1.02816521E-05,1.15623734E-05,1.07931783E-06,-4.14E-06,2.47952230E-05,5.23359904E-06,-3.45E-07,2.07801713E-05,1.16761503E-05,2.39023702E-05,1.38745627E-05,7.05176899E-06,1.02037911E-05,2.29670832E-06,-1.12E-05,2.31037702E-05,3.60323647E-05,-1.18E-05,2.15355103E-05,1.57198720E-05,2.62047251E-05,1.90276769E-05,3.27326379E-05,3.09966526E-05,3.95826100E-05,1.54972240E-05,-6.80E-06,8.74984289E-06,2.32168622E-05,5.58454158E-05,3.21376174E-05,1.69949762E-05,4.53147150E-05,2.36006622E-06,5.63214380E-05,2.95762875E-05,4.58571740E-05,-8.99E-07,-2.29E-06,1.37154539E-05,1.32141140E-05,-6.12E-05,-1.18E-06,1.49911284E-05,7.08581911E-06,3.31321316E-05,2.85320475E-05,7.06701030E-05,2.68260774E-05,-2.92E-05,-1.85E-05,-1.06E-05,4.08237647E-05,2.47610660E-05,5.49455326E-05,4.67338286E-05,-7.11E-05,3.48253961E-05,4.71901194E-06,9.01925614E-06,-2.61E-05,-4.39E-05,9.87017629E-05,3.69964546E-05,3.50194023E-05,-2.16E-05,-4.26E-05,1.12974076E-05,4.03277991E-05,-2.70E-05,3.56832352E-05,1.34531647E-05,5.69313270E-05,9.41005928E-05,5.17302433E-05,-1.10E-06,1.05328982E-05,4.73265245E-05,INT SYNC:059.94[Hz],DOUBLE FRAME,NORMAL,STANDARD DARK,TWO,CIE1931 (2°),1°,100,0.33333333,0.33333333,NONE,1,300300,1298854,OFF,TRUE,2024/03/25,16:51:22,OK00,----,----,----,CS-3000HDR,3001075,1.00.0008
93,2.07894556E+03,3.84041077E+03,3.34339904E+02,3.84041077E+03,0.33243469,0.61410254,0.13702486,0.5695298,5534.38208,0.09295088,554.284058,84.9939306,375.366711,-312.08901,375.709453,6.91536159E+00,553,2.64294176E-05,8.77085495E-06,-4.72E-05,-1.32E-05,-8.09E-06,3.63456752E-06,1.17750005E-05,2.31744707E-05,2.56998483E-05,2.15294531E-05,-5.14E-06,1.36156905E-05,-4.50E-07,2.08634501E-05,-1.84E-05,-1.04E-05,2.75452658E-05,1.39225940E-05,2.48612942E-05,-2.41E-06,-3.81E-05,2.09150608E-06,4.25122880E-06,2.15303171E-05,1.97296722E-05,-1.33E-05,3.93054579E-05,-2.87E-05,-2.91E-07,-9.17E-06,-2.27E-07,2.30676733E-06,9.14512111E-06,8.10255278E-06,1.68632196E-05,8.66802475E-06,1.85233730E-05,9.98165979E-06,2.00069790E-05,-7.52E-06,1.51001532E-05,6.40699409E-06,-3.27E-06,5.24002144E-06,8.61586068E-06,8.52634730E-06,9.30042279E-06,1.20021177E-05,8.67474864E-06,7.17535340E-06,-1.89E-06,9.41690269E-06,-3.22E-06,-1.07E-07,1.35501450E-05,-4.08E-07,6.31100102E-06,2.06383788E-06,1.39625172E-05,-1.04E-05,-1.52E-05,-7.41E-07,1.02353997E-05,1.55245125E-05,4.27658015E-05,1.60578784E-05,2.86483228E-05,4.20848446E-05,6.02356522E-05,5.77834944E-05,5.79867192E-05,6.90263842E-05,7.80066985E-05,8.00384587E-05,1.01547492E-04,9.90426051E-05,7.89416590E-05,1.00277342E-04,1.07134016E-04,1.04183411E-04,1.18078780E-04,1.44772057E-04,1.48089079E-04,1.59969175E-04,1.81526033E-04,2.26653676E-04,2.85991060E-04,3.15823563E-04,4.39861382E-04,5.83283138E-04,7.68496131E-04,1.01567991E-03,1.28335727E-03,1.65525370E-03,2.14418210E-03,2.70025269E-03,3.36971367E-03,4.09424072E-03,5.04020415E-03,6.08475599E-03,7.29777850E-03,8.70882906E-03,1.04979686E-02,1.24928299E-02,1.47372885E-02,1.70372818E-02,1.98770426E-02,2.24825088E-02,2.49927528E-02,2.73875408E-02,2.96608917E-02,3.17681469E-02,3.37640569E-02,3.56073491E-02,3.70982662E-02,3.88510525E-02,4.04799394E-02,4.23654914E-02,4.39569838E-02,4.49473970E-02,4.55118269E-02,4.52270806E-02,4.47703563E-02,4.42939922E-02,4.37762998E-02,4.34775874E-02,4.32454497E-02,4.33546603E-02,4.36253473E-02,4.37761024E-02,4.39953692E-02,4.40475978E-02,4.41396683E-02,4.44925018E-02,4.46903743E-02,4.48492020E-02,4.50500287E-02,4.51487824E-02,4.50565517E-02,4.51072529E-02,4.49489541E-02,4.50132042E-02,4.51010205E-02,4.50501628E-02,4.52104658E-02,4.52770069E-02,4.53882106E-02,4.57486436E-02,4.63426486E-02,4.73787710E-02,4.89137582E-02,5.06154075E-02,5.30285724E-02,5.55461831E-02,5.82042411E-02,6.09613471E-02,6.41068518E-02,6.73828572E-02,7.10109770E-02,7.49919787E-02,7.88609162E-02,8.29016343E-02,8.73520821E-02,9.29344445E-02,9.79905576E-02,1.00136191E-01,9.87522081E-02,9.66270640E-02,9.64283198E-02,9.97929350E-02,1.04679920E-01,1.08847305E-01,1.11400895E-01,1.12113230E-01,1.11169547E-01,1.08866908E-01,1.05492227E-01,1.01657182E-01,9.79400501E-02,9.43249986E-02,9.12339091E-02,8.84652734E-02,8.56809914E-02,8.36825967E-02,8.17499161E-02,8.01576823E-02,7.89063573E-02,7.80110136E-02,7.82096460E-02,7.90852606E-02,8.06810334E-02,8.30940902E-02,8.59871432E-02,8.85990113E-02,9.06069577E-02,9.18843001E-02,9.18343142E-02,9.08921808E-02,8.88608247E-02,8.57426673E-02,8.19827467E-02,7.74016455E-02,7.20988736E-02,6.66525885E-02,6.09088242E-02,5.47397323E-02,4.86866087E-02,4.27098088E-02,3.64762172E-02,3.09242439E-02,2.58186162E-02,2.11475752E-02,1.69008393E-02,1.30414087E-02,1.00124748E-02,7.55683193E-03,5.57663431E-03,4.06582048E-03,2.84106610E-03,2.02145404E-03,1.43974007E-03,1.07257022E-03,7.99014815E-04,6.44190353E-04,5.31866739E-04,4.69302788E-04,4.41618613E-04,4.14357230E-04,3.86715721E-04,3.81594145E-04,3.67884146E-04,3.69987160E-04,3.62477615E-04,3.39137565E-04,3.33928969E-04,3.54441465E-04,3.36600118E-04,3.14383360E-04,3.26685695E-04,3.09157476E-04,3.07123730E-04,2.91807344E-04,2.73211073E-04,2.77014449E-04,2.57466978E-04,2.30911086E-04,2.45310250E-04,2.25697237E-04,2.18594345E-04,2.03526899E-04,2.03799616E-04,1.78582341E-04,1.77842172E-04,1.70930260E-04,1.66564030E-04,1.51251632E-04,1.46153645E-04,1.49256579E-04,1.25429593E-04,1.23025326E-04,1.08512613E-04,1.08015185E-04,1.08317952E-04,9.33672782E-05,9.11927855E-05,9.88921456E-05,9.73646893E-05,1.04805149E-04,8.94992409E-05,8.15554813E-05,9.24987035E-05,9.12884134E-05,7.88977413E-05,7.71919513E-05,7.94760708E-05,9.16750141E-05,8.85460831E-05,7.22113764E-05,9.65407380E-05,8.41129950E-05,8.37540356E-05,7.78723406E-05,6.18996637E-05,9.29836388E-05,6.38869897E-05,7.84106742E-05,5.62653513E-05,5.21856637E-05,4.76674795E-05,3.76323878E-05,1.67837279E-05,3.16976220E-05,3.45135268E-05,2.25369677E-05,1.75079294E-05,1.67936578E-05,2.25265157E-05,4.61442869E-06,-4.60E-06,1.87971800E-05,1.65992151E-05,1.20745080E-05,3.89091065E-06,1.61434818E-05,1.79477865E-05,1.82477197E-05,1.09374505E-05,-3.71E-06,5.98792531E-06,1.65014842E-06,2.03116755E-07,-3.35E-06,8.44264287E-06,-9.03E-06,2.49872010E-05,7.79022957E-06,-3.89E-06,-1.10E-05,7.82964526E-06,1.16120536E-05,-1.63E-06,1.59157735E-05,1.67785890E-06,1.77940128E-05,8.81347933E-06,-1.01E-05,-7.73E-06,3.10316977E-07,2.74888407E-05,1.67854905E-05,1.16649198E-05,1.67224771E-05,1.99341630E-05,6.67231188E-06,4.14859715E-05,1.27329840E-05,7.71417763E-06,1.01405212E-05,1.15784917E-06,-9.11E-06,-2.70E-05,-9.45E-06,1.46061193E-05,2.98610166E-06,4.66125039E-06,2.47688258E-05,2.96381731E-05,3.97121621E-05,9.84674989E-06,2.11223578E-05,8.50647575E-06,-1.50E-05,1.06450761E-05,9.97529878E-06,-4.59E-06,3.02110839E-05,2.74102895E-05,7.58448914E-06,4.35328693E-05,2.64786449E-05,1.12494090E-05,-2.02E-06,8.86461658E-06,2.70703076E-05,-4.83E-06,2.01915336E-05,6.69751785E-07,2.31396516E-05,6.84079059E-05,4.20804390E-05,9.08570200E-06,-2.39E-05,3.27593407E-05,-1.73E-05,-2.94E-05,-5.32E-06,6.54157921E-05,4.44276920E-05,7.03123942E-06,4.64004625E-05,1.42898925E-05,2.96006056E-05,1.16632100E-05,5.07251862E-05,6.98166914E-05,4.83429139E-05,-4.87E-05,1.59924934E-06,-2.54E-05,6.89938906E-06,1.02614767E-05,5.73004172E-07,6.02343389E-05,-1.96E-05,2.76405008E-05,1.15811390E-05,7.96998120E-06,3.14425997E-05,3.67221437E-05,4.85554920E-05,3.19213541E-05,INT SYNC:059.94[Hz],DOUBLE FRAME,NORMAL,STANDARD DARK,TWO,CIE1931 (2°),1°,100,0.33333333,0.33333333,NONE,1,300300,1298168,OFF,TRUE,2024/03/25,16:51:27,OK00,----,----,----,CS-3000HDR,3001075,1.00.0008
93,2.07894556E+03,3.84041077E+03,3.34339904E+02,3.84041077E+03,0.33243469,0.61410254,0.13702486,0.5695298,5534.38208,0.09295088,554.284058,84.9939306,375.366711,-312.08901,375.709453,6.91536159E+00,553,2.64294176E-05,8.77085495E-06,-4.72E-05,-1.32E-05,-8.09E-06,3.63456752E-06,1.17750005E-05,2.31744707E-05,2.56998483E-05,2.15294531E-05,-5.14E-06,1.36156905E-05,-4.50E-07,2.08634501E-05,-1.84E-05,-1.04E-05,2.75452658E-05,1.39225940E-05,2.48612942E-05,-2.41E-06,-3.81E-05,2.09150608E-06,4.25122880E-06,2.15303171E-05,1.97296722E-05,-1.33E-05,3.93054579E-05,-2.87E-05,-2.91E-07,-9.17E-06,-2.27E-07,2.30676733E-06,9.14512111E-06,8.10255278E-06,1.68632196E-05,8.66802475E-06,1.85233730E-05,9.98165979E-06,2.00069790E-05,-7.52E-06,1.51001532E-05,6.40699409E-06,-3.27E-06,5.24002144E-06,8.61586068E-06,8.52634730E-06,9.30042279E-06,1.20021177E-05,8.67474864E-06,7.17535340E-06,-1.89E-06,9.41690269E-06,-3.22E-06,-1.07E-07,1.35501450E-05,-4.08E-07,6.31100102E-06,2.06383788E-06,1.39625172E-05,-1.04E-05,-1.52E-05,-7.41E-07,1.02353997E-05,1.55245125E-05,4.27658015E-05,1.60578784E-05,2.86483228E-05,4.20848446E-05,6.02356522E-05,5.77834944E-05,5.79867192E-05,6.90263842E-05,7.80066985E-05,8.00384587E-05,1.01547492E-04,9.90426051E-05,7.89416590E-05,1.00277342E-04,1.07134016E-04,1.04183411E-04,1.18078780E-04,1.44772057E-04,1.48089079E-04,1.59969175E-04,1.81526033E-04,2.26653676E-04,2.85991060E-04,3.15823563E-04,4.39861382E-04,5.83283138E-04,7.68496131E-04,1.01567991E-03,1.28335727E-03,1.65525370E-03,2.14418210E-03,2.70025269E-03,3.36971367E-03,4.09424072E-03,5.04020415E-03,6.08475599E-03,7.29777850E-03,8.70882906E-03,1.04979686E-02,1.24928299E-02,1.47372885E-02,1.70372818E-02,1.98770426E-02,2.24825088E-02,2.49927528E-02,2.73875408E-02,2.96608917E-02,3.17681469E-02,3.37640569E-02,3.56073491E-02,3.70982662E-02,3.88510525E-02,4.04799394E-02,4.23654914E-02,4.39569838E-02,4.49473970E-02,4.55118269E-02,4.52270806E-02,4.47703563E-02,4.42939922E-02,4.37762998E-02,4.34775874E-02,4.32454497E-02,4.33546603E-02,4.36253473E-02,4.37761024E-02,4.39953692E-02,4.40475978E-02,4.41396683E-02,4.44925018E-02,4.46903743E-02,4.48492020E-02,4.50500287E-02,4.51487824E-02,4.50565517E-02,4.51072529E-02,4.49489541E-02,4.50132042E-02,4.51010205E-02,4.50501628E-02,4.52104658E-02,4.52770069E-02,4.53882106E-02,4.57486436E-02,4.63426486E-02,4.73787710E-02,4.89137582E-02,5.06154075E-02,5.30285724E-02,5.55461831E-02,5.82042411E-02,6.09613471E-02,6.41068518E-02,6.73828572E-02,7.10109770E-02,7.49919787E-02,7.88609162E-02,8.29016343E-02,8.73520821E-02,9.29344445E-02,9.79905576E-02,1.00136191E-01,9.87522081E-02,9.66270640E-02,9.64283198E-02,9.97929350E-02,1.04679920E-01,1.08847305E-01,1.11400895E-01,1.12113230E-01,1.11169547E-01,1.08866908E-01,1.05492227E-01,1.01657182E-01,9.79400501E-02,9.43249986E-02,9.12339091E-02,8.84652734E-02,8.56809914E-02,8.36825967E-02,8.17499161E-02,8.01576823E-02,7.89063573E-02,7.80110136E-02,7.82096460E-02,7.90852606E-02,8.06810334E-02,8.30940902E-02,8.59871432E-02,8.85990113E-02,9.06069577E-02,9.18843001E-02,9.18343142E-02,9.08921808E-02,8.88608247E-02,8.57426673E-02,8.19827467E-02,7.74016455E-02,7.20988736E-02,6.66525885E-02,6.09088242E-02,5.47397323E-02,4.86866087E-02,4.27098088E-02,3.64762172E-02,3.09242439E-02,2.58186162E-02,2.11475752E-02,1.69008393E-02,1.30414087E-02,1.00124748E-02,7.55683193E-03,5.57663431E-03,4.06582048E-03,2.84106610E-03,2.02145404E-03,1.43974007E-03,1.07257022E-03,7.99014815E-04,6.44190353E-04,5.31866739E-04,4.69302788E-04,4.41618613E-04,4.14357230E-04,3.86715721E-04,3.81594145E-04,3.67884146E-04,3.69987160E-04,3.62477615E-04,3.39137565E-04,3.33928969E-04,3.54441465E-04,3.36600118E-04,3.14383360E-04,3.26685695E-04,3.09157476E-04,3.07123730E-04,2.91807344E-04,2.73211073E-04,2.77014449E-04,2.57466978E-04,2.30911086E-04,2.45310250E-04,2.25697237E-04,2.18594345E-04,2.03526899E-04,2.03799616E-04,1.78582341E-04,1.77842172E-04,1.70930260E-04,1.66564030E-04,1.51251632E-04,1.46153645E-04,1.49256579E-04,1.25429593E-04,1.23025326E-04,1.08512613E-04,1.08015185E-04,1.08317952E-04,9.33672782E-05,9.11927855E-05,9.88921456E-05,9.73646893E-05,1.04805149E-04,8.94992409E-05,8.15554813E-05,9.24987035E-05,9.12884134E-05,7.88977413E-05,7.71919513E-05,7.94760708E-05,9.16750141E-05,8.85460831E-05,7.22113764E-05,9.65407380E-05,8.41129950E-05,8.37540356E-05,7.78723406E-05,6.18996637E-05,9.29836388E-05,6.38869897E-05,7.84106742E-05,5.62653513E-05,5.21856637E-05,4.76674795E-05,3.76323878E-05,1.67837279E-05,3.16976220E-05,3.45135268E-05,2.25369677E-05,1.75079294E-05,1.67936578E-05,2.25265157E-05,4.61442869E-06,-4.60E-06,1.87971800E-05,1.65992151E-05,1.20745080E-05,3.89091065E-06,1.61434818E-05,1.79477865E-05,1.82477197E-05,1.09374505E-05,-3.71E-06,5.98792531E-06,1.65014842E-06,2.03116755E-07,-3.35E-06,8.44264287E-06,-9.03E-06,2.49872010E-05,7.79022957E-06,-3.89E-06,-1.10E-05,7.82964526E-06,1.16120536E-05,-1.63E-06,1.59157735E-05,1.67785890E-06,1.77940128E-05,8.81347933E-06,-1.01E-05,-7.73E-06,3.10316977E-07,2.74888407E-05,1.67854905E-05,1.16649198E-05,1.67224771E-05,1.99341630E-05,6.67231188E-06,4.14859715E-05,1.27329840E-05,7.71417763E-06,1.01405212E-05,1.15784917E-06,-9.11E-06,-2.70E-05,-9.45E-06,1.46061193E-05,2.98610166E-06,4.66125039E-06,2.47688258E-05,2.96381731E-05,3.97121621E-05,9.84674989E-06,2.11223578E-05,8.50647575E-06,-1.50E-05,1.06450761E-05,9.97529878E-06,-4.59E-06,3.02110839E-05,2.74102895E-05,7.58448914E-06,4.35328693E-05,2.64786449E-05,1.12494090E-05,-2.02E-06,8.86461658E-06,2.70703076E-05,-4.83E-06,2.01915336E-05,6.69751785E-07,2.31396516E-05,6.84079059E-05,4.20804390E-05,9.08570200E-06,-2.39E-05,3.27593407E-05,-1.73E-05,-2.94E-05,-5.32E-06,6.54157921E-05,4.44276920E-05,7.03123942E-06,4.64004625E-05,1.42898925E-05,2.96006056E-05,1.16632100E-05,5.07251862E-05,6.98166914E-05,4.83429139E-05,-4.87E-05,1.59924934E-06,-2.54E-05,6.89938906E-06,1.02614767E-05,5.73004172E-07,6.02343389E-05,-1.96E-05,2.76405008E-05,1.15811390E-05,7.96998120E-06,3.14425997E-05,3.67221437E-05,4.85554920E-05,3.19213541E-05,INT SYNC:059.94[Hz],DOUBLE FRAME,NORMAL,STANDARD DARK,TWO,CIE1931 (2°),1°,100,0.33333333,0.33333333,NONE,1,300300,1298168,OFF,TRUE,2024/03/25,16:51:27,OK00,----,----,----,CS-3000HDR,3001075,1.00.0008
94,2.08164969E+03,3.84619399E+03,3.35118735E+02,3.84619399E+03,0.33237461,0.61411737,0.13699589,0.56952606,5535.30431,0.09297092,554.274233,84.9811285,375.563063,-312.339521,375.815956,6.92636208E+00,553,-3.07E-05,-1.09E-06,-2.87E-05,-3.20E-05,-4.36E-05,-1.95E-05,2.95341715E-06,2.35245170E-05,1.21731018E-05,1.50662236E-05,-1.09E-05,1.53500787E-05,-1.25E-05,-1.32E-05,8.50621018E-06,1.40092598E-05,1.44985515E-05,3.44586842E-05,1.63982968E-05,9.87879412E-06,2.39409437E-05,2.08087313E-05,1.54571662E-05,1.40297952E-05,2.55673858E-05,1.93903998E-05,7.99330155E-06,-1.62E-05,9.56564691E-06,7.21513925E-06,1.80482311E-05,-3.27E-05,2.65357594E-05,-2.45E-06,-2.12E-06,-9.00E-06,2.66615243E-05,1.80371626E-05,-1.57E-05,7.80962273E-06,3.58417282E-07,1.73459975E-05,6.68957728E-06,2.06541336E-05,8.13853694E-06,-3.24E-06,2.01021285E-05,1.17342097E-06,6.46660601E-06,1.03318407E-05,1.69144050E-06,-1.98E-05,1.33603207E-05,2.49236700E-06,1.39760168E-05,-1.59E-05,4.99005910E-06,8.86163707E-06,-3.48E-06,2.04478765E-05,-4.23E-06,6.25831717E-06,1.27439152E-05,9.82355505E-06,-6.13E-06,2.47904572E-05,4.01143843E-05,4.42815144E-05,3.50785012E-05,6.93346883E-05,5.74375590E-05,6.25406901E-05,8.61813605E-05,1.00285593E-04,9.90420303E-05,8.82973036E-05,8.64259346E-05,1.04146129E-04,1.11558504E-04,1.34223519E-04,1.24403348E-04,1.28812360E-04,1.37976516E-04,1.70695610E-04,1.90484745E-04,2.19047375E-04,2.80763750E-04,3.24768334E-04,4.25300939E-04,5.90172014E-04,7.66880519E-04,1.00889697E-03,1.27720169E-03,1.67182344E-03,2.16515316E-03,2.70997966E-03,3.33095109E-03,4.14475892E-03,5.06017404E-03,6.08587638E-03,7.27358693E-03,8.68937001E-03,1.05559519E-02,1.25450408E-02,1.47907007E-02,1.71166640E-02,1.99487954E-02,2.25448571E-02,2.51170062E-02,2.73878127E-02,2.97358781E-02,3.18900608E-02,3.37769017E-02,3.56662460E-02,3.71124670E-02,3.88685130E-02,4.05813605E-02,4.24625352E-02,4.41143289E-02,4.50860262E-02,4.57462259E-02,4.52677161E-02,4.49097306E-02,4.43512388E-02,4.37566228E-02,4.35675122E-02,4.33844700E-02,4.34056595E-02,4.36078161E-02,4.39087562E-02,4.39327657E-02,4.42070737E-02,4.44916449E-02,4.45388593E-02,4.47457321E-02,4.48763855E-02,4.52103950E-02,4.52554487E-02,4.52129804E-02,4.51970585E-02,4.52698171E-02,4.53162342E-02,4.51244004E-02,4.52628955E-02,4.52649556E-02,4.55213934E-02,4.56413738E-02,4.60102111E-02,4.64888625E-02,4.73480225E-02,4.88017760E-02,5.07998094E-02,5.32611981E-02,5.57437092E-02,5.84155992E-02,6.11523949E-02,6.40276074E-02,6.74890727E-02,7.12951794E-02,7.51158297E-02,7.91315287E-02,8.28371346E-02,8.77097473E-02,9.30270106E-02,9.82302129E-02,1.00353539E-01,9.86964926E-02,9.65450257E-02,9.65312496E-02,9.98774543E-02,1.04515679E-01,1.08714625E-01,1.11434877E-01,1.12159282E-01,1.11108035E-01,1.08810313E-01,1.05557010E-01,1.01794310E-01,9.82583687E-02,9.45994556E-02,9.14340094E-02,8.84312689E-02,8.60006809E-02,8.36974010E-02,8.18991065E-02,8.02697688E-02,7.89471492E-02,7.83039406E-02,7.82189220E-02,7.90815577E-02,8.08307603E-02,8.32193717E-02,8.60192776E-02,8.88019800E-02,9.07796621E-02,9.18547660E-02,9.20573771E-02,9.10479799E-02,8.89815614E-02,8.59559998E-02,8.20750818E-02,7.74955601E-02,7.21322596E-02,6.66820779E-02,6.08905554E-02,5.48186526E-02,4.87711094E-02,4.27435189E-02,3.65519933E-02,3.10247801E-02,2.58188322E-02,2.12002136E-02,1.69539563E-02,1.30108837E-02,1.00454437E-02,7.57173588E-03,5.60557609E-03,4.04736027E-03,2.87014432E-03,2.04061624E-03,1.46318472E-03,1.06483500E-03,8.20854621E-04,6.62279374E-04,5.19855064E-04,4.70053055E-04,4.25140868E-04,4.08796652E-04,4.02837846E-04,3.74425115E-04,3.69594520E-04,3.73161951E-04,3.52138741E-04,3.48796457E-04,3.53023381E-04,3.63345549E-04,3.37226113E-04,3.27871705E-04,3.33695411E-04,3.14036355E-04,3.14812205E-04,2.84759415E-04,2.78745196E-04,2.81903689E-04,2.71133555E-04,2.48786760E-04,2.22793838E-04,2.14238258E-04,2.10846032E-04,2.02753712E-04,1.90027189E-04,1.78849208E-04,1.78189584E-04,1.68394967E-04,1.46618462E-04,1.41030614E-04,1.41700453E-04,1.44362217E-04,1.11956993E-04,1.26634375E-04,1.07546322E-04,1.15488750E-04,1.08293745E-04,1.06896150E-04,1.05415354E-04,1.01609243E-04,9.10123563E-05,1.09219458E-04,1.02209378E-04,9.79063334E-05,8.98550279E-05,8.18014014E-05,6.99134835E-05,8.51572186E-05,7.37701994E-05,8.14186496E-05,7.70674087E-05,8.65196853E-05,7.30744869E-05,8.10348138E-05,8.89318908E-05,7.55737128E-05,6.72078459E-05,7.26777071E-05,6.78144424E-05,5.90925156E-05,5.56936247E-05,7.56420341E-05,4.75587840E-05,2.48013293E-05,2.65476756E-05,2.14717202E-05,2.44670555E-05,2.02805168E-05,2.08178317E-05,1.25796205E-05,2.90650805E-05,2.82656238E-05,-3.94E-06,3.01418950E-05,2.14261745E-05,2.52147165E-05,6.20828177E-06,-1.12E-06,-6.32E-06,9.35599473E-06,1.76491576E-05,1.16646006E-05,-3.37E-06,-1.01E-05,1.74783254E-05,3.01164564E-05,5.24510187E-06,-9.57E-06,4.90707544E-06,2.39962374E-05,6.33622039E-06,1.13806777E-06,1.19759011E-06,1.90571045E-05,1.38520245E-05,8.60240561E-06,-6.54E-07,-3.07E-06,5.92656170E-06,2.19942704E-05,8.33396916E-06,-5.21E-06,2.61275409E-06,-9.02E-06,2.13608619E-05,1.25901070E-05,1.66954469E-05,-1.97E-05,-1.51E-05,9.49570222E-06,-6.61E-06,-1.21E-05,2.18832738E-05,8.56895076E-06,7.48381672E-06,1.07307176E-06,4.74122135E-06,2.19282720E-05,2.08551428E-05,1.43663374E-05,1.96082256E-05,-1.62E-05,2.09001118E-05,1.05493382E-05,1.86700181E-05,1.06648558E-05,2.64595055E-05,3.21824191E-05,-1.09E-05,3.94891213E-05,2.75296734E-05,4.39614305E-05,1.67122525E-05,4.78682341E-05,5.12265942E-05,1.02478625E-05,1.67236776E-05,-7.24E-06,-1.55E-05,3.35062905E-05,3.07215814E-05,2.16941808E-05,2.48928136E-05,2.55149043E-05,1.47147866E-05,-1.77E-06,5.96687414E-06,4.79339360E-06,-2.23E-05,-2.23E-05,-2.03E-05,3.53070973E-05,2.60532579E-05,8.04510273E-05,-3.89E-05,4.08474625E-05,7.35545764E-05,1.13470987E-05,3.71203423E-05,2.83568825E-05,4.02332844E-05,-3.60E-05,3.01403397E-05,-3.62E-05,3.67221182E-05,-6.74E-06,3.08011222E-05,4.34364301E-05,-2.46E-05,-4.45E-05,-8.92E-05,-4.23E-05,-2.91E-05,2.59343269E-05,8.49913195E-05,INT SYNC:059.94[Hz],DOUBLE FRAME,NORMAL,STANDARD DARK,TWO,CIE1931 (2°),1°,100,0.33333333,0.33333333,NONE,1,300300,1293555,OFF,TRUE,2024/03/25,16:51:31,OK00,----,----,----,CS-3000HDR,3001075,1.00.0008
95,2.08217629E+03,3.84814426E+03,3.35700855E+02,3.84814426E+03,0.33229639,0.61412881,0.13695951,0.56951943,5536.50484,0.09299523,554.261439,84.9620747,375.629235,-312.508772,375.756849,6.93156430E+00,553,4.52327731E-06,2.26975299E-05,1.21471867E-05,-1.18E-05,4.08177839E-05,1.84996097E-05,1.64721605E-05,-6.82E-05,9.06893911E-06,1.88022077E-05,6.17238447E-06,3.52144582E-07,-1.86E-05,-3.84E-05,2.86639461E-05,-1.34E-05,1.78812115E-05,1.10503952E-05,1.54714803E-06,7.43304336E-05,3.35823534E-05,9.29430553E-06,1.44086616E-05,1.21164112E-05,8.99863335E-06,1.07394408E-05,7.74588352E-06,7.59519844E-06,4.39651740E-06,2.73281421E-05,9.35260505E-06,3.91352187E-05,1.24633580E-05,2.52243153E-05,7.64205652E-06,2.09195914E-05,-5.00E-06,2.11411298E-05,2.25649569E-06,9.94578204E-06,3.79401649E-06,-1.27E-05,3.24772714E-06,-3.29E-06,1.90049332E-06,6.18112563E-06,-3.89E-06,2.57121919E-05,9.82671281E-06,2.53921917E-05,-1.36E-05,1.85669217E-06,3.64423983E-07,-3.68E-06,-1.00E-05,-7.59E-06,1.72465607E-05,6.83112057E-06,1.47384044E-05,2.87864314E-05,-1.42E-07,1.54858535E-05,2.94805777E-05,1.54173140E-05,8.41309338E-06,3.17855011E-05,4.35360635E-05,3.19953942E-05,2.32090752E-05,7.33601264E-05,4.14355382E-05,6.10736752E-05,9.39874153E-05,8.81007581E-05,7.37213340E-05,8.25249663E-05,1.13319402E-04,1.25259015E-04,9.85904771E-05,8.63916212E-05,1.49532527E-04,1.15071576E-04,1.43244877E-04,1.48361141E-04,1.98409849E-04,2.36899476E-04,2.71861674E-04,3.35648801E-04,4.28248837E-04,5.65357041E-04,7.63458025E-04,9.89887980E-04,1.27794628E-03,1.71418150E-03,2.12381221E-03,2.73275422E-03,3.32885445E-03,4.11807280E-03,5.05670486E-03,6.11252617E-03,7.33466772E-03,8.75277165E-03,1.05992304E-02,1.25786932E-02,1.47930086E-02,1.72084086E-02,1.99666023E-02,2.25439891E-02,2.50657350E-02,2.74977349E-02,2.98244953E-02,3.20427977E-02,3.38772349E-02,3.56710143E-02,3.72398458E-02,3.88650633E-02,4.06700447E-02,4.25147600E-02,4.42180894E-02,4.53133844E-02,4.55469340E-02,4.54622246E-02,4.49601486E-02,4.45027687E-02,4.39274162E-02,4.35459130E-02,4.33978103E-02,4.35707644E-02,4.37463894E-02,4.39287610E-02,4.40959558E-02,4.41831984E-02,4.42948788E-02,4.45527993E-02,4.47763726E-02,4.50727493E-02,4.52809185E-02,4.52790000E-02,4.53431271E-02,4.52831648E-02,4.52189036E-02,4.53191996E-02,4.52570319E-02,4.52916622E-02,4.54238169E-02,4.54755016E-02,4.56424095E-02,4.60553467E-02,4.66509275E-02,4.76946607E-02,4.91181575E-02,5.08690067E-02,5.32906577E-02,5.59502766E-02,5.85543364E-02,6.12893365E-02,6.40434772E-02,6.74830750E-02,7.12023973E-02,7.50902966E-02,7.90693238E-02,8.30035955E-02,8.78077373E-02,9.30135101E-02,9.80838388E-02,1.00297228E-01,9.87536982E-02,9.66166556E-02,9.63641107E-02,9.96484458E-02,1.04623154E-01,1.08656898E-01,1.11370474E-01,1.12294689E-01,1.11187473E-01,1.08897783E-01,1.05488397E-01,1.01821803E-01,9.81375054E-02,9.45839658E-02,9.14844051E-02,8.84653553E-02,8.59889239E-02,8.38814154E-02,8.20053518E-02,8.04667398E-02,7.89712891E-02,7.83867016E-02,7.82890841E-02,7.92999268E-02,8.09602886E-02,8.31980184E-02,8.60817283E-02,8.86868536E-02,9.08112749E-02,9.19739082E-02,9.19307247E-02,9.08597410E-02,8.87639150E-02,8.58078450E-02,8.20219740E-02,7.75611028E-02,7.22519308E-02,6.67593703E-02,6.09434731E-02,5.48967384E-02,4.88451198E-02,4.26879376E-02,3.65069471E-02,3.10469754E-02,2.58732904E-02,2.11629849E-02,1.69488210E-02,1.30196651E-02,9.99888033E-03,7.56355328E-03,5.57861291E-03,4.07475559E-03,2.85206642E-03,2.02300493E-03,1.45426055E-03,1.06873584E-03,8.14601313E-04,6.47973386E-04,5.30034886E-04,4.71626990E-04,4.50205320E-04,4.21589561E-04,4.00731078E-04,3.78653844E-04,3.78953642E-04,3.72759183E-04,3.74584575E-04,3.64419335E-04,3.60214588E-04,3.52698436E-04,3.43367486E-04,3.25211149E-04,3.29909468E-04,3.28413589E-04,2.86599417E-04,2.94424826E-04,2.79045518E-04,2.69374403E-04,2.58375454E-04,2.37665605E-04,2.56726518E-04,2.15579697E-04,2.19006382E-04,1.97405840E-04,1.89859347E-04,1.86475721E-04,1.66403537E-04,1.62848592E-04,1.56037539E-04,1.50377906E-04,1.38171468E-04,1.42165256E-04,1.16087511E-04,1.25089588E-04,1.13150731E-04,1.16279160E-04,1.14418792E-04,1.07167914E-04,1.01112935E-04,9.20140519E-05,9.98220203E-05,8.77853163E-05,9.00625528E-05,1.07247113E-04,8.37957487E-05,7.72234853E-05,7.72902495E-05,1.01119957E-04,7.36911679E-05,9.41872568E-05,8.32707083E-05,8.10301135E-05,8.26885735E-05,8.46455005E-05,8.53448655E-05,8.30234494E-05,6.43294698E-05,7.02023026E-05,7.29604944E-05,6.43916865E-05,6.48516143E-05,4.35639558E-05,5.16288274E-05,5.68925061E-05,3.58165016E-05,3.68434448E-05,4.13833841E-05,1.08866270E-05,1.31391971E-05,2.24503092E-05,9.38427274E-06,7.39784355E-06,7.00697592E-06,1.24143817E-05,1.46645934E-05,5.26358235E-06,6.01951842E-06,5.21267657E-06,4.46555623E-06,-1.24E-06,1.69775321E-05,1.02568656E-05,1.48781974E-05,-7.16E-06,1.42912913E-05,1.47135834E-05,2.19176327E-05,3.44218688E-06,4.72683723E-06,1.23748214E-05,9.31944214E-07,-5.25E-06,3.83797897E-06,3.05346621E-05,2.23100924E-05,1.16954357E-06,1.74628076E-05,1.52737848E-05,1.00929637E-05,1.02106496E-05,1.49448797E-05,6.46479066E-06,-1.36E-05,8.18334047E-06,1.76386347E-05,1.89204857E-05,9.33372576E-06,2.49654822E-05,3.71798669E-05,9.21062747E-06,8.72973033E-06,-1.05E-05,2.13519888E-05,-4.66E-06,2.95349873E-05,-3.29E-06,-8.57E-06,3.18078419E-05,6.79755112E-06,1.74025427E-05,4.21134755E-05,-1.58E-05,3.61312459E-06,1.60387117E-05,2.02663487E-05,-3.02E-05,3.13739997E-06,5.17341214E-05,1.39713111E-05,7.87722365E-06,2.64825649E-05,-1.87E-05,1.16879783E-05,7.89577189E-06,4.33128735E-05,1.90574137E-05,1.22254096E-05,3.74420342E-05,-1.21E-06,3.85448857E-06,7.28905579E-05,2.09801292E-05,7.38393464E-06,1.39875747E-05,2.34234867E-05,1.10435076E-05,-2.35E-05,-5.35E-05,-4.16E-05,2.26988050E-05,2.35761709E-05,1.92394346E-05,4.52687564E-05,4.57865281E-06,-8.66E-06,5.67596071E-05,1.76879275E-05,6.15682575E-06,-2.98E-06,-9.26E-07,5.94891790E-05,1.50530404E-05,-3.65E-05,1.04281055E-04,-4.09E-05,2.35686348E-05,6.14242745E-05,4.29148276E-05,8.55109192E-06,-7.99E-06,3.16268670E-05,8.06082335E-06,-3.96E-05,8.30972494E-05,2.27942874E-05,INT SYNC:059.94[Hz],DOUBLE FRAME,NORMAL,STANDARD DARK,TWO,CIE1931 (2°),1°,100,0.33333333,0.33333333,NONE,1,300300,1296764,OFF,TRUE,2024/03/25,16:51:35,OK00,----,----,----,CS-3000HDR,3001075,1.00.0008
96,2.07971025E+03,3.84255514E+03,3.34835942E+02,3.84255514E+03,0.33237599,0.61411106,0.13699757,0.56952481,5535.28289,0.09296911,554.274456,84.9796112,375.43954,-312.234381,375.687194,6.92001911E+00,553,-2.23E-05,3.19390188E-06,-4.11E-06,1.57821141E-05,-8.69E-06,6.54868836E-06,-2.52E-06,-5.91E-06,-3.86E-05,-1.07E-06,-1.80E-05,-9.22E-06,2.24841606E-05,-6.40E-06,-7.12E-06,1.11030022E-06,-5.33E-06,-8.21E-06,2.64132650E-05,-8.02E-06,7.48167622E-06,4.55707141E-06,1.41081864E-05,3.75360614E-05,3.55946031E-05,4.94036442E-07,-1.24E-05,-3.82E-06,-1.96E-05,-9.51E-06,-2.92E-05,1.01584128E-05,-2.27E-06,4.53327311E-06,-1.58E-06,1.53844430E-05,1.12444077E-05,1.68997321E-05,-9.92E-06,1.60490144E-05,-1.04E-05,7.09523010E-06,-1.85E-05,-1.76E-05,1.33226295E-05,1.14539171E-05,2.28773406E-05,1.53985329E-05,-7.35E-06,1.74311335E-05,1.85260967E-06,-1.35E-05,1.17258185E-06,4.65096491E-07,-2.68E-06,1.43386033E-05,6.95609629E-07,1.59917417E-05,2.35957643E-07,1.84849578E-05,1.27293179E-05,2.45085394E-05,1.57102913E-05,-6.73E-06,1.92911721E-05,1.54578138E-05,3.59804471E-05,3.36528865E-05,4.89229751E-05,6.40975850E-05,4.55798145E-05,6.76248019E-05,8.03856456E-05,8.38868582E-05,7.39609677E-05,1.00454046E-04,1.05862535E-04,9.04212939E-05,9.87071908E-05,1.16609932E-04,9.08281872E-05,1.41885364E-04,1.48778141E-04,1.61226621E-04,1.87680344E-04,2.42534385E-04,2.67237308E-04,3.43851600E-04,4.42803488E-04,5.54795261E-04,7.87517929E-04,9.98474658E-04,1.25745521E-03,1.68819481E-03,2.16615689E-03,2.69388850E-03,3.35732754E-03,4.09065932E-03,5.02578728E-03,6.11554924E-03,7.26277614E-03,8.72064196E-03,1.05838059E-02,1.25432694E-02,1.47681246E-02,1.71380974E-02,1.99508052E-02,2.24364065E-02,2.50360742E-02,2.74573844E-02,2.96455994E-02,3.19112726E-02,3.38069126E-02,3.56532000E-02,3.72122899E-02,3.87845039E-02,4.05904464E-02,4.24298868E-02,4.40554358E-02,4.51520011E-02,4.55513038E-02,4.53719348E-02,4.49593477E-02,4.43432555E-02,4.36567329E-02,4.35451344E-02,4.35019657E-02,4.34770249E-02,4.36388031E-02,4.37175445E-02,4.39081788E-02,4.40974422E-02,4.43600267E-02,4.43869345E-02,4.47428226E-02,4.48228642E-02,4.50517796E-02,4.51189652E-02,4.51690927E-02,4.51958217E-02,4.51413132E-02,4.50716466E-02,4.51986976E-02,4.51974757E-02,4.51584533E-02,4.53668237E-02,4.55753654E-02,4.59595472E-02,4.64361943E-02,4.73576039E-02,4.88609783E-02,5.07685766E-02,5.31740114E-02,5.57337515E-02,5.84075078E-02,6.11378439E-02,6.40361682E-02,6.72713891E-02,7.11861849E-02,7.50744045E-02,7.87827447E-02,8.30822885E-02,8.75602588E-02,9.28517431E-02,9.80728790E-02,1.00056551E-01,9.87531841E-02,9.66235772E-02,9.65200588E-02,9.97862220E-02,1.04535967E-01,1.08533256E-01,1.11404262E-01,1.12189054E-01,1.11003987E-01,1.08851813E-01,1.05381466E-01,1.01550810E-01,9.79325771E-02,9.44836587E-02,9.11466777E-02,8.85473117E-02,8.59144554E-02,8.36506635E-02,8.18344057E-02,8.01804811E-02,7.89400712E-02,7.81410858E-02,7.84111321E-02,7.90956691E-02,8.06345493E-02,8.31930563E-02,8.59859064E-02,8.86268914E-02,9.06493142E-02,9.18202326E-02,9.20614079E-02,9.06980410E-02,8.88743848E-02,8.58134851E-02,8.19146708E-02,7.74528235E-02,7.22336397E-02,6.67321607E-02,6.08806498E-02,5.48471473E-02,4.88064140E-02,4.26752269E-02,3.65051888E-02,3.09503153E-02,2.58559585E-02,2.10966282E-02,1.68862548E-02,1.30858552E-02,1.00457249E-02,7.56856427E-03,5.58665488E-03,4.04580589E-03,2.86753918E-03,2.03540339E-03,1.44893455E-03,1.04588899E-03,8.01722170E-04,6.37682504E-04,5.42809488E-04,4.54931695E-04,4.23576595E-04,3.94823699E-04,3.97026102E-04,3.84992367E-04,3.66904977E-04,3.58506921E-04,3.59362952E-04,3.65549175E-04,3.37363308E-04,3.43546330E-04,3.37070291E-04,3.14244709E-04,3.13919561E-04,3.06871487E-04,3.03829933E-04,2.86799506E-04,2.83019297E-04,2.64928909E-04,2.59362132E-04,2.58139189E-04,2.42087190E-04,2.25344760E-04,2.12488550E-04,2.02016658E-04,2.00558221E-04,1.66800994E-04,1.69656749E-04,1.65261459E-04,1.47697021E-04,1.36829505E-04,1.37069335E-04,1.24845814E-04,1.19787925E-04,1.18310374E-04,9.80908881E-05,9.65450090E-05,1.00584701E-04,1.11289337E-04,8.44248716E-05,1.12751019E-04,9.63047351E-05,9.18503429E-05,7.96917375E-05,8.33410741E-05,8.09552948E-05,9.08450966E-05,6.80407611E-05,8.67671260E-05,6.88980072E-05,7.06957726E-05,7.34088244E-05,7.65211298E-05,8.50911892E-05,7.48011589E-05,8.52769736E-05,7.42460907E-05,7.47941085E-05,7.34341447E-05,6.30716531E-05,6.90151501E-05,4.73273249E-05,4.62570242E-05,4.37906274E-05,3.84915620E-05,2.32782695E-05,3.17291306E-05,2.89687196E-05,3.49662441E-05,1.94601125E-05,1.13205369E-05,2.00714112E-05,5.07797131E-06,-4.02E-06,1.01911137E-05,5.98698080E-06,1.51445965E-05,2.74504055E-05,6.28574480E-06,7.35961157E-06,-3.90E-07,4.87704938E-06,-5.71E-06,2.24734413E-05,1.45569666E-05,8.66897892E-07,7.53997756E-06,3.30509806E-06,3.82890903E-06,1.57053655E-05,1.63038148E-05,1.20734703E-05,5.24675033E-06,2.04337139E-05,1.57025697E-05,1.24008375E-05,2.31470403E-05,5.72578301E-06,1.02986260E-05,2.38046723E-05,1.87481182E-05,1.05878617E-05,1.12392072E-05,3.58869988E-06,7.89423120E-06,9.68495169E-06,2.34291147E-05,1.13976821E-05,1.47562841E-05,2.00661398E-05,-5.57E-06,2.51004767E-05,1.10739393E-05,3.21736879E-05,8.22244237E-06,1.47563685E-06,1.29596965E-05,4.52509776E-05,-8.85E-06,1.97449463E-05,2.26360135E-06,1.57647792E-05,6.49090680E-06,-9.45E-06,3.66345666E-05,-1.21E-05,1.16113290E-06,6.41182851E-06,1.38180385E-05,9.15738383E-06,3.21037551E-05,2.44576381E-06,1.92101579E-05,1.96020756E-05,3.57289646E-05,5.49947144E-05,2.19346221E-05,4.47011844E-05,4.70785453E-05,-3.31E-05,4.15345457E-05,6.10911593E-05,2.18533114E-05,4.36983719E-05,2.27127584E-05,6.96655616E-06,2.76706123E-05,2.32558232E-05,1.15124485E-05,-2.76E-05,3.60862286E-05,2.98513169E-05,-5.11E-05,-1.31E-05,-9.52E-06,2.07535504E-05,1.01161795E-05,3.23821359E-06,-3.23E-06,2.93815492E-06,1.66954815E-05,1.17964801E-05,5.02132082E-07,3.61968523E-05,1.12623266E-05,1.08760196E-05,2.07656685E-05,-8.25E-06,-1.56E-05,4.41569464E-05,-2.70E-06,-2.92E-05,8.34067905E-05,-1.21E-05,6.30285722E-05,8.47430201E-05,INT SYNC:059.94[Hz],DOUBLE FRAME,NORMAL,STANDARD DARK,TWO,CIE1931 (2°),1°,100,0.33333333,0.33333333,NONE,1,300300,1300041,OFF,TRUE,2024/03/25,16:51:39,OK00,----,----,----,CS-3000HDR,3001075,1.00.0008
97,2.08022711E+03,3.84358715E+03,3.34755985E+02,3.84358715E+03,0.33238056,0.61413182,0.13699607,0.56952998,5535.21356,0.09297252,554.275216,84.9872326,375.47458,-312.271519,375.771427,6.92162219E+00,553,-3.41E-07,5.10153332E-05,-8.07E-06,1.35561540E-05,5.70382645E-06,-2.74E-05,7.25443670E-06,-6.32E-06,-6.35E-05,4.24236350E-05,1.50757132E-05,1.64934172E-05,2.56563089E-05,-1.56E-05,1.96193741E-05,-5.34E-05,-6.64E-06,-1.45E-05,4.55781337E-05,1.60467425E-05,1.72159798E-05,-9.38E-07,2.95516770E-06,1.88572631E-05,2.57230076E-05,1.43247817E-05,-1.29E-05,-2.04E-06,2.67919386E-05,1.04647115E-05,1.85711597E-05,2.90356820E-05,3.81076134E-05,1.31013758E-05,1.69414070E-05,3.53531905E-05,8.84727160E-06,9.78690605E-06,1.46665752E-06,3.61948378E-06,8.75135993E-06,8.10444544E-06,1.70843468E-05,2.29574980E-05,7.35950880E-06,-1.92E-05,5.79965536E-06,1.80383577E-05,5.57685871E-06,3.05708204E-06,-1.87E-05,-4.38E-06,1.72062610E-05,1.38540718E-05,-1.17E-05,-8.03E-06,5.10424798E-06,-1.01E-07,1.45412841E-05,1.14828763E-05,1.01228616E-05,2.86775921E-05,1.94782497E-05,1.06619636E-05,9.11682855E-06,3.02474400E-05,4.68718754E-05,5.14699859E-05,4.42964229E-05,4.48830178E-05,5.54725993E-05,6.39397695E-05,7.14417256E-05,8.04342708E-05,1.01328995E-04,9.75095245E-05,1.05723215E-04,1.04238228E-04,1.03284481E-04,1.02038459E-04,1.24350336E-04,1.35834867E-04,1.44010672E-04,1.41951954E-04,1.93002925E-04,2.10949365E-04,2.74530059E-04,3.41656531E-04,4.12396679E-04,5.96080325E-04,7.38470291E-04,9.43736755E-04,1.28562620E-03,1.69336330E-03,2.15921318E-03,2.72123283E-03,3.34027829E-03,4.09230217E-03,5.03826328E-03,6.04491448E-03,7.27303047E-03,8.71115178E-03,1.05840024E-02,1.24854455E-02,1.47757325E-02,1.71721522E-02,1.98687389E-02,2.24802662E-02,2.49307938E-02,2.73926295E-02,2.97125485E-02,3.19586024E-02,3.38268280E-02,3.54967937E-02,3.70890163E-02,3.88506912E-02,4.06441577E-02,4.24958654E-02,4.40116525E-02,4.50171269E-02,4.56180647E-02,4.53171767E-02,4.49904650E-02,4.43056189E-02,4.37675938E-02,4.35055234E-02,4.32800949E-02,4.34496440E-02,4.35477905E-02,4.38432246E-02,4.39903885E-02,4.41547893E-02,4.41855937E-02,4.44734693E-02,4.47245948E-02,4.49635275E-02,4.50838469E-02,4.52401526E-02,4.52113114E-02,4.52502519E-02,4.51887213E-02,4.51638103E-02,4.51429486E-02,4.52228151E-02,4.52043898E-02,4.54408340E-02,4.55724895E-02,4.59727980E-02,4.65331562E-02,4.74506915E-02,4.87808511E-02,5.08741178E-02,5.31869121E-02,5.57296947E-02,5.83485402E-02,6.11300394E-02,6.39772639E-02,6.75564408E-02,7.11103678E-02,7.49364719E-02,7.89986253E-02,8.31577629E-02,8.75541568E-02,9.30276439E-02,9.81144011E-02,9.99999344E-02,9.88322496E-02,9.64928865E-02,9.64612067E-02,9.97798070E-02,1.04545891E-01,1.08572274E-01,1.11499093E-01,1.12189688E-01,1.11079104E-01,1.08721972E-01,1.05339125E-01,1.01645209E-01,9.79308411E-02,9.45505053E-02,9.12988335E-02,8.84330794E-02,8.58323947E-02,8.36839825E-02,8.20161998E-02,8.03600252E-02,7.88408890E-02,7.81927928E-02,7.82029256E-02,7.91699737E-02,8.09003711E-02,8.30265805E-02,8.61077532E-02,8.87224600E-02,9.08011049E-02,9.18717235E-02,9.19367746E-02,9.09507051E-02,8.88729766E-02,8.57094377E-02,8.18825662E-02,7.74332136E-02,7.22056478E-02,6.66351467E-02,6.07976690E-02,5.47588356E-02,4.86825593E-02,4.27608639E-02,3.65352817E-02,3.09965350E-02,2.58631986E-02,2.11658869E-02,1.69636495E-02,1.30350376E-02,1.00783128E-02,7.53587112E-03,5.57673443E-03,4.04525315E-03,2.84499675E-03,2.03687046E-03,1.45998783E-03,1.06509821E-03,8.22392351E-04,6.35213044E-04,5.40301087E-04,4.69221559E-04,4.40238189E-04,4.21785167E-04,3.92038171E-04,3.78701923E-04,3.73931049E-04,3.67834611E-04,3.57272249E-04,3.49453738E-04,3.42565152E-04,3.41476261E-04,3.31897143E-04,3.21014435E-04,3.20567080E-04,3.11863405E-04,3.17895814E-04,2.94803671E-04,2.81602901E-04,2.78273481E-04,2.62188318E-04,2.48100841E-04,2.34278486E-04,2.25341602E-04,2.24760661E-04,1.92025836E-04,1.91645566E-04,2.05157383E-04,1.83142183E-04,1.66566024E-04,1.60505224E-04,1.47553466E-04,1.38894946E-04,1.31686596E-04,1.27808962E-04,1.24436978E-04,1.13031878E-04,1.10154928E-04,1.04544211E-04,1.10132867E-04,8.09289922E-05,8.91265372E-05,7.74211730E-05,8.19049092E-05,9.39878519E-05,8.52532830E-05,7.01546232E-05,9.09243317E-05,9.12781979E-05,7.27876031E-05,6.91664536E-05,8.45924660E-05,8.71440861E-05,7.72701242E-05,8.36700056E-05,9.18562582E-05,8.97631544E-05,7.28283121E-05,7.72709463E-05,6.51808587E-05,7.24416095E-05,6.22430816E-05,5.92186698E-05,4.71975036E-05,5.66264971E-05,3.78024233E-05,2.67432060E-05,3.17931081E-05,3.76126554E-05,3.14371609E-05,3.07454175E-05,3.49346155E-05,2.63659931E-05,-8.18E-07,8.24120889E-07,2.34756844E-05,1.33258891E-05,1.33944495E-05,2.19003778E-05,1.77047150E-05,3.67220593E-07,2.08888978E-05,2.92004661E-05,3.91473668E-06,8.80799325E-06,-9.55E-06,-3.17E-06,1.81596752E-05,1.73805893E-05,-1.60E-05,3.98822976E-06,1.65628626E-05,2.89389095E-06,-2.34E-06,-6.14E-06,1.09231032E-05,2.64543014E-05,1.58340517E-05,1.20934537E-05,-8.91E-06,-1.02E-05,6.39127757E-06,-9.67E-06,7.38062909E-06,-1.26E-05,1.68782226E-05,-3.11E-06,-4.03E-06,2.70211331E-05,8.21374942E-06,7.57445878E-06,9.57169050E-06,1.19291772E-05,-2.00E-05,1.17044817E-06,-4.29E-06,-6.19E-06,-1.26E-05,-1.38E-05,2.82732472E-05,5.84657391E-05,2.44824660E-05,8.15152907E-06,-5.33E-06,2.05519755E-05,4.15180839E-05,1.39524609E-05,1.22625615E-05,1.24357020E-05,2.81087960E-05,1.24071278E-06,1.78393038E-05,3.91931571E-05,2.02504816E-05,5.28863275E-05,2.94015099E-05,3.32572381E-05,1.16964575E-05,6.30967224E-06,3.55936063E-05,3.42978165E-05,5.14144194E-05,4.60233059E-05,8.47773936E-06,9.09789087E-05,-2.02E-05,-4.42E-05,-1.95E-05,4.20403012E-05,2.24588621E-05,-2.00E-05,7.24646225E-06,8.69157157E-05,9.77023137E-06,6.11677615E-06,6.18764680E-05,-3.45E-05,1.41931168E-05,1.86592715E-05,2.69603552E-05,4.75195629E-05,2.14017273E-05,-1.31E-05,-6.77E-05,-6.53E-05,5.40711553E-05,1.02133536E-05,-7.88E-06,6.13952409E-07,2.37804998E-05,-1.45E-05,1.70160474E-05,-8.88E-06,-3.30E-06,3.42321982E-05,-5.42E-05,2.33900464E-05,INT SYNC:059.94[Hz],DOUBLE FRAME,NORMAL,STANDARD DARK,TWO,CIE1931 (2°),1°,100,0.33333333,0.33333333,NONE,1,300300,1296905,OFF,TRUE,2024/03/25,16:51:42,OK00,----,----,----,CS-3000HDR,3001075,1.00.0008
98,2.07932777E+03,3.84234299E+03,3.34821765E+02,3.84234299E+03,0.3323472,0.61413691,0.13698051,0.5695272,5535.7256,0.09298294,554.269759,84.9791683,375.432336,-312.287627,375.678997,6.91961452E+00,553,-5.53E-05,-1.63E-05,1.47458161E-06,-1.01E-05,2.47916014E-05,-1.32E-05,-2.25E-05,2.38566463E-05,-1.16E-05,5.75020458E-05,-1.60E-05,2.65408980E-05,-4.79E-05,1.15154971E-05,2.51043439E-05,-3.72E-05,7.52642063E-06,4.49058316E-05,5.25766336E-06,8.11869268E-06,1.20741788E-05,8.74041143E-06,1.49490324E-05,-5.48E-06,2.26643315E-05,1.49811576E-05,7.49155879E-06,-1.21E-05,3.34268771E-05,8.37698337E-08,9.23023254E-06,1.27883723E-05,1.11589125E-05,-8.63E-06,-1.16E-06,3.42511303E-05,2.90234129E-06,7.75299577E-06,3.27352464E-05,9.77878153E-06,1.21425110E-05,7.24733127E-06,9.68931363E-06,-6.98E-06,1.79164563E-05,-5.39E-06,8.98790768E-06,2.70445016E-05,8.60359069E-06,-8.81E-06,1.18252292E-05,7.42096120E-07,7.47579543E-06,1.26005089E-05,1.04234705E-05,-1.55E-05,1.31991037E-05,1.71498396E-05,5.07564891E-06,1.31855486E-05,2.59814406E-05,2.11344886E-05,7.63363460E-06,4.75910412E-07,1.03001003E-05,3.72474387E-05,3.80469501E-05,2.87328512E-05,4.13141497E-05,5.01394352E-05,5.19921123E-05,5.40875262E-05,7.90596387E-05,8.46418843E-05,1.05858286E-04,8.97343125E-05,8.51176155E-05,9.28635709E-05,1.21300924E-04,1.23305334E-04,1.16759016E-04,1.45748243E-04,1.47245781E-04,1.70999891E-04,1.89969505E-04,2.09951279E-04,2.88313662E-04,3.43518914E-04,4.20945842E-04,5.61792462E-04,7.55594578E-04,9.81258927E-04,1.25346053E-03,1.68822147E-03,2.14147242E-03,2.71442812E-03,3.39184632E-03,4.12069028E-03,5.06437384E-03,6.05596555E-03,7.30290590E-03,8.75886343E-03,1.05570294E-02,1.25492765E-02,1.47516681E-02,1.71415601E-02,1.98249929E-02,2.24867165E-02,2.49067340E-02,2.73685530E-02,2.96691619E-02,3.19089890E-02,3.36577557E-02,3.55009399E-02,3.71031687E-02,3.88845578E-02,4.05813083E-02,4.25266102E-02,4.41124663E-02,4.50861454E-02,4.54513878E-02,4.54303287E-02,4.49505039E-02,4.43333946E-02,4.36379537E-02,4.35493626E-02,4.34164703E-02,4.33979444E-02,4.37554680E-02,4.38229144E-02,4.39152196E-02,4.40384671E-02,4.43767607E-02,4.44598868E-02,4.47776876E-02,4.49141562E-02,4.50911969E-02,4.52535041E-02,4.51714098E-02,4.52368520E-02,4.51527946E-02,4.51602079E-02,4.51675095E-02,4.51426953E-02,4.52436991E-02,4.53445464E-02,4.55381311E-02,4.59307395E-02,4.64651398E-02,4.74570207E-02,4.89015691E-02,5.08522354E-02,5.30568771E-02,5.58061078E-02,5.83760962E-02,6.11535795E-02,6.40875772E-02,6.74489886E-02,7.11445510E-02,7.50627518E-02,7.89410621E-02,8.29843730E-02,8.76880065E-02,9.29377824E-02,9.81785804E-02,1.00066699E-01,9.87464115E-02,9.63905975E-02,9.62551683E-02,9.96688604E-02,1.04436114E-01,1.08428255E-01,1.11442260E-01,1.12234809E-01,1.11242585E-01,1.08776234E-01,1.05332658E-01,1.01596750E-01,9.80140194E-02,9.45064202E-02,9.13518816E-02,8.84113312E-02,8.57720897E-02,8.36865678E-02,8.17748159E-02,8.01324621E-02,7.90655836E-02,7.80586898E-02,7.81681314E-02,7.91266039E-02,8.07248801E-02,8.32120478E-02,8.60586017E-02,8.85094479E-02,9.07388106E-02,9.18455645E-02,9.19059590E-02,9.07843560E-02,8.87924284E-02,8.57323036E-02,8.18169266E-02,7.73738921E-02,7.21364915E-02,6.65448830E-02,6.08575605E-02,5.48639745E-02,4.87637669E-02,4.26192060E-02,3.64746824E-02,3.10477000E-02,2.58703232E-02,2.11482588E-02,1.68571454E-02,1.30502721E-02,1.00515280E-02,7.57640926E-03,5.59264515E-03,4.05257056E-03,2.84871133E-03,2.01683980E-03,1.46602781E-03,1.07135100E-03,7.97998335E-04,6.37362304E-04,5.32587117E-04,4.80203016E-04,4.26690473E-04,4.05883329E-04,3.86146712E-04,3.88764398E-04,3.68855166E-04,3.59857630E-04,3.58793070E-04,3.54192656E-04,3.52655916E-04,3.56220495E-04,3.39422870E-04,3.24531313E-04,3.18996084E-04,3.06409638E-04,3.25172179E-04,2.87557632E-04,2.74123915E-04,2.68185366E-04,2.55311810E-04,2.55669263E-04,2.57583044E-04,2.07348785E-04,2.07087520E-04,2.04556636E-04,2.01140778E-04,1.92882566E-04,1.74704590E-04,1.48071442E-04,1.41162120E-04,1.39446202E-04,1.42792240E-04,1.26302271E-04,1.28606145E-04,1.13899230E-04,1.19251992E-04,1.19424854E-04,1.09616594E-04,8.25414027E-05,9.47450171E-05,9.40041937E-05,8.38796986E-05,8.80084626E-05,9.44725762E-05,8.75073965E-05,1.05380241E-04,1.00162441E-04,7.92693827E-05,6.52335366E-05,7.74871733E-05,9.57207885E-05,8.52419689E-05,6.77742137E-05,8.02071736E-05,7.27192455E-05,9.20489110E-05,6.41637380E-05,6.44377797E-05,7.75054286E-05,6.33464151E-05,5.42128691E-05,7.20465032E-05,6.85683262E-05,4.86707759E-05,4.05728169E-05,3.83771549E-05,4.30852124E-05,1.80227726E-05,2.91101642E-05,1.52051271E-05,2.22357303E-05,3.68997789E-05,1.17003901E-05,1.41515129E-05,1.13950273E-05,6.61782178E-06,-1.92E-06,7.23215362E-06,6.98849180E-06,-1.69E-05,3.09573261E-06,4.81502639E-06,-3.28E-06,1.81486721E-05,6.99758766E-06,1.87008009E-05,5.82362327E-06,1.46394086E-05,-3.05E-06,5.95743313E-06,3.18804232E-05,6.63177798E-06,-2.15E-06,-1.47E-06,-1.27E-05,9.83298742E-06,1.58675684E-05,1.91919480E-05,7.18942056E-06,1.16786605E-05,7.80919800E-06,-2.24E-06,-1.41E-05,9.70213296E-06,1.68311435E-05,1.16100709E-05,1.76677459E-05,1.10541787E-05,-8.19E-06,2.28331683E-05,2.60419001E-05,-2.57E-05,2.62686135E-05,2.15901910E-05,-8.72E-06,2.40397021E-05,5.23714989E-05,7.27872930E-06,1.69170034E-05,2.04594235E-05,2.70481196E-05,2.01912353E-05,6.14844657E-06,2.69131556E-06,1.21438179E-05,9.27723977E-06,3.89795969E-06,3.42513558E-05,9.88593456E-07,1.96491728E-05,4.81176685E-05,-9.31E-06,-6.98E-06,1.08276563E-05,6.16351681E-05,3.65020023E-05,2.90640437E-05,-6.99E-06,1.64496796E-05,8.43574344E-06,2.05964079E-05,4.43523313E-05,2.18390051E-05,3.26937188E-05,5.50888253E-05,2.54444003E-05,-2.09E-05,-9.91E-06,-4.08E-06,-4.19E-05,-3.23E-05,7.89468904E-05,6.42439627E-05,7.30633974E-06,2.63802813E-05,-1.42E-05,4.86090528E-07,4.08920096E-05,3.17566737E-05,1.09757584E-05,1.01382584E-05,-4.39E-05,8.19554953E-06,-2.56E-05,6.31192233E-06,3.58495126E-05,-3.54E-05,-2.14E-05,4.83865588E-05,2.42259684E-05,-4.19E-06,-8.32E-06,4.16684670E-05,-5.58E-05,2.29235911E-06,9.44906787E-05,INT SYNC:059.94[Hz],DOUBLE FRAME,NORMAL,STANDARD DARK,TWO,CIE1931 (2°),1°,100,0.33333333,0.33333333,NONE,1,300300,1299085,OFF,TRUE,2024/03/25,16:51:46,OK00,----,----,----,CS-3000HDR,3001075,1.00.0008
99,2.08434296E+03,3.85286974E+03,3.36163752E+02,3.85286974E+03,0.33225217,0.61416205,0.13693441,0.56952166,5537.18451,0.09301501,554.254224,84.9594335,375.789475,-312.722505,375.895544,6.94058238E+00,553,3.05159192E-05,2.58959662E-05,-4.52E-05,-1.43E-05,4.01109028E-05,-1.19E-05,1.18319804E-05,2.32903894E-05,-3.19E-05,6.86247859E-07,-1.76E-05,-2.54E-05,5.12199767E-06,3.07082331E-07,2.48688448E-05,-1.31E-05,6.95055746E-07,-2.05E-05,4.68022226E-05,4.81652341E-06,2.59567041E-05,2.30102978E-05,2.53350645E-05,2.62570393E-05,1.49871641E-06,2.94009042E-05,-2.72E-06,-1.82E-05,3.49145216E-06,4.44251697E-07,1.85340941E-05,1.54430854E-05,3.63177751E-05,6.46919534E-06,-2.18E-06,4.82502628E-06,1.11266900E-05,7.21037759E-06,3.15229263E-05,2.13388976E-05,-6.68E-06,-9.86E-07,-1.01E-05,-3.37E-06,-4.99E-06,1.71507290E-05,3.33073103E-07,1.87258411E-05,4.70360465E-06,1.19823953E-05,-8.73E-06,9.01829537E-07,-4.07E-06,8.30971749E-06,1.21190669E-05,-1.62E-06,-6.75E-07,2.09692134E-05,6.50354741E-06,2.74415979E-05,5.48425362E-07,-1.07E-05,3.09726397E-06,-4.04E-06,2.69125376E-05,3.98700467E-05,3.81371719E-05,4.53375833E-05,4.01823927E-05,6.22714942E-05,6.48676578E-05,7.81374620E-05,7.20094104E-05,7.41326221E-05,6.90525776E-05,1.04949388E-04,8.63840105E-05,1.19097123E-04,1.29930588E-04,1.29871434E-04,9.74245049E-05,1.35950308E-04,1.51477449E-04,1.67192644E-04,1.93683605E-04,2.30925813E-04,2.85576098E-04,3.50559305E-04,4.17434348E-04,5.48404816E-04,7.60234252E-04,9.88112180E-04,1.30280841E-03,1.69200893E-03,2.16136058E-03,2.75084958E-03,3.33181839E-03,4.10655607E-03,5.02962619E-03,6.08521095E-03,7.31964177E-03,8.78643338E-03,1.05714696E-02,1.24948379E-02,1.47983944E-02,1.72427651E-02,2.00434569E-02,2.24614423E-02,2.50166878E-02,2.74791066E-02,2.97829732E-02,3.20630521E-02,3.38965766E-02,3.56518403E-02,3.72135825E-02,3.90410013E-02,4.07025628E-02,4.25577611E-02,4.42261770E-02,4.53179330E-02,4.57498170E-02,4.55649085E-02,4.51619029E-02,4.46536653E-02,4.40414771E-02,4.37948629E-02,4.36174944E-02,4.37297821E-02,4.39200029E-02,4.40595597E-02,4.42098640E-02,4.42757159E-02,4.45951931E-02,4.46475111E-02,4.48519252E-02,4.51325476E-02,4.53067385E-02,4.54325303E-02,4.54154648E-02,4.55313250E-02,4.55010980E-02,4.55092341E-02,4.53334041E-02,4.53504883E-02,4.55604680E-02,4.55969088E-02,4.57669944E-02,4.61186431E-02,4.67310622E-02,4.76454645E-02,4.91594896E-02,5.08910827E-02,5.33144735E-02,5.59239984E-02,5.85134104E-02,6.13149516E-02,6.43006265E-02,6.77152723E-02,7.13614151E-02,7.54382461E-02,7.92995617E-02,8.32711458E-02,8.79020095E-02,9.31132510E-02,9.82984602E-02,1.00257345E-01,9.86809433E-02,9.65842232E-02,9.63633507E-02,9.98647735E-02,1.04512036E-01,1.08492747E-01,1.11464992E-01,1.12272382E-01,1.11211225E-01,1.08878851E-01,1.05461150E-01,1.01946965E-01,9.81698111E-02,9.47913080E-02,9.14947614E-02,8.86325613E-02,8.60684142E-02,8.39365646E-02,8.20694640E-02,8.04515108E-02,7.92676285E-02,7.83855021E-02,7.86572844E-02,7.94313177E-02,8.10631961E-02,8.33953544E-02,8.61290172E-02,8.87533575E-02,9.09186602E-02,9.19317231E-02,9.20637920E-02,9.09650624E-02,8.90767798E-02,8.59488845E-02,8.20189044E-02,7.75627717E-02,7.22330883E-02,6.66775107E-02,6.09824657E-02,5.49874641E-02,4.88432944E-02,4.26701047E-02,3.66147272E-02,3.10402941E-02,2.59208977E-02,2.12210063E-02,1.69406384E-02,1.31048020E-02,1.01305600E-02,7.61670759E-03,5.62335644E-03,4.08022897E-03,2.84770760E-03,2.05432158E-03,1.47134741E-03,1.07881345E-03,8.13073071E-04,6.53885072E-04,5.37812128E-04,4.63025615E-04,4.22738609E-04,4.15644783E-04,3.93823488E-04,3.74371273E-04,3.78294615E-04,3.79680947E-04,3.47890542E-04,3.57610232E-04,3.43594322E-04,3.44447239E-04,3.51279974E-04,3.21676896E-04,3.11506359E-04,3.10659234E-04,3.21218715E-04,3.07764742E-04,2.88288167E-04,2.82451394E-04,2.73147540E-04,2.44031704E-04,2.26242162E-04,2.24338088E-04,2.24313670E-04,2.18483750E-04,2.08243742E-04,1.91108484E-04,1.70172352E-04,1.76754533E-04,1.57000279E-04,1.45620812E-04,1.33668887E-04,1.31213077E-04,1.19283948E-04,1.24507278E-04,1.21875899E-04,1.25047110E-04,1.00054225E-04,1.00500678E-04,9.27494402E-05,7.92699066E-05,9.61002515E-05,9.30465758E-05,8.27832846E-05,1.01006270E-04,8.76493577E-05,9.11253883E-05,8.60725995E-05,8.86154012E-05,8.15526582E-05,8.39629502E-05,8.60710061E-05,6.86651983E-05,6.85069099E-05,7.61518895E-05,8.32298392E-05,8.07854958E-05,5.90522068E-05,7.05053899E-05,4.35141410E-05,6.28470370E-05,5.41760928E-05,3.71387177E-05,3.85847852E-05,4.60656156E-05,3.47060122E-05,2.13910971E-05,2.86538580E-05,2.41848556E-05,8.01671649E-06,2.05778761E-05,1.61090902E-05,2.33865449E-05,1.41765786E-05,3.91769390E-06,1.82369040E-05,5.39009125E-06,-5.71E-06,1.98566818E-06,-3.95E-06,-1.37E-05,1.72434175E-05,5.72620991E-07,7.40988980E-06,1.09538796E-05,1.75683545E-05,1.14425902E-05,9.10442213E-06,-3.11E-06,-4.22E-07,9.48429533E-06,3.18805928E-06,5.39845723E-06,1.69580580E-05,2.28517420E-05,-6.73E-06,8.44286296E-06,8.53732308E-06,1.37883726E-05,6.60096111E-06,9.15991586E-06,5.53128302E-07,-1.32E-05,-1.47E-05,7.93926483E-06,6.52338758E-06,2.24649193E-05,3.21005537E-05,3.48997746E-05,3.27290654E-05,1.40977381E-05,9.39319216E-06,2.01769399E-05,-1.97E-05,1.08777858E-05,1.07744527E-05,1.36639737E-05,4.53781058E-06,9.71896043E-06,5.82281746E-06,6.05297464E-05,4.86537920E-06,1.61078879E-05,2.27379060E-05,3.59363694E-05,3.22365740E-05,5.31477917E-06,6.79151926E-05,3.18850107E-05,3.90015657E-06,1.94444583E-05,3.89341803E-05,1.93515498E-05,2.06398781E-05,-3.51E-06,2.53535418E-05,2.95686841E-05,9.14995326E-06,1.91483541E-05,1.94867880E-05,3.54556178E-05,5.95196252E-05,6.43041085E-06,2.76783612E-05,7.35922958E-06,-1.73E-05,-1.82E-06,3.77802935E-05,2.35467687E-05,1.47920746E-05,1.57388638E-06,6.35585093E-05,6.19838174E-05,6.77810976E-06,6.63830288E-05,2.97266852E-05,9.85635779E-06,-1.05E-05,1.13556480E-05,-1.71E-05,1.96534729E-05,2.63983020E-05,4.18541385E-05,-2.26E-07,-4.17E-05,6.19171187E-05,1.60333548E-05,-3.12E-06,3.78703844E-05,-2.39E-05,-1.73E-05,-2.19E-05,-3.60E-05,-3.54E-06,-1.45E-05,6.42524828E-05,INT SYNC:059.94[Hz],DOUBLE FRAME,NORMAL,STANDARD DARK,TWO,CIE1931 (2°),1°,100,0.33333333,0.33333333,NONE,1,300300,1297454,OFF,TRUE,2024/03/25,16:51:50,OK00,----,----,----,CS-3000HDR,3001075,1.00.0008
100,2.07856083E+03,3.84106840E+03,3.34687511E+02,3.84106840E+03,0.33234019,0.61414677,0.13697575,0.56952858,5535.83349,0.09298711,554.268618,84.9801428,375.389049,-312.270108,375.64436,6.91756250E+00,553,4.73179280E-05,-1.51E-05,-3.07E-05,3.05391331E-05,-4.34E-05,-1.09E-05,-1.77E-06,-2.15E-05,-1.89E-05,2.44742350E-05,-3.25E-05,5.66180061E-05,-1.43E-05,-2.28E-05,5.20887115E-05,-5.33E-05,2.48573338E-06,-4.38E-06,2.37180520E-05,8.01970236E-06,-3.19E-07,-2.93E-05,3.24205644E-06,4.55190502E-06,2.23823245E-05,9.68798213E-06,-1.33E-05,-2.50E-05,-1.47E-05,-1.15E-05,-2.02E-05,2.07925059E-05,2.81738539E-05,1.42025438E-05,-2.95E-05,-6.63E-07,3.35116579E-06,3.84900034E-07,2.81105144E-06,1.44469186E-05,6.26019343E-08,1.74263514E-05,1.56127790E-05,8.06855223E-06,1.70668191E-05,-4.47E-06,2.75051570E-06,1.65181118E-05,-2.37E-06,-1.92E-06,-1.08E-05,1.12924727E-05,1.32533814E-05,-1.02E-05,3.35209847E-06,2.30671503E-05,1.39144449E-05,7.28836312E-06,1.87336798E-06,-3.40E-06,5.94747007E-07,4.55223017E-06,5.00953945E-07,1.82469739E-05,8.32819751E-06,2.80517888E-05,1.78866030E-05,3.75381132E-05,4.42721866E-05,4.29300853E-05,4.75465276E-05,6.84424376E-05,6.43657986E-05,6.65910047E-05,8.33696104E-05,9.76468145E-05,9.35748685E-05,1.11453621E-04,1.08101973E-04,1.20547302E-04,1.24405022E-04,1.49154366E-04,1.32731613E-04,1.65538935E-04,2.01145856E-04,2.37485670E-04,2.82490248E-04,3.24856228E-04,4.28698928E-04,5.58387022E-04,7.74160086E-04,9.74096358E-04,1.26438437E-03,1.65437965E-03,2.12446670E-03,2.71812780E-03,3.35194543E-03,4.11369139E-03,5.07955672E-03,6.06916333E-03,7.32545368E-03,8.69419705E-03,1.05713913E-02,1.25299888E-02,1.47384796E-02,1.71133168E-02,1.99166592E-02,2.25164890E-02,2.49721222E-02,2.74457354E-02,2.96767130E-02,3.18607241E-02,3.38009410E-02,3.55397128E-02,3.71046886E-02,3.88810448E-02,4.05796506E-02,4.24673781E-02,4.41201702E-02,4.50025834E-02,4.56111953E-02,4.53112274E-02,4.48498316E-02,4.43254523E-02,4.38616872E-02,4.35632654E-02,4.34170291E-02,4.34789993E-02,4.37404774E-02,4.38739769E-02,4.39408384E-02,4.39446121E-02,4.42163646E-02,4.43255641E-02,4.46864851E-02,4.48726527E-02,4.51093651E-02,4.52148393E-02,4.51696031E-02,4.52245362E-02,4.51475792E-02,4.51756157E-02,4.51467484E-02,4.52653989E-02,4.52707633E-02,4.53906432E-02,4.54807021E-02,4.60715890E-02,4.64868620E-02,4.74619083E-02,4.88610752E-02,5.06799929E-02,5.31840287E-02,5.57041690E-02,5.83962090E-02,6.10410832E-02,6.39598742E-02,6.74696565E-02,7.11555555E-02,7.50048906E-02,7.89268464E-02,8.29616562E-02,8.76457170E-02,9.27769765E-02,9.80397239E-02,1.00006327E-01,9.87033397E-02,9.64576751E-02,9.63558182E-02,9.96536985E-02,1.04522727E-01,1.08641095E-01,1.11302838E-01,1.12172037E-01,1.11032978E-01,1.08428560E-01,1.05332024E-01,1.01674706E-01,9.78628024E-02,9.43107456E-02,9.11947340E-02,8.85422528E-02,8.57555047E-02,8.36302042E-02,8.17367584E-02,8.02458078E-02,7.89576769E-02,7.82031640E-02,7.81184584E-02,7.90670961E-02,8.08816031E-02,8.30137357E-02,8.59912932E-02,8.86452943E-02,9.07497033E-02,9.17191133E-02,9.19422358E-02,9.07435864E-02,8.88627097E-02,8.56338367E-02,8.18959177E-02,7.74312839E-02,7.19710663E-02,6.65017068E-02,6.07195199E-02,5.47487512E-02,4.88110669E-02,4.26540263E-02,3.64529379E-02,3.08966022E-02,2.58734468E-02,2.11325567E-02,1.69456601E-02,1.30253090E-02,1.00429365E-02,7.55954953E-03,5.57342498E-03,4.05548280E-03,2.85782153E-03,2.03004456E-03,1.46146538E-03,1.06739195E-03,7.89945188E-04,6.54464879E-04,5.14741114E-04,4.88079182E-04,4.27663239E-04,4.13067202E-04,3.98290809E-04,3.69011046E-04,3.76228272E-04,3.57950601E-04,3.54290969E-04,3.59230180E-04,3.53959098E-04,3.46660556E-04,3.40917933E-04,3.31294228E-04,3.25769535E-04,3.29253613E-04,2.94747006E-04,2.94742174E-04,2.84341804E-04,2.78609339E-04,2.79703236E-04,2.36610227E-04,2.30099104E-04,2.18383342E-04,2.09346937E-04,2.11767008E-04,1.99390197E-04,1.81773663E-04,1.74184679E-04,1.80460105E-04,1.65608479E-04,1.44250778E-04,1.47422135E-04,1.25868697E-04,1.23633872E-04,1.32077257E-04,1.06852342E-04,9.31745963E-05,1.00129713E-04,9.52074988E-05,1.13354043E-04,8.18272456E-05,9.53165436E-05,1.00631623E-04,9.77235322E-05,8.83184621E-05,8.90224619E-05,8.65211769E-05,7.39806201E-05,7.66919475E-05,7.40894247E-05,8.55990875E-05,8.79775325E-05,8.24291128E-05,7.26424623E-05,7.62075069E-05,8.35209066E-05,7.73898500E-05,6.11245632E-05,7.54332650E-05,6.33449235E-05,6.17607875E-05,5.92855649E-05,5.19175192E-05,4.21490222E-05,4.50331390E-05,3.98954217E-05,2.12869636E-05,1.97649006E-05,2.08105012E-05,2.01656021E-05,2.30235346E-05,3.06583352E-05,1.98048456E-05,2.45232713E-05,6.42843179E-06,3.51527342E-05,2.05950073E-05,9.02085048E-06,1.75062578E-05,2.13514140E-05,5.33476714E-06,1.73276949E-05,-1.12E-05,4.52779886E-06,6.63365199E-06,2.82845904E-05,2.78472216E-05,-2.18E-06,1.01319820E-05,7.10952463E-06,2.70211658E-05,1.20362747E-05,-2.51E-06,5.31728983E-06,6.09551034E-06,2.57628853E-05,8.65352831E-06,1.12817861E-05,4.30175669E-06,2.56743588E-05,4.40722806E-06,-8.72E-06,-6.60E-06,1.81724918E-05,3.42473832E-05,1.26936425E-06,-1.05E-05,1.69680952E-05,1.00806565E-05,1.66878872E-05,9.44624298E-06,2.39427732E-06,-1.13E-05,2.17678335E-05,-3.36E-06,4.69804218E-06,3.17870536E-06,4.31386661E-06,2.74361173E-05,1.85753761E-05,4.33854148E-05,1.32150763E-05,-5.48E-06,5.60744775E-06,-1.07E-05,1.92010393E-05,3.97442409E-06,2.38772009E-05,2.65377348E-05,9.01354360E-06,9.63549792E-06,-1.11E-05,1.82546482E-05,-8.46E-07,2.50788544E-05,-4.71E-06,1.53936298E-06,-3.02E-06,5.31649448E-06,5.20292406E-06,2.19464564E-05,1.52013672E-05,6.51306937E-06,9.81911126E-06,4.56997486E-06,-2.25E-05,-2.26E-06,4.53336033E-05,2.54899041E-05,3.67575449E-05,-9.19E-06,6.15891549E-05,2.67826927E-05,6.82010977E-06,1.08256481E-05,2.47328953E-05,3.36779376E-05,3.43040301E-05,-6.48E-07,5.21261936E-05,3.74760748E-05,3.79569901E-05,-1.41E-05,9.07996127E-06,1.09186731E-05,-1.50E-05,1.62776814E-05,-3.48E-05,2.85486585E-05,2.41266298E-05,1.17853224E-05,5.50206141E-06,5.48037278E-05,2.39174642E-05,6.21060317E-05,3.70789057E-05,INT SYNC:059.94[Hz],DOUBLE FRAME,NORMAL,STANDARD DARK,TWO,CIE1931 (2°),1°,100,0.33333333,0.33333333,NONE,1,300300,1294725,OFF,TRUE,2024/03/25,16:51:54,OK00,----,----,----,CS-3000HDR,3001075,1.00.0008
101,2.08141458E+03,3.84794313E+03,3.36005227E+02,3.84794313E+03,0.33220974,0.61416125,0.13691585,0.5695165,5537.83562,0.09302662,554.24728,84.946969,375.622412,-312.647118,375.654606,6.93197030E+00,553,1.28833008E-05,-2.15E-05,-2.64E-05,-3.67E-07,5.37931846E-05,-3.55E-05,-1.48E-05,7.96325003E-06,-1.44E-05,2.82612154E-06,4.30657656E-06,4.39936885E-05,1.06245386E-06,-3.72E-05,1.18861162E-05,-5.80E-05,3.15347861E-05,-1.17E-05,2.50169360E-05,-2.05E-05,-3.82E-07,6.31224520E-06,2.94973984E-06,6.66889127E-06,2.66075276E-05,-2.02E-05,7.65989626E-06,-6.56E-06,-4.44E-06,-1.90E-05,1.86300967E-05,-6.24E-06,-6.22E-07,1.40467509E-05,2.61767236E-05,3.45680164E-05,1.39208705E-05,3.91604402E-07,1.42733288E-05,-1.25E-06,2.49803488E-05,-2.29E-06,8.58036037E-06,1.25579554E-05,6.54048108E-06,2.35563493E-05,2.32836446E-05,-1.38E-05,4.12836471E-06,1.11017898E-05,2.83925715E-06,-5.85E-06,1.40784050E-05,9.37059485E-06,-1.29E-05,1.50214591E-05,7.09466667E-06,-4.31E-06,1.26997857E-05,4.25547805E-05,3.87862201E-06,1.13825399E-05,2.73045885E-06,8.59742249E-06,1.47355368E-05,1.57995055E-05,3.23753484E-05,4.93347943E-05,5.49705073E-05,6.63520404E-05,4.61087257E-05,4.72203574E-05,9.36538272E-05,9.97447787E-05,9.53253693E-05,8.95360863E-05,9.81611229E-05,9.43046398E-05,1.20368168E-04,1.26421117E-04,1.04047598E-04,1.36778865E-04,1.56552400E-04,1.59230272E-04,1.84018412E-04,2.35597341E-04,2.79261643E-04,3.66305030E-04,4.30526183E-04,5.82034991E-04,7.60488329E-04,9.80971148E-04,1.26064394E-03,1.70919322E-03,2.13706493E-03,2.71366071E-03,3.35719879E-03,4.14821226E-03,5.06478921E-03,6.08477695E-03,7.31994025E-03,8.75344966E-03,1.06317336E-02,1.25787156E-02,1.48161417E-02,1.71916150E-02,1.99019741E-02,2.24784296E-02,2.50712801E-02,2.74513029E-02,2.97362655E-02,3.19139175E-02,3.38310823E-02,3.56721878E-02,3.72991562E-02,3.89786325E-02,4.06494364E-02,4.26438972E-02,4.42568548E-02,4.53953333E-02,4.57207561E-02,4.55531254E-02,4.51090001E-02,4.45303172E-02,4.39774059E-02,4.36978973E-02,4.35499102E-02,4.36955504E-02,4.38246951E-02,4.40751798E-02,4.41038013E-02,4.42023352E-02,4.45115566E-02,4.46731299E-02,4.48749624E-02,4.51018289E-02,4.52791974E-02,4.52482663E-02,4.52754013E-02,4.54056524E-02,4.53627966E-02,4.54007313E-02,4.53124903E-02,4.52760607E-02,4.53819148E-02,4.54723164E-02,4.57830802E-02,4.61398140E-02,4.66263928E-02,4.76474054E-02,4.90484796E-02,5.08779734E-02,5.33017553E-02,5.58046214E-02,5.85450828E-02,6.13573976E-02,6.42487481E-02,6.75368905E-02,7.12932199E-02,7.52185062E-02,7.91624933E-02,8.29933435E-02,8.78916085E-02,9.31615829E-02,9.82711911E-02,1.00121535E-01,9.87486169E-02,9.63510573E-02,9.64276046E-02,9.96065587E-02,1.04256995E-01,1.08629756E-01,1.11544609E-01,1.12291560E-01,1.11037448E-01,1.08729631E-01,1.05373718E-01,1.01663120E-01,9.79915783E-02,9.45449397E-02,9.14422050E-02,8.84894654E-02,8.59656036E-02,8.38100985E-02,8.18237141E-02,8.03834125E-02,7.90257975E-02,7.84713030E-02,7.84964710E-02,7.92707801E-02,8.09373781E-02,8.31853822E-02,8.61197263E-02,8.85979682E-02,9.08632204E-02,9.18998420E-02,9.19837952E-02,9.07016918E-02,8.88110474E-02,8.57795626E-02,8.19299370E-02,7.74177611E-02,7.21049979E-02,6.66831285E-02,6.09309822E-02,5.48018105E-02,4.87244017E-02,4.27017547E-02,3.65226045E-02,3.10062114E-02,2.59296596E-02,2.11455226E-02,1.68855768E-02,1.31080355E-02,1.00655435E-02,7.57717993E-03,5.61101036E-03,4.07501031E-03,2.86159315E-03,2.01963703E-03,1.45625637E-03,1.05915242E-03,8.03953910E-04,6.47692708E-04,5.23602590E-04,4.69351624E-04,4.37571434E-04,3.98666511E-04,3.98337404E-04,3.70619033E-04,3.63740808E-04,3.72390874E-04,3.66253080E-04,3.52911331E-04,3.38464102E-04,3.62744235E-04,3.35926161E-04,3.38915794E-04,3.39864375E-04,3.10151896E-04,3.03231558E-04,2.92718032E-04,2.81581481E-04,2.76525214E-04,2.79457367E-04,2.48427503E-04,2.30160789E-04,2.20290342E-04,2.20566333E-04,1.96655077E-04,1.97173213E-04,1.89497936E-04,1.54131689E-04,1.82806325E-04,1.42341160E-04,1.45906713E-04,1.46265884E-04,1.20994810E-04,1.32072426E-04,1.24887476E-04,1.21138568E-04,1.06963715E-04,1.03368213E-04,1.01416925E-04,8.36257677E-05,9.39247839E-05,8.87109709E-05,8.90321971E-05,7.45754514E-05,1.02899023E-04,9.68960376E-05,6.83553808E-05,7.54335560E-05,6.48367422E-05,9.15346973E-05,9.44818021E-05,6.95765775E-05,8.10393467E-05,8.17531036E-05,7.93844229E-05,8.06751850E-05,7.79110051E-05,6.30521172E-05,7.06480059E-05,6.28586640E-05,7.42263437E-05,5.22096416E-05,5.39400353E-05,5.07873774E-05,4.65453377E-05,3.91520080E-05,2.62975191E-05,2.20443671E-05,2.06234181E-05,2.30457699E-05,2.80237364E-05,2.75496623E-05,3.55216034E-05,2.61142577E-05,1.37019406E-05,2.44467319E-05,7.90654667E-06,9.30946783E-07,1.01474716E-05,1.54321617E-06,-1.84E-06,1.80606476E-05,2.03503951E-05,6.52831477E-06,2.07278944E-07,1.81711021E-05,1.64814173E-05,1.51810755E-05,2.32347502E-05,2.29937850E-05,4.10481744E-06,8.92255343E-07,1.34150832E-05,4.30443606E-06,2.50082644E-06,-2.23E-05,8.48657237E-06,1.29217678E-05,9.66071093E-06,2.51084512E-05,5.31353362E-06,-2.24E-05,4.50343259E-06,2.00295453E-05,1.60695472E-05,-1.35E-05,5.20033336E-06,-1.16E-06,-1.73E-06,3.45458357E-05,1.78252976E-05,9.22702384E-06,1.96054007E-05,1.09954017E-05,4.04141201E-06,3.90507266E-05,3.02155986E-05,3.41447958E-05,2.45789215E-05,2.77984309E-05,2.89596228E-05,3.02437857E-05,6.15143745E-06,1.53251349E-05,1.60187628E-05,-7.42E-07,2.01092571E-05,1.76762496E-05,2.50961039E-05,3.40997212E-05,7.84064071E-07,-1.21E-05,1.95616049E-05,3.54721888E-05,3.08907292E-05,8.48461150E-06,9.46270120E-06,-3.21E-05,1.64820849E-05,4.91350183E-05,3.91096073E-05,5.95785132E-05,5.31922751E-06,8.03341936E-06,5.02799630E-05,2.22878716E-05,-1.18E-05,2.83139093E-06,-3.75E-05,-1.11E-05,5.16679174E-05,4.11110377E-05,3.86005304E-05,4.55282025E-05,-5.95E-06,7.48056409E-05,2.92357472E-05,1.24648504E-05,2.28869849E-05,-1.56E-05,-1.16E-05,-5.13E-06,1.81052274E-05,-5.23E-06,4.40981012E-06,1.64128636E-04,-3.71E-05,-2.79E-05,4.21158484E-06,1.28228828E-06,2.18075565E-05,-6.12E-05,-4.80E-05,-5.90E-06,4.07134430E-05,2.62929298E-05,INT SYNC:059.94[Hz],DOUBLE FRAME,NORMAL,STANDARD DARK,TWO,CIE1931 (2°),1°,100,0.33333333,0.33333333,NONE,1,300300,1297042,OFF,TRUE,2024/03/25,16:51:58,OK00,----,----,----,CS-3000HDR,3001075,1.00.0008
102,2.07389149E+03,3.83193094E+03,3.33892837E+02,3.83193094E+03,0.33236957,0.61411952,0.13699331,0.56952595,5535.3817,0.0929728,554.27341,84.9803309,375.078446,-311.961502,375.345802,6.90054404E+00,553,-4.29E-06,1.17167256E-05,-4.42E-05,5.07455161E-06,-2.62E-05,3.47670721E-06,8.27606345E-06,2.22091930E-05,2.51660549E-05,2.25656040E-05,-1.78E-05,3.01237160E-05,2.57670818E-05,1.78844475E-05,5.70691009E-06,2.03864583E-05,-2.27E-05,2.06954974E-05,2.68295680E-05,7.68769860E-06,3.95419193E-05,2.22874442E-05,4.35481888E-06,-1.77E-05,-9.82E-06,-1.04E-05,1.88492122E-05,3.96793575E-06,1.87082492E-06,-1.87E-05,9.39800157E-06,7.01034242E-06,9.28918053E-06,-2.33E-05,-1.15E-06,6.75240562E-06,-1.15E-05,9.15411874E-06,-2.16E-05,-4.66E-06,8.71567136E-06,-7.39E-06,-6.54E-06,3.17494560E-05,6.43613930E-06,-8.52E-06,9.37853019E-06,2.65176259E-05,2.07192898E-05,1.01797032E-05,-1.53E-05,3.20292293E-06,-2.85E-06,-2.32E-05,1.66131304E-05,6.54567202E-06,2.11682891E-06,3.88834405E-06,1.49886682E-05,1.15493795E-05,9.34394393E-07,2.44694402E-05,-4.12E-06,2.03919753E-05,-5.60E-06,3.77777324E-05,4.34184949E-05,3.19020037E-05,4.02699443E-05,4.79080809E-05,5.16092150E-05,7.59587274E-05,4.50402658E-05,7.70830084E-05,1.04676779E-04,1.17219475E-04,9.26629436E-05,1.03932529E-04,1.25657680E-04,1.24597878E-04,1.31264431E-04,1.29343462E-04,1.56454844E-04,1.66813188E-04,1.89262937E-04,2.14608124E-04,2.97195715E-04,3.34752171E-04,4.03820508E-04,5.77944040E-04,7.43749784E-04,9.89127322E-04,1.28072337E-03,1.64884131E-03,2.11967691E-03,2.70804740E-03,3.34859802E-03,4.12988150E-03,5.01520326E-03,6.04374195E-03,7.24570174E-03,8.72608088E-03,1.05051622E-02,1.24639906E-02,1.46996658E-02,1.71562526E-02,1.98689345E-02,2.24295333E-02,2.49506980E-02,2.73361541E-02,2.96358559E-02,3.16746272E-02,3.37441787E-02,3.54949050E-02,3.69890593E-02,3.87802087E-02,4.03464474E-02,4.23151180E-02,4.39602211E-02,4.50173914E-02,4.54284996E-02,4.53566685E-02,4.48810905E-02,4.43036444E-02,4.35946472E-02,4.35745716E-02,4.32583317E-02,4.32277098E-02,4.35330719E-02,4.37752493E-02,4.38741520E-02,4.39358614E-02,4.40824330E-02,4.43317443E-02,4.45528515E-02,4.47698496E-02,4.50255349E-02,4.49622050E-02,4.50563133E-02,4.50558960E-02,4.51111831E-02,4.49979343E-02,4.49472629E-02,4.50231470E-02,4.51774895E-02,4.53402735E-02,4.53815982E-02,4.57549952E-02,4.64224182E-02,4.73124310E-02,4.87456135E-02,5.05462773E-02,5.29072098E-02,5.54975159E-02,5.81833869E-02,6.08120300E-02,6.37416542E-02,6.72258362E-02,7.08465725E-02,7.47660995E-02,7.86472633E-02,8.27031955E-02,8.72672200E-02,9.26979631E-02,9.78851542E-02,9.99042168E-02,9.85964537E-02,9.62611511E-02,9.62421149E-02,9.95186940E-02,1.04441315E-01,1.08514696E-01,1.11002840E-01,1.11824319E-01,1.10735118E-01,1.08402126E-01,1.05178908E-01,1.01396963E-01,9.77331698E-02,9.42343175E-02,9.10760611E-02,8.81948993E-02,8.55617896E-02,8.34342018E-02,8.14426616E-02,8.00309926E-02,7.86584243E-02,7.80212656E-02,7.80106857E-02,7.88124278E-02,8.05252045E-02,8.28263313E-02,8.57204869E-02,8.82638246E-02,9.05158967E-02,9.16791707E-02,9.16596875E-02,9.08241719E-02,8.85556713E-02,8.55963677E-02,8.17216039E-02,7.72785321E-02,7.18812719E-02,6.63856268E-02,6.07742742E-02,5.47600798E-02,4.85349223E-02,4.24929783E-02,3.63912694E-02,3.08709405E-02,2.57325210E-02,2.10273210E-02,1.68249924E-02,1.29786078E-02,1.00200074E-02,7.52679072E-03,5.57681872E-03,4.05491237E-03,2.84342468E-03,2.01334269E-03,1.46041671E-03,1.06465234E-03,7.94893247E-04,6.31947245E-04,5.32263424E-04,4.74780652E-04,4.47227270E-04,4.16966941E-04,3.92021291E-04,3.78452853E-04,3.65895248E-04,3.68641311E-04,3.64590582E-04,3.58319608E-04,3.53980227E-04,3.42074170E-04,3.36950150E-04,3.34888871E-04,3.30705487E-04,3.19667801E-04,3.04799702E-04,2.93937541E-04,2.84598180E-04,2.81941291E-04,2.73457932E-04,2.25451324E-04,2.33818442E-04,2.20527887E-04,2.21804716E-04,2.08920916E-04,1.97387650E-04,1.86820937E-04,1.74784116E-04,1.71306150E-04,1.57509974E-04,1.45379658E-04,1.44638936E-04,1.25966457E-04,1.16023533E-04,1.26421088E-04,1.17728894E-04,1.11966496E-04,1.11738802E-04,1.01281934E-04,7.54850771E-05,9.10300441E-05,8.61290609E-05,8.71652665E-05,8.66967821E-05,9.20083330E-05,7.74777800E-05,7.28918967E-05,7.57717426E-05,8.41577494E-05,7.56940790E-05,8.94846235E-05,1.06980086E-04,8.82489621E-05,7.54321518E-05,6.98075237E-05,8.76949780E-05,7.45229627E-05,5.62399982E-05,7.04215345E-05,6.33259187E-05,6.99709926E-05,7.53392451E-05,6.21832078E-05,4.47401871E-05,5.66722774E-05,3.09144561E-05,4.26130537E-05,3.11256226E-05,2.69686134E-05,1.64388275E-05,1.72378423E-05,6.88944419E-06,2.34130548E-05,1.44158757E-05,1.53260917E-05,1.48123081E-05,4.55734650E-08,1.37959732E-05,7.78941285E-06,-1.74E-06,1.00456473E-05,1.69861869E-05,-3.80E-06,2.65290009E-06,5.42674297E-06,8.50877041E-06,2.03614509E-05,-8.03E-06,2.30910373E-05,-4.23E-06,2.02770498E-05,-9.21E-07,4.54862720E-06,-7.64E-06,1.75101206E-06,1.25171828E-05,1.60095697E-05,3.88355966E-06,-1.13E-05,-5.58E-07,3.58788293E-06,4.45417214E-07,1.81371536E-06,2.70477540E-05,3.38253994E-05,-5.88E-06,-2.53E-06,-9.97E-06,2.57530828E-05,1.04759893E-05,4.61092122E-06,-2.53E-05,7.12570909E-06,1.86640159E-06,1.96545971E-05,-1.07E-05,2.80480708E-05,1.13790366E-05,-7.37E-06,2.69093125E-05,3.02109438E-05,2.12627456E-05,-2.75E-05,3.00346946E-05,2.94568727E-05,-3.46E-06,-1.00E-06,2.26174452E-05,2.22684685E-05,8.42244390E-06,3.11515723E-05,3.99096825E-05,7.70686074E-06,3.34147444E-05,-8.87E-06,1.80386069E-05,2.17681572E-05,1.51396889E-05,-9.06E-07,6.29237184E-05,4.67830978E-05,-1.30E-05,-3.74E-05,5.61715096E-05,2.39195870E-05,1.67761718E-05,-1.67E-05,-4.15E-05,-2.81E-05,-1.09E-05,-3.50E-05,2.50460234E-05,5.84456429E-05,4.56915986E-05,4.79606715E-05,9.50927188E-06,-1.07E-05,-1.12E-05,-1.95E-05,1.49128400E-05,-1.52E-06,-2.25E-05,-6.49E-06,-3.07E-05,3.29476388E-05,-6.58E-05,-1.10E-05,-3.80E-05,7.95106607E-05,5.79759217E-05,-1.43E-05,-9.57E-05,-4.39E-06,4.63479264E-05,-3.91E-06,3.96065116E-05,INT SYNC:059.94[Hz],DOUBLE FRAME,NORMAL,STANDARD DARK,TWO,CIE1931 (2°),1°,100,0.33333333,0.33333333,NONE,1,300300,1288875,OFF,TRUE,2024/03/25,16:52:02,OK00,----,----,----,CS-3000HDR,3001075,1.00.0008
103,2.07932549E+03,3.84312374E+03,3.35422286E+02,3.84312374E+03,0.3322736,0.61412634,0.13694989,0.56951621,5536.85444,0.09300101,554.257708,84.9547618,375.458846,-312.4024,375.545932,6.92227377E+00,553,7.15066881E-06,5.16087584E-06,1.55399375E-05,-3.20E-05,5.98783708E-06,-3.00E-05,2.40434329E-05,-5.59E-06,-1.21E-05,3.07503942E-05,9.98033738E-06,1.55324542E-05,2.35482166E-05,-6.87E-06,2.03619802E-05,-2.31E-06,-9.86E-06,-1.20E-05,4.81210882E-05,-4.79E-05,3.46136185E-05,3.21922380E-05,-1.84E-05,3.71123497E-05,2.40965437E-05,-1.03E-05,-2.37E-05,1.40461188E-05,6.57435839E-06,4.07795342E-05,8.14415580E-06,6.78018569E-06,1.66273585E-05,3.41618761E-06,1.64672456E-05,-1.86E-06,-1.80E-05,3.42670355E-05,9.46355794E-06,1.96526289E-05,4.11092651E-06,2.53006465E-06,3.26549452E-05,1.12670596E-05,8.12076360E-06,2.38683378E-06,1.31725119E-05,2.42016831E-05,2.85851411E-06,-2.49E-06,-1.96E-05,3.37775491E-05,1.90487917E-05,2.71981321E-06,3.04479568E-06,6.46600074E-06,4.86254885E-06,2.48963297E-05,1.63919649E-05,1.94180811E-05,2.72829839E-05,2.21687478E-05,2.03530872E-05,1.08104814E-05,2.13606672E-05,3.04132318E-05,4.63918877E-05,6.36313343E-05,4.29568972E-05,5.01248614E-05,5.89452138E-05,5.42222842E-05,9.09099617E-05,7.97127577E-05,9.51179827E-05,7.10011664E-05,1.00710400E-04,1.00776007E-04,1.08252563E-04,1.14765659E-04,1.17721684E-04,1.48969455E-04,1.55910529E-04,1.63683377E-04,2.06346696E-04,2.35025262E-04,2.57498468E-04,3.43874213E-04,4.21615143E-04,5.68169111E-04,7.61400675E-04,9.76520474E-04,1.29500404E-03,1.66516774E-03,2.14640563E-03,2.73639755E-03,3.34641500E-03,4.13153600E-03,5.02770860E-03,6.06023287E-03,7.27414852E-03,8.72272439E-03,1.06034586E-02,1.25647048E-02,1.47120347E-02,1.71202142E-02,1.99165922E-02,2.25619394E-02,2.49834135E-02,2.74239238E-02,2.97521446E-02,3.18341479E-02,3.38879339E-02,3.55341993E-02,3.71901430E-02,3.87479551E-02,4.06454764E-02,4.25086208E-02,4.41000462E-02,4.51908894E-02,4.57753986E-02,4.54984829E-02,4.50355075E-02,4.44413461E-02,4.38191891E-02,4.35838327E-02,4.35152017E-02,4.36158143E-02,4.38499525E-02,4.39351983E-02,4.40881103E-02,4.41377200E-02,4.43042926E-02,4.45649773E-02,4.47693840E-02,4.49522734E-02,4.51029129E-02,4.52988669E-02,4.52348441E-02,4.51812185E-02,4.52057607E-02,4.52191047E-02,4.51859906E-02,4.52561304E-02,4.53932732E-02,4.53759693E-02,4.55901138E-02,4.60628830E-02,4.66220938E-02,4.75356355E-02,4.89515327E-02,5.07348217E-02,5.31659387E-02,5.57880476E-02,5.83651885E-02,6.11187331E-02,6.40928298E-02,6.75950572E-02,7.11871833E-02,7.51728415E-02,7.90771544E-02,8.30942765E-02,8.75976682E-02,9.29310396E-02,9.80497971E-02,1.00136846E-01,9.88310874E-02,9.63624343E-02,9.63978842E-02,9.97142419E-02,1.04261696E-01,1.08466193E-01,1.11116476E-01,1.12056322E-01,1.10820785E-01,1.08718336E-01,1.05245396E-01,1.01628795E-01,9.79010165E-02,9.44561660E-02,9.12394300E-02,8.84332582E-02,8.58225673E-02,8.35862234E-02,8.18720534E-02,8.02998841E-02,7.89640546E-02,7.81560615E-02,7.82822520E-02,7.92324021E-02,8.08385611E-02,8.31110701E-02,8.60096067E-02,8.85642245E-02,9.06566605E-02,9.17688310E-02,9.18971226E-02,9.08051580E-02,8.88380557E-02,8.57832283E-02,8.19892213E-02,7.73416534E-02,7.21445531E-02,6.66101575E-02,6.07765429E-02,5.48047423E-02,4.86751348E-02,4.26301807E-02,3.65786403E-02,3.09308227E-02,2.58322544E-02,2.11209413E-02,1.68741122E-02,1.31137390E-02,1.00406408E-02,7.56710256E-03,5.61977411E-03,4.08398453E-03,2.86071841E-03,2.01476458E-03,1.45404646E-03,1.07458211E-03,8.07118777E-04,6.51224982E-04,5.22603048E-04,4.76349960E-04,4.48395731E-04,4.19861230E-04,3.93946131E-04,3.83232487E-04,3.90546193E-04,3.80421581E-04,3.64282547E-04,3.40169558E-04,3.41107632E-04,3.52880015E-04,3.34720331E-04,3.16316640E-04,3.19151819E-04,3.02911416E-04,2.96173850E-04,2.78738269E-04,2.71233264E-04,2.73427315E-04,2.72788311E-04,2.38925670E-04,2.22346105E-04,2.33929488E-04,2.14000393E-04,1.90477105E-04,1.93896660E-04,1.77076028E-04,1.78003189E-04,1.66969447E-04,1.59059215E-04,1.48046034E-04,1.34057700E-04,1.33741923E-04,1.20186276E-04,1.30210916E-04,1.20256518E-04,1.12336769E-04,1.07605207E-04,1.07058819E-04,7.97510947E-05,1.03592494E-04,9.09451119E-05,9.14844713E-05,9.85643564E-05,8.18388726E-05,8.67555864E-05,9.56707299E-05,8.72973615E-05,7.60455732E-05,6.35474426E-05,7.94666630E-05,8.25718162E-05,9.11536481E-05,8.14686427E-05,7.79027541E-05,7.55097062E-05,7.27193546E-05,6.17351907E-05,7.13657646E-05,5.81688182E-05,6.71325906E-05,6.40243816E-05,6.02513755E-05,4.41316624E-05,3.50029150E-05,3.72966751E-05,4.25896724E-05,2.46566779E-05,3.02202170E-05,2.01255552E-05,1.55418747E-05,1.06796097E-05,2.37289987E-05,2.50224048E-06,1.89788025E-05,2.05171473E-05,2.15017299E-05,3.02691524E-06,-5.02E-06,2.10957351E-05,6.09965036E-06,1.19221722E-05,1.23678565E-05,2.24425166E-05,1.75058503E-05,2.74816443E-06,2.76793071E-06,2.20487964E-05,9.81335415E-06,-5.88E-06,-1.27E-06,-3.15E-06,1.77434558E-05,1.25935185E-05,-4.24E-06,1.72886703E-05,8.60495584E-06,1.75444675E-05,3.88483977E-06,2.52193004E-05,9.52099072E-06,-6.21E-06,-6.79E-06,1.87580263E-05,8.16757893E-06,1.50381402E-05,1.69656105E-05,3.07960499E-06,-1.34E-06,1.57735758E-05,1.30048920E-05,3.58414667E-07,2.93097946E-05,-9.51E-06,-5.45E-07,-4.23E-06,-8.19E-07,2.04173630E-05,-3.12E-06,5.69940357E-06,1.53510791E-05,2.96857579E-05,-4.98E-06,3.67704779E-05,5.48148955E-06,-3.95E-06,2.08525034E-05,1.30357585E-05,4.11657747E-05,1.49868538E-05,8.98842609E-06,-1.07E-05,-5.21E-06,3.30049916E-05,3.16974183E-05,2.40549216E-05,3.00773136E-05,1.76529211E-05,-2.46E-06,6.95252368E-07,3.53905889E-05,3.06338698E-05,2.04543212E-05,-6.12E-06,5.05782773E-05,3.02297376E-05,-9.66E-07,-1.31E-05,7.92468472E-06,-3.56E-05,-3.11E-05,4.80228191E-05,5.96304290E-06,4.48875726E-05,3.94093986E-05,-5.43E-05,-4.22E-06,-3.89E-05,-5.09E-05,-1.83E-05,9.03387900E-06,1.32070390E-05,4.31330773E-06,-3.08E-05,6.22701100E-06,3.67304783E-05,6.82308382E-05,-3.43E-05,-2.52E-05,2.29632460E-05,3.29643262E-05,-8.02E-06,-1.49E-05,-8.07E-05,3.43686479E-05,4.68639228E-05,INT SYNC:059.94[Hz],DOUBLE FRAME,NORMAL,STANDARD DARK,TWO,CIE1931 (2°),1°,100,0.33333333,0.33333333,NONE,1,300300,1296390,OFF,TRUE,2024/03/25,16:52:06,OK00,----,----,----,CS-3000HDR,3001075,1.00.0008
104,3.80155619E+02,3.66711041E+02,1.91027166E+03,3.66711041E+02,0.14306956,0.13800977,0.13095678,0.28423207,----,----,476.477075,83.1773808,162.881729,9.30993351,-226.223543,2.73673861E+00,473,3.63097242E-05,1.42884592E-05,4.02723526E-06,2.24911691E-05,1.65076181E-05,-7.28E-06,1.63475815E-05,-8.97E-06,1.49988518E-05,2.21237005E-05,1.84144155E-05,3.05188114E-05,1.48616964E-05,5.32163131E-06,1.83983648E-05,6.11598489E-06,1.43254310E-05,2.52833530E-07,1.06709895E-05,-6.72E-07,4.25260168E-06,-1.18E-05,3.61686898E-06,1.62216820E-05,6.86702890E-07,-7.37E-06,-7.65E-06,-2.69E-06,5.02726061E-06,-3.57E-06,3.08784956E-06,5.11374367E-07,3.71032115E-06,-1.58E-06,-2.52E-06,-8.52E-06,-6.62E-06,-2.04E-05,5.53990219E-07,-7.59E-06,-1.74E-05,-2.80E-05,-8.64E-06,-1.28E-05,-1.65E-05,-2.22E-05,-1.76E-05,-1.60E-05,-2.15E-05,-2.87E-05,-2.05E-05,-3.42E-05,-4.16E-05,-4.88E-05,-4.79E-05,-3.93E-05,-3.83E-05,-2.57E-05,2.83261579E-05,1.56648370E-04,2.98518484E-04,5.96347905E-04,1.09371473E-03,1.80377439E-03,2.92089581E-03,4.35955962E-03,6.30417839E-03,8.77319369E-03,1.19665470E-02,1.53327985E-02,1.90357137E-02,2.30636615E-02,2.77787726E-02,3.20369489E-02,3.63130271E-02,4.03926522E-02,4.46787886E-02,4.83482555E-02,5.14206737E-02,5.37583120E-02,5.57315797E-02,5.68739586E-02,5.78375347E-02,5.86183444E-02,5.95197491E-02,6.05786964E-02,6.16522692E-02,6.27657175E-02,6.41058534E-02,6.50792271E-02,6.60295635E-02,6.68333471E-02,6.74866438E-02,6.77793846E-02,6.73361868E-02,6.64661452E-02,6.49303943E-02,6.32408410E-02,6.12048656E-02,5.94595522E-02,5.78094013E-02,5.62989376E-02,5.48264571E-02,5.35134301E-02,5.21889105E-02,5.05685769E-02,4.84447367E-02,4.59160171E-02,4.29493412E-02,3.95928845E-02,3.61769684E-02,3.23985629E-02,2.89074611E-02,2.54817288E-02,2.23162752E-02,1.93610024E-02,1.71093661E-02,1.50717767E-02,1.31815793E-02,1.14338100E-02,9.69430897E-03,8.16769153E-03,6.85708877E-03,5.76069066E-03,4.80869785E-03,4.15575458E-03,3.67455883E-03,3.32740089E-03,3.08366586E-03,2.94061890E-03,2.80915108E-03,2.71722022E-03,2.67695053E-03,2.61111953E-03,2.61133374E-03,2.58693937E-03,2.57993070E-03,2.57891696E-03,2.56053545E-03,2.53538066E-03,2.52446136E-03,2.50519952E-03,2.49121338E-03,2.46338244E-03,2.46348605E-03,2.44347402E-03,2.41649384E-03,2.41061626E-03,2.39835237E-03,2.41563236E-03,2.47122115E-03,2.55003292E-03,2.65722233E-03,2.78246845E-03,2.90365517E-03,3.04779061E-03,3.16202152E-03,3.30402749E-03,3.47900693E-03,3.67784314E-03,3.85477184E-03,4.05693427E-03,4.27328004E-03,4.54193261E-03,4.74150619E-03,4.82101273E-03,4.72008670E-03,4.58431803E-03,4.52550966E-03,4.63545555E-03,4.78514191E-03,4.88367537E-03,4.98072384E-03,4.91510844E-03,4.78612911E-03,4.62082494E-03,4.45248093E-03,4.26859222E-03,4.08553006E-03,3.92406248E-03,3.77621362E-03,3.66759021E-03,3.53989983E-03,3.43357143E-03,3.37035721E-03,3.31931189E-03,3.28688533E-03,3.28538544E-03,3.29445954E-03,3.33677977E-03,3.40876332E-03,3.49011295E-03,3.58604919E-03,3.69059155E-03,3.76248499E-03,3.76867782E-03,3.76342726E-03,3.72331357E-03,3.63269192E-03,3.48493597E-03,3.32807237E-03,3.16201546E-03,2.95105856E-03,2.74941325E-03,2.54430063E-03,2.32934160E-03,2.13441951E-03,1.89307379E-03,1.66477275E-03,1.46042870E-03,1.25710922E-03,1.06501626E-03,8.79809144E-04,7.07940897E-04,5.63702721E-04,4.47321596E-04,3.47935886E-04,2.66763906E-04,1.96579844E-04,1.46703882E-04,1.18478849E-04,8.69237483E-05,7.60034163E-05,6.68312641E-05,5.87266804E-05,5.18124871E-05,5.28182609E-05,4.80819326E-05,4.88059413E-05,4.66941929E-05,4.14761198E-05,4.62860262E-05,4.42620403E-05,3.83329534E-05,4.34160211E-05,4.40279509E-05,3.91956928E-05,4.26759398E-05,4.11320507E-05,3.51370181E-05,3.90230161E-05,4.45919759E-05,3.76013777E-05,3.60977501E-05,3.69267036E-05,3.12585835E-05,3.33650023E-05,4.02784281E-05,3.58015168E-05,3.15949146E-05,2.97826373E-05,2.97327479E-05,2.38407574E-05,3.17938138E-05,2.94271886E-05,3.10722862E-05,3.20949403E-05,3.38475111E-05,2.07312241E-05,2.71011741E-05,2.84377038E-05,3.25629007E-05,2.93089342E-05,2.32750990E-05,2.17143115E-05,2.63166530E-05,3.14726058E-05,3.18483617E-05,2.99538951E-05,2.80173354E-05,3.23861132E-05,2.32641578E-05,2.08515921E-05,2.42063306E-05,2.82752862E-05,3.10327814E-05,3.25308392E-05,2.94893562E-05,2.98788145E-05,3.24188950E-05,3.67101638E-05,3.45351473E-05,3.45148401E-05,3.23078893E-05,3.04790137E-05,2.35634234E-05,3.24863067E-05,2.83573354E-05,3.03948400E-05,2.33036553E-05,1.70086332E-05,2.32505499E-05,2.47332064E-05,1.49171183E-05,2.46298750E-05,2.06577315E-05,1.56062324E-05,1.75527948E-05,1.77356014E-05,1.64449375E-05,1.69159975E-05,1.52289076E-05,1.41375531E-05,5.83429619E-06,1.11140434E-05,9.84232975E-06,1.95895936E-05,1.68606548E-05,1.20969371E-05,1.29223590E-05,1.52178309E-05,1.96243473E-05,7.62345962E-06,1.90805204E-05,1.72146538E-05,1.22757465E-05,2.20333222E-05,1.94895674E-05,1.26128143E-05,7.25134714E-06,1.56334372E-05,1.59960728E-05,9.02278225E-06,2.07079956E-05,1.80537481E-05,1.61609005E-05,1.72633772E-05,2.48205051E-05,1.91087966E-05,1.78364517E-05,2.04444841E-05,1.01545784E-05,1.98810485E-05,2.27559267E-05,2.07308985E-05,1.67447633E-05,1.56877250E-05,1.72576638E-05,2.71949448E-05,1.49717744E-05,1.04439960E-05,1.48906674E-05,2.94821602E-05,2.80953955E-05,3.04866353E-05,3.10898358E-05,3.15435100E-05,2.47455046E-05,4.29815882E-05,4.67901882E-05,2.94156598E-05,2.66477291E-05,4.16817820E-05,3.03633078E-05,1.87280821E-05,2.67966934E-05,5.65785667E-05,1.89828606E-05,5.64957918E-05,4.62611788E-05,2.47447006E-05,2.81310295E-05,6.02562613E-05,2.32026432E-05,1.98562539E-05,4.70589694E-05,5.23632916E-05,3.29868963E-05,1.89193488E-05,2.60379747E-05,9.42332736E-06,1.23035270E-05,1.47828951E-05,3.02045373E-06,1.07480464E-05,2.08780930E-05,1.14063951E-05,2.74183221E-05,3.22384985E-05,7.69530561E-06,1.55674797E-06,1.79247545E-05,1.38306423E-05,5.11893958E-08,1.89661205E-05,5.24946408E-05,3.65827691E-05,-2.21E-05,1.28452793E-05,2.31283866E-05,1.78451464E-05,-1.17E-07,2.18209552E-05,2.49431214E-05,2.29360176E-05,2.87596849E-05,2.30498335E-05,2.96939870E-05,4.52094646E-05,3.66067834E-05,2.67787746E-05,INT SYNC:059.94[Hz],DOUBLE FRAME,NORMAL,STANDARD DARK,TWO,CIE1931 (2°),1°,100,0.33333333,0.33333333,NONE,1,734067,2166212,OFF,TRUE,2024/03/25,16:52:11,OK00,----,----,----,CS-3000HDR,3001075,1.00.0008
105,2.25632067E+02,2.49228962E+02,1.18554249E+02,2.49228962E+02,0.38022625,0.41999081,0.20893168,0.51925955,4273.19715,0.01905538,570.840886,40.2071642,141.274203,-22.107758,59.4876772,6.76414419E-01,591,-3.67E-07,2.69023161E-07,-2.26E-06,-6.12E-07,2.18793019E-07,-2.62E-06,6.74410614E-07,2.97352358E-07,-1.97E-06,-5.66E-07,-7.06E-07,-1.01E-07,-2.33E-06,1.40156669E-06,8.53091876E-07,1.46115258E-06,5.34651257E-08,1.30470733E-06,1.29595946E-06,1.49641460E-06,1.67582823E-06,1.91157483E-06,-5.15E-07,1.47060507E-06,8.38445658E-07,1.39976521E-06,8.42475970E-07,1.18781122E-06,3.21797216E-07,-4.33E-07,-6.53E-07,8.52344783E-07,-9.23E-08,9.17572322E-07,-1.19E-06,1.62952190E-07,7.52966685E-08,6.64937772E-07,-3.43E-07,1.67518152E-07,4.79492485E-07,5.50153231E-07,6.84716326E-07,-5.54E-07,-1.61E-06,-1.74E-06,-2.92E-07,5.04497109E-07,-2.85E-07,-2.06E-06,-8.21E-07,-1.52E-06,-1.01E-06,-1.11E-06,-2.09E-06,-2.10E-06,-1.28E-06,-1.75E-06,2.05408696E-06,8.80141033E-06,1.65291040E-05,3.19809042E-05,5.87221621E-05,9.77324380E-05,1.61339427E-04,2.43142364E-04,3.56339209E-04,4.88547783E-04,6.76810567E-04,8.69989453E-04,1.08838396E-03,1.32816564E-03,1.60051871E-03,1.85394031E-03,2.10645935E-03,2.35153199E-03,2.61199893E-03,2.81393016E-03,2.97050388E-03,3.08285281E-03,3.13786021E-03,3.16245179E-03,3.15834745E-03,3.15634813E-03,3.17563466E-03,3.21191479E-03,3.26463254E-03,3.33397160E-03,3.41845187E-03,3.49425361E-03,3.56958341E-03,3.63049866E-03,3.66757554E-03,3.67653160E-03,3.65467696E-03,3.58742499E-03,3.50456289E-03,3.41678970E-03,3.30504822E-03,3.23255034E-03,3.18540842E-03,3.16349557E-03,3.17854178E-03,3.21383425E-03,3.25444201E-03,3.28629068E-03,3.29927634E-03,3.27844988E-03,3.23095359E-03,3.16224271E-03,3.10163898E-03,3.01984861E-03,2.95987818E-03,2.90448451E-03,2.86263134E-03,2.83981650E-03,2.86916317E-03,2.90986849E-03,2.94991117E-03,2.96473643E-03,2.94641987E-03,2.87703774E-03,2.78658303E-03,2.67765461E-03,2.54593091E-03,2.44922098E-03,2.37389817E-03,2.32177717E-03,2.27327156E-03,2.23703030E-03,2.19896925E-03,2.15853029E-03,2.12859525E-03,2.11384753E-03,2.10632989E-03,2.09918781E-03,2.10321811E-03,2.10645632E-03,2.10234825E-03,2.09304038E-03,2.08606850E-03,2.08579493E-03,2.09118263E-03,2.10544840E-03,2.11616117E-03,2.12718803E-03,2.13563931E-03,2.15516100E-03,2.17715907E-03,2.22706445E-03,2.29884707E-03,2.40216218E-03,2.53931270E-03,2.68166373E-03,2.82430183E-03,2.95314100E-03,3.08879628E-03,3.25004593E-03,3.42684286E-03,3.61413881E-03,3.80334235E-03,3.99904372E-03,4.19329852E-03,4.42533474E-03,4.64403909E-03,4.70707426E-03,4.60188324E-03,4.45091259E-03,4.38962132E-03,4.47970675E-03,4.63839713E-03,4.74847062E-03,4.79294127E-03,4.75137308E-03,4.64396318E-03,4.48057801E-03,4.30906564E-03,4.13449388E-03,3.96197615E-03,3.81326745E-03,3.67707177E-03,3.55800893E-03,3.44772683E-03,3.36309243E-03,3.30651226E-03,3.25980992E-03,3.23600299E-03,3.23327677E-03,3.26307607E-03,3.32494499E-03,3.41087370E-03,3.52329994E-03,3.65530211E-03,3.79026169E-03,3.91713902E-03,4.01271228E-03,4.09103232E-03,4.14298987E-03,4.19272063E-03,4.22370946E-03,4.25790111E-03,4.29936405E-03,4.36459994E-03,4.45078453E-03,4.53663291E-03,4.63923626E-03,4.73824888E-03,4.83193900E-03,4.92447615E-03,5.00664627E-03,5.06831054E-03,5.09038428E-03,5.09007229E-03,5.07297460E-03,5.02659427E-03,4.94604604E-03,4.84404108E-03,4.70341090E-03,4.54482203E-03,4.38990025E-03,4.22952650E-03,4.07474162E-03,3.91880795E-03,3.77659220E-03,3.62663646E-03,3.47968494E-03,3.33953160E-03,3.21600260E-03,3.08906008E-03,2.97246617E-03,2.87124887E-03,2.77983979E-03,2.70242081E-03,2.63857353E-03,2.58820970E-03,2.53024069E-03,2.49481853E-03,2.45269341E-03,2.41444283E-03,2.38931528E-03,2.37281993E-03,2.36032880E-03,2.36517144E-03,2.37582065E-03,2.39284290E-03,2.41252640E-03,2.43171398E-03,2.44604587E-03,2.46153073E-03,2.46753450E-03,2.47702119E-03,2.48041586E-03,2.47527123E-03,2.46634986E-03,2.46031652E-03,2.44877674E-03,2.43292609E-03,2.41455575E-03,2.39282614E-03,2.35484261E-03,2.32597371E-03,2.29108520E-03,2.25663884E-03,2.21786136E-03,2.18312535E-03,2.13924958E-03,2.10987963E-03,2.07808311E-03,2.04990222E-03,2.01724330E-03,1.99225522E-03,1.96428527E-03,1.93208805E-03,1.90950325E-03,1.88313005E-03,1.86166982E-03,1.83859526E-03,1.81274803E-03,1.80194178E-03,1.77464739E-03,1.74876279E-03,1.71940599E-03,1.67303416E-03,1.61779555E-03,1.54201011E-03,1.43988885E-03,1.32129621E-03,1.18573161E-03,1.04786095E-03,9.02749540E-04,7.67421501E-04,6.37702586E-04,5.14928135E-04,4.23579942E-04,3.42891348E-04,2.75121420E-04,2.21300084E-04,1.75043970E-04,1.42085497E-04,1.11605674E-04,9.10020681E-05,7.38171730E-05,6.03754379E-05,4.90627317E-05,3.94461131E-05,3.24497923E-05,2.92335808E-05,2.29886791E-05,1.87675614E-05,1.68113638E-05,1.53518904E-05,1.30112385E-05,1.16385909E-05,9.92195964E-06,1.02696131E-05,9.24443520E-06,8.63169134E-06,9.14192333E-06,8.93577180E-06,8.32606838E-06,7.81216113E-06,8.21407139E-06,8.17978707E-06,8.61129411E-06,9.24701362E-06,7.85553584E-06,9.55216092E-06,9.58290184E-06,9.75481544E-06,9.95095888E-06,1.19187089E-05,1.16618485E-05,1.31569659E-05,1.42488279E-05,1.40734201E-05,1.46188249E-05,1.39213880E-05,1.51264194E-05,1.67715298E-05,1.53854162E-05,1.62241504E-05,1.80871957E-05,1.73299304E-05,1.88273189E-05,1.80628813E-05,1.84143792E-05,1.92079006E-05,1.81853866E-05,1.99874848E-05,1.98553407E-05,1.97228819E-05,1.90445662E-05,2.06039858E-05,2.11095758E-05,1.89131315E-05,2.09565951E-05,1.69793766E-05,1.67357121E-05,1.78678674E-05,1.56338483E-05,1.59535648E-05,1.35979972E-05,1.34736783E-05,1.19464967E-05,1.08573640E-05,1.08112372E-05,1.05845893E-05,7.84339136E-06,7.87251065E-06,7.29363910E-06,6.30845670E-06,6.38528263E-06,6.45465843E-06,4.76136438E-06,4.56549196E-06,3.42501039E-06,7.04044669E-06,5.77670926E-06,4.04602633E-06,3.68178621E-06,4.27590976E-06,5.70983048E-06,4.10488383E-06,2.58696377E-06,4.08458209E-06,4.12056806E-06,6.27849067E-06,1.96192445E-06,2.87772104E-06,5.47380023E-06,3.63560935E-06,1.78444964E-06,2.02674778E-06,1.86782938E-06,2.13841963E-06,2.96047710E-06,4.15119985E-06,3.15175066E-06,1.28426655E-06,2.97200950E-06,4.31345097E-06,INT SYNC:059.94[Hz],DOUBLE FRAME,NORMAL,STANDARD DARK,ONE,CIE1931 (2°),1°,100,0.33333333,0.33333333,NONE,1,266934,2226529,OFF,TRUE,2024/03/25,16:52:21,OK00,----,----,----,CS-3000HDR,3001075,1.00.0008
106,3.69602799E+02,3.55997214E+02,1.87833514E+03,3.55997214E+02,0.14194009,0.13671508,0.13031888,0.28242374,----,----,476.463571,83.6883754,161.122414,9.60467619,-226.260658,2.69066811E+00,473,-5.13E-06,2.24179585E-05,2.99702006E-05,1.22384681E-05,-6.92E-06,-1.10E-05,3.89094703E-06,1.47147171E-06,7.19343461E-06,1.22488664E-05,-2.73E-06,-3.51E-07,9.46007549E-06,-1.45E-06,1.23770851E-05,1.21779203E-05,2.31709421E-07,1.96488199E-05,2.38482176E-06,3.30647686E-06,-3.70E-07,6.84794850E-06,1.38942287E-05,-5.55E-06,-1.04E-05,-7.45E-07,1.10742099E-06,-7.40E-06,-2.28E-06,3.79532526E-06,-1.71E-05,-1.99E-05,-1.27E-05,-1.37E-05,-9.82E-06,-1.59E-05,-1.69E-05,-1.35E-05,-1.40E-05,-1.97E-05,-2.39E-05,-3.06E-05,-1.46E-05,-7.08E-06,-2.25E-05,-2.58E-05,-1.36E-05,-3.31E-05,-3.11E-05,-4.00E-05,-3.37E-05,-3.21E-05,-3.05E-05,-4.91E-05,-6.58E-05,-3.27E-05,-6.16E-05,-4.12E-05,8.60036562E-06,8.95880585E-05,2.41620175E-04,4.94320411E-04,9.02194995E-04,1.55307259E-03,2.57702940E-03,3.85993836E-03,5.69263333E-03,7.88015127E-03,1.09109785E-02,1.41479699E-02,1.77204572E-02,2.17769258E-02,2.62767840E-02,3.05932295E-02,3.47549506E-02,3.89156193E-02,4.33887579E-02,4.69127148E-02,5.00777364E-02,5.26897721E-02,5.47492504E-02,5.60099371E-02,5.70168979E-02,5.80017790E-02,5.88893406E-02,6.00332022E-02,6.11389019E-02,6.23156391E-02,6.35935515E-02,6.48078695E-02,6.56779408E-02,6.65301308E-02,6.72664642E-02,6.74343333E-02,6.71616346E-02,6.62648007E-02,6.48718104E-02,6.31963909E-02,6.10344671E-02,5.92971742E-02,5.77108599E-02,5.62631711E-02,5.47878630E-02,5.34763448E-02,5.20426594E-02,5.04694283E-02,4.83579114E-02,4.58275713E-02,4.29779738E-02,3.95701267E-02,3.61016728E-02,3.23991738E-02,2.88183335E-02,2.54545081E-02,2.22648326E-02,1.93044692E-02,1.70159657E-02,1.49540426E-02,1.30731286E-02,1.13282315E-02,9.51960403E-03,8.02308880E-03,6.70248736E-03,5.60930325E-03,4.67424933E-03,4.00434760E-03,3.53231141E-03,3.18457326E-03,2.94268271E-03,2.78955419E-03,2.64766440E-03,2.57473486E-03,2.52523203E-03,2.48387805E-03,2.46577454E-03,2.46064994E-03,2.46695708E-03,2.43142084E-03,2.41750199E-03,2.41495203E-03,2.38971040E-03,2.36763642E-03,2.36484176E-03,2.35008495E-03,2.33126013E-03,2.33297725E-03,2.31060432E-03,2.30630278E-03,2.29477696E-03,2.32114340E-03,2.36391393E-03,2.43147416E-03,2.57346174E-03,2.65318993E-03,2.78633507E-03,2.90394831E-03,3.00408620E-03,3.17371730E-03,3.32414219E-03,3.50807724E-03,3.67967784E-03,3.86591675E-03,4.04124381E-03,4.29100078E-03,4.49850410E-03,4.52287542E-03,4.43941168E-03,4.29974077E-03,4.22282238E-03,4.31952346E-03,4.48914384E-03,4.56755888E-03,4.62366408E-03,4.57702717E-03,4.46742447E-03,4.31764824E-03,4.12095524E-03,3.96396499E-03,3.80448601E-03,3.65698035E-03,3.54490569E-03,3.41845443E-03,3.30363447E-03,3.23608331E-03,3.16928234E-03,3.11400695E-03,3.10232700E-03,3.06056836E-03,3.09006334E-03,3.18027334E-03,3.21859960E-03,3.30741424E-03,3.40631232E-03,3.49489530E-03,3.58829554E-03,3.61847761E-03,3.59366508E-03,3.54087702E-03,3.46097560E-03,3.34249740E-03,3.21104121E-03,3.00878263E-03,2.81685637E-03,2.63316697E-03,2.43360479E-03,2.22802558E-03,2.02469761E-03,1.81549788E-03,1.60425494E-03,1.38998532E-03,1.19714532E-03,1.01165648E-03,8.31551792E-04,6.79534569E-04,5.33476879E-04,4.20936209E-04,3.33264819E-04,2.49527744E-04,1.88657636E-04,1.43657569E-04,1.08458022E-04,8.96777856E-05,7.13649133E-05,6.16239922E-05,5.50779805E-05,4.58931645E-05,4.26000115E-05,4.25897269E-05,4.11520923E-05,4.32384404E-05,4.02613587E-05,4.47505772E-05,3.90096902E-05,4.08094638E-05,3.61511156E-05,3.66193599E-05,4.17856354E-05,4.12962872E-05,3.57606368E-05,3.32242853E-05,3.52651841E-05,3.71865353E-05,3.33889693E-05,3.55446427E-05,3.33193311E-05,3.37138263E-05,3.56051933E-05,3.20137442E-05,3.55751217E-05,3.38885511E-05,3.39684811E-05,3.06780930E-05,2.94876918E-05,3.01550408E-05,2.81158282E-05,2.75922866E-05,2.64917471E-05,2.30063361E-05,2.76604478E-05,2.46928939E-05,3.00997635E-05,2.91912293E-05,2.61990135E-05,2.81804387E-05,2.11052811E-05,2.80107088E-05,2.64433911E-05,2.59025346E-05,2.73401165E-05,2.79365722E-05,2.25932872E-05,2.76325318E-05,2.78113512E-05,2.89635718E-05,2.66184397E-05,2.68343410E-05,3.00568299E-05,2.43994764E-05,3.05474750E-05,3.08053350E-05,3.43364190E-05,3.27898233E-05,2.82930887E-05,3.16376354E-05,3.47423920E-05,2.55291143E-05,2.86670183E-05,2.92053428E-05,2.28534464E-05,1.83130760E-05,2.15339551E-05,2.77149338E-05,1.79837934E-05,1.37757561E-05,1.86627622E-05,1.22634201E-05,1.42603167E-05,1.17405634E-05,1.29478221E-05,1.07894120E-05,1.40213606E-05,1.51997538E-05,1.03384746E-05,6.49896401E-06,1.33632111E-05,7.74347245E-06,1.17115560E-05,5.39547045E-06,9.79953984E-06,1.35315313E-05,1.38863170E-05,1.18595008E-05,9.49952300E-06,1.03523225E-05,1.30397348E-05,1.23512891E-05,1.29848049E-05,1.90249557E-05,8.58359454E-06,7.51792186E-06,2.12714326E-06,1.26393434E-05,8.27886015E-06,1.20495515E-05,1.99518581E-05,1.59535593E-05,1.43731077E-05,1.11935842E-05,6.97577752E-06,1.73025546E-05,5.15239708E-06,5.14953899E-06,-5.36E-07,1.82017868E-06,1.65342371E-05,2.58818509E-05,1.25212728E-05,2.60370525E-05,1.93945834E-05,1.92769239E-05,1.81371834E-05,2.32523544E-05,9.31536817E-07,1.03665070E-05,2.33401279E-05,2.98832674E-05,1.14592958E-05,6.71381849E-06,2.71014851E-05,3.27808739E-05,3.32934396E-05,1.99289607E-05,2.83840236E-05,3.50362789E-05,2.74442373E-05,1.89849543E-05,3.61866769E-05,8.06254047E-06,2.48012657E-05,2.72638572E-05,1.25073411E-05,1.24269964E-05,2.72702600E-05,1.42881499E-05,1.22247066E-05,3.71650385E-05,9.61029673E-06,9.08632137E-06,5.80924461E-06,-5.42E-07,2.61637360E-05,3.16431469E-05,2.52315403E-05,1.57451104E-05,2.11196948E-05,2.21813898E-05,-4.15E-08,-2.00E-06,1.96515157E-06,2.80617473E-06,1.93788474E-05,2.31623890E-05,1.41410874E-05,-1.81E-06,4.82482574E-06,2.58688196E-05,4.47572938E-06,-4.19E-07,3.07369119E-05,-1.58E-05,5.29085737E-05,1.27833810E-05,1.23939153E-05,4.34855600E-08,3.07771079E-05,1.17039335E-05,2.29183433E-06,3.61838579E-06,-9.40E-06,3.72110799E-06,1.04797500E-05,INT SYNC:059.94[Hz],DOUBLE FRAME,NORMAL,STANDARD DARK,ONE,CIE1931 (2°),1°,100,0.33333333,0.33333333,NONE,1,33367,757025,OFF,TRUE,2024/03/25,16:52:25,OK00,----,----,----,CS-3000HDR,3001075,1.00.0008
107,2.19828658E+02,2.41492607E+02,1.44090966E+02,2.41492607E+02,0.36310574,0.39888954,0.20571214,0.50846607,4608.01073,0.01552512,568.999884,28.7095025,139.629744,-20.6910041,42.4309506,6.85109146E-01,591,8.17265970E-07,-4.36E-07,2.31460376E-06,2.07011794E-06,1.83964221E-06,-9.10E-07,-1.53E-06,-5.64E-07,1.39353403E-06,1.62629715E-06,1.29822729E-06,1.43221098E-06,2.52503492E-06,1.32907314E-06,2.64028290E-06,3.81538996E-07,4.86178294E-07,1.56967118E-07,3.14091047E-08,1.71672980E-07,5.47513139E-07,2.48001641E-07,-1.19E-06,8.96932661E-08,6.66788367E-07,2.30060755E-06,3.72868726E-07,-1.72E-06,9.17064767E-07,5.04614945E-07,8.19761624E-07,1.10791404E-06,8.45295801E-07,-1.26E-06,3.94612783E-07,1.17830803E-06,-2.21E-07,6.43886040E-07,2.39779212E-07,-8.88E-07,-1.36E-06,-8.73E-07,1.27246139E-07,-6.42E-07,-4.06E-07,-1.87E-06,-1.74E-06,-6.27E-08,-1.54E-06,-2.14E-06,-2.18E-06,-1.79E-06,-2.85E-06,-2.27E-06,-2.57E-06,-4.14E-06,-2.73E-06,-1.53E-06,1.77078664E-06,9.96200379E-06,2.04660537E-05,3.95888674E-05,7.02037069E-05,1.18909658E-04,1.97625806E-04,2.95196252E-04,4.29484207E-04,5.97815611E-04,8.23409937E-04,1.06404105E-03,1.33564381E-03,1.63199031E-03,1.97901297E-03,2.29559233E-03,2.62054731E-03,2.93671433E-03,3.26110981E-03,3.50414379E-03,3.70707083E-03,3.85628431E-03,3.94542422E-03,3.96344764E-03,3.96901974E-03,3.97759909E-03,4.00386006E-03,4.05357545E-03,4.12033312E-03,4.19302611E-03,4.29429626E-03,4.39842790E-03,4.48500551E-03,4.55183350E-03,4.60193865E-03,4.60230233E-03,4.56982618E-03,4.49292315E-03,4.37305495E-03,4.26553097E-03,4.11427347E-03,4.02121246E-03,3.93861067E-03,3.90377431E-03,3.88685102E-03,3.90610541E-03,3.92902410E-03,3.94022232E-03,3.91836092E-03,3.85772740E-03,3.76350153E-03,3.64350481E-03,3.52304336E-03,3.40574118E-03,3.27474508E-03,3.17132170E-03,3.07806511E-03,3.01942788E-03,2.99977791E-03,3.00485804E-03,3.01122409E-03,2.99336971E-03,2.94582895E-03,2.85829254E-03,2.74580577E-03,2.61522643E-03,2.48693605E-03,2.38434435E-03,2.30094348E-03,2.24070344E-03,2.19316455E-03,2.14774930E-03,2.11318699E-03,2.08288338E-03,2.04756297E-03,2.02492741E-03,2.01537088E-03,2.01476598E-03,2.02147383E-03,2.02161749E-03,2.01782770E-03,2.01140903E-03,2.00464949E-03,2.01179297E-03,2.01373338E-03,2.02459143E-03,2.04053149E-03,2.05204869E-03,2.06383527E-03,2.07901443E-03,2.09880155E-03,2.13666633E-03,2.21432908E-03,2.31702137E-03,2.43821577E-03,2.57619051E-03,2.71740276E-03,2.84136343E-03,2.98201386E-03,3.13750561E-03,3.29655129E-03,3.47514288E-03,3.65285762E-03,3.83903249E-03,4.03606938E-03,4.25608223E-03,4.45722463E-03,4.51473566E-03,4.41322941E-03,4.27131681E-03,4.21105046E-03,4.29687370E-03,4.43472806E-03,4.54712659E-03,4.57348535E-03,4.53731092E-03,4.44312813E-03,4.29459708E-03,4.12032427E-03,3.95776471E-03,3.79611785E-03,3.64941615E-03,3.51702794E-03,3.40790860E-03,3.30416532E-03,3.22353654E-03,3.16858524E-03,3.13500222E-03,3.10452981E-03,3.10347532E-03,3.12801241E-03,3.18715652E-03,3.27648455E-03,3.38406791E-03,3.51231382E-03,3.63837602E-03,3.75856599E-03,3.85040813E-03,3.93009512E-03,3.97528708E-03,4.02443623E-03,4.05843742E-03,4.07854933E-03,4.12708893E-03,4.17910749E-03,4.25465452E-03,4.34333738E-03,4.43988293E-03,4.53468226E-03,4.61464189E-03,4.69008181E-03,4.76134242E-03,4.81876265E-03,4.85017104E-03,4.84571978E-03,4.82628588E-03,4.78361873E-03,4.70075291E-03,4.59906086E-03,4.46947152E-03,4.31508152E-03,4.16051177E-03,4.00852226E-03,3.86642898E-03,3.72005790E-03,3.58287315E-03,3.44552635E-03,3.30175064E-03,3.17183998E-03,3.04550747E-03,2.92958086E-03,2.81919166E-03,2.72721052E-03,2.63660843E-03,2.55535892E-03,2.49844440E-03,2.44385540E-03,2.39191251E-03,2.35664262E-03,2.32118368E-03,2.28800019E-03,2.26349849E-03,2.24674889E-03,2.23340327E-03,2.24227458E-03,2.25087837E-03,2.26220069E-03,2.28411960E-03,2.31169513E-03,2.31948937E-03,2.33189948E-03,2.34026159E-03,2.34952616E-03,2.34578853E-03,2.33800872E-03,2.33619730E-03,2.32726592E-03,2.31559575E-03,2.30878918E-03,2.29182374E-03,2.26486102E-03,2.23757024E-03,2.20385543E-03,2.16983375E-03,2.13752431E-03,2.10052636E-03,2.06618779E-03,2.03047483E-03,1.99875957E-03,1.96866132E-03,1.94003014E-03,1.91648526E-03,1.89030671E-03,1.86098204E-03,1.84067467E-03,1.81390240E-03,1.78984972E-03,1.76545081E-03,1.74732134E-03,1.72838417E-03,1.70336652E-03,1.68273249E-03,1.66209647E-03,1.63214211E-03,1.59552356E-03,1.54547160E-03,1.46498205E-03,1.37021579E-03,1.25590374E-03,1.12777646E-03,9.96240648E-04,8.57760024E-04,7.29063642E-04,6.06145419E-04,4.93539672E-04,4.00742283E-04,3.24504188E-04,2.59544235E-04,2.09385806E-04,1.67265898E-04,1.33767273E-04,1.06284911E-04,8.57761333E-05,6.95970666E-05,5.66033741E-05,4.59444382E-05,3.88224726E-05,3.13288947E-05,2.74545873E-05,2.26108368E-05,1.96453493E-05,1.69024333E-05,1.51119748E-05,1.23513637E-05,1.09608654E-05,1.16452748E-05,1.07618944E-05,9.20671391E-06,7.66280755E-06,7.23882977E-06,7.94056177E-06,7.05222510E-06,5.61298339E-06,7.40044243E-06,7.86853434E-06,7.85729662E-06,7.62608897E-06,9.79953256E-06,1.01331916E-05,1.07432970E-05,1.01620981E-05,1.01642081E-05,1.24287226E-05,1.35208129E-05,1.23340451E-05,1.28972206E-05,1.35113451E-05,1.42179733E-05,1.58914845E-05,1.72147338E-05,1.53433630E-05,1.48820500E-05,1.50054348E-05,1.81553569E-05,1.60967757E-05,1.70215735E-05,1.76653484E-05,1.70859767E-05,1.91275376E-05,1.72066266E-05,2.00186259E-05,2.02611736E-05,2.00220711E-05,2.06635577E-05,2.07828762E-05,1.95769153E-05,1.90629416E-05,1.97737882E-05,2.01855419E-05,1.49198031E-05,1.75533642E-05,1.59864867E-05,1.68372862E-05,1.41606397E-05,1.13664637E-05,1.26630848E-05,1.21435423E-05,9.38754511E-06,1.12080324E-05,8.68868665E-06,7.73102693E-06,9.49756577E-06,8.43818998E-06,7.28577925E-06,6.92038975E-06,5.46206184E-06,2.93070821E-06,3.62549849E-06,8.08246568E-06,7.63806293E-06,4.01493753E-06,7.14058842E-06,4.80444123E-06,7.04616832E-06,1.44266869E-06,1.92561757E-07,5.49773586E-06,6.33717900E-06,2.24797918E-06,5.06229026E-06,1.59588888E-06,2.72821921E-06,2.21543110E-06,5.38932545E-06,-5.35E-07,-1.71E-07,1.19925664E-06,4.91636956E-06,2.02896672E-06,2.49615709E-06,3.96040514E-06,5.08903167E-06,4.51461165E-06,INT SYNC:059.94[Hz],DOUBLE FRAME,NORMAL,STANDARD DARK,ONE,CIE1931 (2°),1°,100,0.33333333,0.33333333,NONE,1,266934,1225416,OFF,TRUE,2024/03/25,16:52:29,OK00,----,----,----,CS-3000HDR,3001075,1.00.0008
108,3.65469278E+02,3.48686894E+02,1.87674642E+03,3.48686894E+02,0.14105867,0.13458124,0.1302223,0.27954558,----,----,476.341862,84.2303168,159.90163,11.9739666,-228.215525,2.67759018E+00,473,8.63128025E-06,1.66504069E-05,-4.06E-06,-6.14E-06,9.64814626E-06,1.21373751E-05,1.71676911E-05,-3.68E-05,1.77432030E-05,3.33309970E-07,-5.87E-06,5.65115761E-06,3.58392799E-06,1.55927864E-05,-1.78E-07,1.55357829E-05,4.33862795E-07,9.27836209E-06,-2.22E-06,-1.38E-06,1.63904269E-06,-3.32E-06,4.49849176E-06,-3.49E-06,9.89905971E-07,1.05435520E-05,1.45329909E-06,-1.08E-05,2.75400089E-06,-2.63E-06,-8.37E-06,-2.62E-06,-5.90E-06,-6.81E-06,-1.88E-06,-1.33E-05,-7.55E-06,-1.46E-05,-2.11E-05,-2.12E-05,-1.28E-05,-2.52E-05,-1.34E-05,-2.68E-05,-2.41E-05,-3.23E-05,-2.70E-05,-3.06E-05,-2.46E-05,-2.75E-05,-3.45E-05,-2.62E-05,-5.30E-05,-5.25E-05,-5.77E-05,-5.51E-05,-5.59E-05,-5.32E-05,-7.98E-06,9.74799259E-05,2.23375362E-04,4.78281116E-04,8.97971913E-04,1.52175885E-03,2.51365895E-03,3.79946921E-03,5.61479619E-03,7.81138893E-03,1.08293025E-02,1.40182301E-02,1.75992474E-02,2.14991178E-02,2.61038691E-02,3.04179396E-02,3.46913561E-02,3.87426428E-02,4.31842059E-02,4.69260924E-02,5.00398241E-02,5.25686815E-02,5.46605773E-02,5.59926070E-02,5.70919737E-02,5.79990745E-02,5.89265898E-02,6.00635223E-02,6.11751117E-02,6.23573624E-02,6.36391863E-02,6.48943260E-02,6.58980012E-02,6.66102096E-02,6.73890114E-02,6.74851686E-02,6.72081336E-02,6.63447827E-02,6.48931339E-02,6.33033514E-02,6.11852631E-02,5.94057813E-02,5.78296632E-02,5.63094430E-02,5.46549410E-02,5.35528846E-02,5.21701723E-02,5.04956320E-02,4.83934097E-02,4.59537357E-02,4.29761633E-02,3.95872891E-02,3.61022390E-02,3.23045589E-02,2.88398489E-02,2.53929365E-02,2.22514942E-02,1.92566272E-02,1.69761796E-02,1.49191059E-02,1.30142933E-02,1.12378737E-02,9.43645090E-03,7.93146621E-03,6.59874175E-03,5.47524542E-03,4.54096962E-03,3.90823558E-03,3.42529360E-03,3.05589125E-03,2.83713033E-03,2.64621410E-03,2.55900179E-03,2.48246896E-03,2.43406091E-03,2.38780701E-03,2.38406821E-03,2.36671092E-03,2.35790317E-03,2.35322234E-03,2.35601887E-03,2.31086276E-03,2.27779220E-03,2.28361436E-03,2.26179115E-03,2.25746282E-03,2.26284657E-03,2.25029141E-03,2.23959843E-03,2.21560267E-03,2.21814308E-03,2.23520189E-03,2.27904669E-03,2.32732203E-03,2.44150334E-03,2.54039653E-03,2.66208895E-03,2.77983421E-03,2.89616501E-03,3.01464903E-03,3.17603908E-03,3.35136242E-03,3.49881942E-03,3.68254725E-03,3.87088768E-03,4.08389280E-03,4.29089647E-03,4.32381593E-03,4.21362137E-03,4.09563771E-03,4.02235193E-03,4.11909213E-03,4.25797841E-03,4.34368243E-03,4.39280970E-03,4.34092246E-03,4.23460128E-03,4.09220112E-03,3.96422436E-03,3.75815248E-03,3.61438887E-03,3.47933755E-03,3.37294140E-03,3.24005843E-03,3.15596513E-03,3.08730104E-03,3.01710796E-03,2.98399618E-03,2.95429723E-03,2.97176349E-03,2.95780622E-03,3.00889555E-03,3.09002213E-03,3.13056400E-03,3.26624536E-03,3.34630604E-03,3.40650068E-03,3.42583051E-03,3.44386417E-03,3.39704030E-03,3.32263974E-03,3.19557427E-03,3.05985427E-03,2.88411113E-03,2.68329587E-03,2.50915065E-03,2.32829223E-03,2.14118487E-03,1.94001151E-03,1.74410385E-03,1.53112656E-03,1.34024257E-03,1.14218739E-03,9.63530736E-04,8.03111703E-04,6.43874810E-04,5.16128261E-04,4.07783518E-04,3.18129838E-04,2.44966650E-04,1.80663847E-04,1.38657095E-04,1.08567641E-04,8.70426011E-05,7.42950360E-05,6.10161333E-05,5.18482593E-05,4.78432303E-05,4.44602447E-05,4.63411016E-05,4.12564368E-05,3.81367499E-05,4.03918675E-05,4.09507884E-05,3.96332834E-05,3.86111751E-05,3.74919691E-05,3.75346608E-05,4.41480734E-05,3.96645955E-05,4.17385345E-05,3.59018741E-05,4.15555442E-05,3.73621006E-05,3.61409075E-05,4.09348795E-05,3.44238615E-05,2.80908698E-05,3.72711984E-05,3.36226403E-05,3.18928905E-05,3.41232699E-05,2.70587443E-05,3.08462659E-05,2.82725123E-05,2.74857575E-05,2.96941889E-05,3.07544615E-05,2.44184175E-05,2.68012809E-05,2.62845424E-05,2.52687805E-05,2.67224132E-05,2.10835096E-05,2.01902094E-05,2.37086988E-05,2.29189973E-05,2.03526233E-05,2.87289186E-05,2.28199879E-05,2.34489362E-05,2.53097423E-05,2.06104251E-05,2.94778220E-05,2.45462306E-05,3.17552658E-05,2.72231464E-05,2.96767175E-05,2.65824237E-05,2.74121139E-05,3.40869155E-05,2.89668260E-05,2.99812109E-05,3.09899478E-05,2.96491489E-05,2.87829989E-05,3.09659699E-05,2.66932184E-05,2.19982830E-05,2.59028002E-05,2.39853234E-05,2.76218088E-05,1.78417540E-05,1.73159970E-05,1.88009544E-05,1.51436525E-05,1.12820162E-05,1.41572018E-05,2.04535663E-05,1.62804299E-05,1.06290136E-05,1.53336769E-05,8.58019666E-06,8.21742742E-06,1.31040633E-05,1.06605239E-05,7.17424427E-06,9.63046023E-06,1.63339664E-05,5.51296853E-06,1.13940705E-05,1.30721974E-05,1.07849401E-05,8.90191768E-06,1.19297829E-05,1.10591054E-05,1.28135771E-05,1.13184769E-05,7.19287300E-06,1.03564544E-05,1.17055542E-05,1.12284051E-05,1.38566929E-05,1.30023345E-05,1.35394966E-05,8.20618061E-06,1.05082900E-05,1.79631897E-05,1.43096231E-05,1.26030391E-05,1.43994439E-05,2.85208603E-06,2.33529590E-06,1.06044718E-05,1.22809251E-05,9.43032683E-06,2.22934377E-05,1.90159408E-05,2.21637911E-05,1.93302185E-05,1.96705023E-05,2.21288319E-05,1.71201191E-05,2.77376330E-05,1.36513063E-05,2.27116361E-05,2.75998973E-05,1.40025950E-05,1.37573988E-05,1.14090917E-05,2.80469067E-05,2.60225970E-05,2.27473374E-05,2.61625391E-05,2.57483262E-05,3.26347363E-05,2.65162398E-05,2.96673024E-05,2.68421481E-05,2.43740742E-05,2.75773436E-05,3.52782226E-05,1.66730460E-05,1.70713411E-05,3.31375122E-05,3.71231654E-05,1.60848886E-05,3.53182550E-05,2.25560325E-05,2.07559315E-05,4.52007907E-06,1.89422462E-05,1.88278918E-05,2.31782287E-05,3.12690026E-05,7.06961055E-06,4.99795669E-06,2.58494310E-05,-4.96E-06,3.91485173E-06,8.82689073E-06,-4.85E-06,2.10239295E-06,1.03581613E-06,6.47729439E-06,2.42530987E-05,2.53040289E-05,8.98761118E-06,-1.36E-05,2.66555835E-05,1.45987860E-05,2.95776704E-06,1.07826008E-05,4.17186711E-05,-3.83E-05,2.11638576E-06,5.69225413E-05,2.04855623E-05,-1.46E-05,9.54646839E-06,4.65726807E-05,2.33649462E-05,-5.24E-07,INT SYNC:059.94[Hz],DOUBLE FRAME,NORMAL,STANDARD DARK,ONE,CIE1931 (2°),1°,100,0.33333333,0.33333333,NONE,1,33367,754934,OFF,TRUE,2024/03/25,16:52:34,OK00,----,----,----,CS-3000HDR,3001075,1.00.0008
109,2.13654289E+02,2.33109343E+02,1.90711371E+02,2.33109343E+02,0.33515712,0.36567605,0.19956367,0.48990522,5405.98174,0.01095242,556.899098,10.3490763,137.807631,-18.9817081,17.1643399,7.12684531E-01,473,4.22179710E-06,-3.34E-07,1.53142003E-06,1.49753032E-06,-1.97E-06,1.34068614E-06,1.28533043E-06,-1.58E-06,3.14371874E-07,8.13918973E-07,3.08539654E-07,2.53009057E-06,4.75368921E-07,-2.05E-07,6.01963052E-07,3.61190786E-07,4.15442315E-07,1.50297342E-06,1.57812394E-06,8.31172599E-07,8.88300690E-07,1.35206312E-06,8.10718177E-07,9.31445641E-07,-3.61E-07,3.39739159E-07,-3.82E-07,1.55285079E-06,1.21366065E-06,-1.62E-07,1.89075661E-06,-1.14E-06,1.96372255E-07,-6.70E-07,-1.37E-06,-8.26E-07,-1.56E-06,-6.96E-07,-9.44E-07,-4.64E-07,1.26637175E-07,-1.12E-06,-5.74E-07,-2.10E-06,-9.30E-07,-1.82E-06,-3.06E-06,-2.00E-06,-2.24E-06,-3.07E-06,-2.60E-06,-3.61E-06,-3.65E-06,-4.72E-06,-5.23E-06,-3.70E-06,-5.10E-06,-1.86E-06,2.12291434E-06,1.08001268E-05,2.50437006E-05,5.21251495E-05,9.44578351E-05,1.57233997E-04,2.59957043E-04,3.97560245E-04,5.75976155E-04,8.03434523E-04,1.11371512E-03,1.43500476E-03,1.80214900E-03,2.19953386E-03,2.67763017E-03,3.12069990E-03,3.55820218E-03,3.98795446E-03,4.41458076E-03,4.76765353E-03,5.05183684E-03,5.24625881E-03,5.37636597E-03,5.42943645E-03,5.43414801E-03,5.45401219E-03,5.49970334E-03,5.55503508E-03,5.64755127E-03,5.75705571E-03,5.88822691E-03,6.02123933E-03,6.12282427E-03,6.20999699E-03,6.27454603E-03,6.27508108E-03,6.23036129E-03,6.11519488E-03,5.95037965E-03,5.78343635E-03,5.58643928E-03,5.43401204E-03,5.31972758E-03,5.24502713E-03,5.18524414E-03,5.18547371E-03,5.16793458E-03,5.13007725E-03,5.05176559E-03,4.92213247E-03,4.75469790E-03,4.53609973E-03,4.32032719E-03,4.09048703E-03,3.88135645E-03,3.68191185E-03,3.50675522E-03,3.35869845E-03,3.27681960E-03,3.23137222E-03,3.18235927E-03,3.12021677E-03,3.01846070E-03,2.88765063E-03,2.74450867E-03,2.58645951E-03,2.43375264E-03,2.32037832E-03,2.22734944E-03,2.15663249E-03,2.10594898E-03,2.06184969E-03,2.02372996E-03,1.98896416E-03,1.96144520E-03,1.94033352E-03,1.92741503E-03,1.92667590E-03,1.93190761E-03,1.93436549E-03,1.92535773E-03,1.91804208E-03,1.91318360E-03,1.91728387E-03,1.92259194E-03,1.93734316E-03,1.95065187E-03,1.96078070E-03,1.96789415E-03,1.98598951E-03,2.00112374E-03,2.04306142E-03,2.11261981E-03,2.21277424E-03,2.33300356E-03,2.45704153E-03,2.58829026E-03,2.71034148E-03,2.84353155E-03,2.98814080E-03,3.14856996E-03,3.31974169E-03,3.48861329E-03,3.65967141E-03,3.83686600E-03,4.05629585E-03,4.24359553E-03,4.29987349E-03,4.19713696E-03,4.05881414E-03,4.00946848E-03,4.08942532E-03,4.21753246E-03,4.32487018E-03,4.35996428E-03,4.31835791E-03,4.22124378E-03,4.07923758E-03,3.91161954E-03,3.75695596E-03,3.60838813E-03,3.46343732E-03,3.34655493E-03,3.22985067E-03,3.13576381E-03,3.06775444E-03,3.00968229E-03,2.97429785E-03,2.94576981E-03,2.94790231E-03,2.97665270E-03,3.03667341E-03,3.11652222E-03,3.22133582E-03,3.34088784E-03,3.46132321E-03,3.57677555E-03,3.66261275E-03,3.73526453E-03,3.77854542E-03,3.81458667E-03,3.83783737E-03,3.86133837E-03,3.89322336E-03,3.93444998E-03,3.99922347E-03,4.07526549E-03,4.16496862E-03,4.23762621E-03,4.31507966E-03,4.37519699E-03,4.43472667E-03,4.47851326E-03,4.50358307E-03,4.48924070E-03,4.47276141E-03,4.41435678E-03,4.34001163E-03,4.23594099E-03,4.11899388E-03,3.97978071E-03,3.83346528E-03,3.68693913E-03,3.55283683E-03,3.42061697E-03,3.29824281E-03,3.16216936E-03,3.03456979E-03,2.91095604E-03,2.79855379E-03,2.68574152E-03,2.58360454E-03,2.49100872E-03,2.41983542E-03,2.35099834E-03,2.29222770E-03,2.24128598E-03,2.19373731E-03,2.15904322E-03,2.13094917E-03,2.10191379E-03,2.07790500E-03,2.05934094E-03,2.05381308E-03,2.05390202E-03,2.06501014E-03,2.07752478E-03,2.09263433E-03,2.11412506E-03,2.13235500E-03,2.13855598E-03,2.14710040E-03,2.15438241E-03,2.14706990E-03,2.15074047E-03,2.14146450E-03,2.13637180E-03,2.13020807E-03,2.11367267E-03,2.09081569E-03,2.07268866E-03,2.05151527E-03,2.02042260E-03,1.99018465E-03,1.95640279E-03,1.92599616E-03,1.89093454E-03,1.85959169E-03,1.83280348E-03,1.80453004E-03,1.77927141E-03,1.75981887E-03,1.73807878E-03,1.70545327E-03,1.68564636E-03,1.66627089E-03,1.64706504E-03,1.62852509E-03,1.60419091E-03,1.58848043E-03,1.57262292E-03,1.55010074E-03,1.53608713E-03,1.50699262E-03,1.46996428E-03,1.41717982E-03,1.35075732E-03,1.26303278E-03,1.15742849E-03,1.04152167E-03,9.16321878E-04,7.90882739E-04,6.70891139E-04,5.63769077E-04,4.51826985E-04,3.69608373E-04,2.98535655E-04,2.39041299E-04,1.92166641E-04,1.56512921E-04,1.23073783E-04,9.80874538E-05,7.89974583E-05,6.34126845E-05,5.26323856E-05,4.29395586E-05,3.46579509E-05,3.02806457E-05,2.49682798E-05,2.12493487E-05,1.74715533E-05,1.46273196E-05,1.41103556E-05,1.14294326E-05,1.03587054E-05,1.01672067E-05,9.60883517E-06,8.34865114E-06,8.11949667E-06,8.64275080E-06,7.93452000E-06,6.74543116E-06,7.17832154E-06,8.41565907E-06,8.22030779E-06,8.33767172E-06,8.83368648E-06,9.30980696E-06,9.95482878E-06,9.45899046E-06,1.12658272E-05,1.04377623E-05,1.16172623E-05,1.13777051E-05,1.20736622E-05,1.14151617E-05,1.39081849E-05,1.50252663E-05,1.41940973E-05,1.58923340E-05,1.76348385E-05,1.56797832E-05,1.53146375E-05,1.79827421E-05,1.75611785E-05,1.72941163E-05,1.84950295E-05,1.83837292E-05,2.01060884E-05,1.79522558E-05,2.02575320E-05,2.08986567E-05,1.99524311E-05,1.63228215E-05,1.87702717E-05,2.05591587E-05,1.89021393E-05,1.89655657E-05,1.87825153E-05,1.61898879E-05,1.51429158E-05,1.39077692E-05,1.54115532E-05,1.46281754E-05,1.22929505E-05,1.17367481E-05,9.99766689E-06,1.38405276E-05,1.03654556E-05,7.31108867E-06,8.89748753E-06,8.61668377E-06,6.71791213E-06,6.46365152E-06,8.56243878E-06,5.69126996E-06,6.02184446E-06,6.03068338E-06,7.73338434E-06,7.89458227E-06,4.56660064E-06,5.68064434E-06,5.10712971E-06,5.55015640E-06,1.83333987E-06,2.82723522E-06,5.25398900E-06,2.64384812E-06,1.91366166E-06,3.33310777E-06,2.33405308E-06,2.87256285E-06,5.82728171E-06,6.18052172E-06,2.71217664E-06,9.62465833E-07,2.28093268E-06,4.78466200E-06,3.10213636E-06,6.60567594E-06,3.25934252E-06,2.95007976E-06,1.32987213E-06,INT SYNC:059.94[Hz],DOUBLE FRAME,NORMAL,STANDARD DARK,ONE,CIE1931 (2°),1°,100,0.33333333,0.33333333,NONE,1,300300,1287662,OFF,TRUE,2024/03/25,16:52:37,OK00,----,----,----,CS-3000HDR,3001075,1.00.0008
110,3.60062170E+02,3.40518243E+02,1.86871069E+03,3.40518243E+02,0.14014067,0.13253393,0.13005715,0.2767449,----,----,476.2342,84.772439,158.517152,14.124439,-229.842898,2.65629759E+00,473,-1.33E-05,1.25910819E-05,8.76293325E-06,1.20992172E-05,-5.00E-06,1.39029171E-05,8.92719618E-06,1.76299693E-06,8.44135855E-07,1.29530554E-05,6.05113064E-06,5.32432114E-06,1.24756198E-05,1.57929044E-05,5.84715963E-06,1.26079908E-06,1.40011689E-05,2.95400173E-06,1.13812839E-05,7.84817712E-06,2.96521966E-06,-7.91E-06,7.21823938E-07,5.30921125E-06,-5.69E-06,-4.66E-06,-6.16E-06,1.40173952E-07,-2.48E-06,2.65519066E-06,-8.09E-06,-1.13E-05,-1.10E-05,-2.28E-05,-1.27E-05,-7.61E-06,-4.29E-06,-1.12E-05,-1.86E-05,-2.87E-05,-2.23E-05,-2.83E-05,-2.55E-05,-1.85E-05,-2.40E-05,-3.03E-05,-3.01E-05,-1.56E-05,-4.03E-05,-3.36E-05,-3.60E-05,-2.69E-05,-5.23E-05,-5.34E-05,-4.89E-05,-5.22E-05,-4.63E-05,-3.22E-05,4.95416043E-06,9.40275058E-05,2.25227413E-04,4.56533482E-04,8.73666664E-04,1.48357521E-03,2.46262038E-03,3.69670033E-03,5.47297951E-03,7.61575811E-03,1.05979666E-02,1.37271350E-02,1.73265170E-02,2.12727580E-02,2.58109737E-02,2.99982801E-02,3.42756100E-02,3.84243131E-02,4.29011174E-02,4.66684215E-02,4.97046374E-02,5.23254573E-02,5.44871464E-02,5.58101237E-02,5.67624047E-02,5.77265732E-02,5.88138476E-02,5.99559024E-02,6.11582249E-02,6.22687191E-02,6.36170954E-02,6.46810532E-02,6.56795055E-02,6.64373264E-02,6.72227293E-02,6.74912855E-02,6.71123862E-02,6.62193075E-02,6.49279356E-02,6.33125007E-02,6.11653030E-02,5.93365803E-02,5.77343665E-02,5.62995039E-02,5.48116639E-02,5.34102358E-02,5.20278327E-02,5.04232645E-02,4.83572334E-02,4.58909385E-02,4.28932756E-02,3.94866467E-02,3.60518582E-02,3.22515815E-02,2.87387352E-02,2.53158472E-02,2.21184045E-02,1.92164853E-02,1.68260522E-02,1.48108341E-02,1.29126459E-02,1.10932514E-02,9.34479292E-03,7.80081144E-03,6.48353156E-03,5.35490364E-03,4.42710938E-03,3.78810754E-03,3.30894720E-03,2.97221029E-03,2.72330921E-03,2.56548496E-03,2.44584586E-03,2.35993601E-03,2.33168481E-03,2.29300396E-03,2.27628858E-03,2.26283027E-03,2.27730745E-03,2.27230880E-03,2.22713593E-03,2.21979921E-03,2.21713330E-03,2.19084695E-03,2.18215119E-03,2.17242888E-03,2.15396378E-03,2.14343308E-03,2.13870150E-03,2.11703195E-03,2.10571033E-03,2.12862063E-03,2.17229454E-03,2.24775937E-03,2.30550510E-03,2.42173113E-03,2.55778525E-03,2.64479825E-03,2.73040542E-03,2.87391222E-03,3.01259570E-03,3.16822063E-03,3.34171532E-03,3.50592728E-03,3.66818276E-03,3.87982279E-03,4.06268332E-03,4.11839643E-03,4.02852427E-03,3.88208800E-03,3.83372651E-03,3.92535934E-03,4.01353929E-03,4.11707861E-03,4.16686339E-03,4.13735583E-03,4.00837790E-03,3.89556284E-03,3.73808434E-03,3.57970875E-03,3.42961494E-03,3.30131361E-03,3.18632997E-03,3.07423621E-03,3.00526852E-03,2.90611410E-03,2.84900796E-03,2.82991794E-03,2.77901464E-03,2.78525357E-03,2.81058927E-03,2.86727189E-03,2.92108255E-03,3.00741009E-03,3.08926706E-03,3.18492390E-03,3.24872299E-03,3.26529681E-03,3.26333800E-03,3.21703055E-03,3.13155679E-03,3.03850789E-03,2.89147557E-03,2.73060636E-03,2.56121228E-03,2.38453457E-03,2.22133845E-03,2.03775591E-03,1.84517901E-03,1.64571486E-03,1.45627896E-03,1.27550634E-03,1.10357266E-03,9.20064223E-04,7.66508048E-04,6.20597275E-04,5.01091767E-04,3.95943731E-04,3.06560512E-04,2.33085957E-04,1.74787405E-04,1.32818212E-04,1.04580882E-04,8.58976855E-05,6.76739801E-05,6.13431475E-05,5.34401879E-05,4.91799656E-05,4.31466979E-05,3.99449746E-05,4.13170019E-05,4.27655177E-05,4.16478542E-05,4.13820017E-05,3.77981669E-05,3.92716938E-05,3.63439212E-05,4.19036114E-05,4.38404786E-05,4.41247175E-05,3.96661926E-05,3.59574406E-05,3.46102788E-05,3.64868720E-05,3.39816725E-05,3.71204187E-05,3.25683104E-05,2.99042968E-05,3.00246265E-05,2.91118431E-05,3.80873316E-05,2.81428656E-05,2.92493987E-05,3.01243545E-05,2.36341511E-05,2.99970689E-05,2.41463367E-05,3.01724085E-05,2.87343701E-05,2.49199329E-05,2.13229523E-05,2.74517570E-05,2.15804139E-05,2.25095300E-05,2.37242275E-05,2.18269506E-05,2.11871975E-05,2.45544325E-05,2.25321273E-05,2.29202469E-05,2.67994837E-05,2.77215877E-05,2.46705040E-05,2.61602599E-05,2.57171541E-05,2.70703222E-05,2.24436972E-05,2.87985713E-05,2.55751511E-05,2.39579003E-05,2.98961513E-05,3.25223373E-05,2.91486976E-05,2.87728399E-05,3.20416075E-05,3.33052158E-05,2.91500273E-05,3.46285233E-05,2.57035481E-05,2.39563287E-05,2.13549556E-05,2.63396159E-05,1.95889024E-05,1.72731379E-05,1.28398970E-05,1.75630885E-05,1.81682317E-05,1.35627715E-05,1.34930388E-05,1.58236544E-05,1.05743993E-05,1.29058080E-05,9.53468498E-06,1.68871848E-05,1.18546059E-05,4.41271914E-06,4.90232651E-06,7.98532801E-06,9.35632852E-06,1.01020723E-05,8.66692517E-06,1.14147688E-05,7.82074221E-06,5.63334243E-06,1.22764677E-05,1.07540518E-05,1.44503178E-06,6.97057430E-06,8.20820696E-06,1.13687838E-05,1.36514591E-05,6.49835465E-06,4.60412093E-06,7.22577579E-06,1.14010536E-05,1.40870197E-05,1.46466919E-05,1.28941065E-05,5.49332435E-06,1.69503073E-05,-1.15E-06,1.03032226E-05,5.69121028E-07,2.30574233E-06,1.29175987E-05,1.12447069E-05,4.97031124E-06,3.64349739E-06,2.55605482E-05,1.90406590E-05,1.88800968E-05,3.77526021E-06,1.28139236E-05,2.08939400E-05,2.01410476E-05,2.36530377E-05,2.44519342E-05,3.12758821E-05,1.16394403E-05,1.71624069E-05,2.34536656E-05,1.43575680E-05,2.50777484E-05,2.41037633E-05,2.69339489E-05,1.94186287E-05,1.14238128E-05,7.56111785E-06,3.04372606E-05,2.56476415E-05,4.11009969E-05,1.92121188E-05,1.51351314E-05,1.93409451E-05,2.56988642E-05,3.36674238E-05,1.88121721E-05,1.30950812E-05,3.86139363E-05,3.55857956E-05,2.28388512E-06,1.55423877E-05,3.12604534E-05,2.77260951E-05,2.55684481E-05,1.17196259E-05,1.62295637E-05,9.56177610E-06,1.08588274E-05,7.04004560E-06,8.61578246E-06,-1.82E-05,1.99227561E-05,1.44331907E-05,1.52709963E-05,4.30593400E-06,-2.15E-07,2.06953191E-05,3.49531656E-05,4.68491271E-05,-1.97E-05,1.16798010E-05,1.25113020E-05,-8.85E-06,-2.42E-05,4.02402748E-06,3.98705270E-05,1.26884606E-05,1.87262367E-06,7.86966393E-06,-1.47E-06,1.28115553E-05,4.16468756E-05,INT SYNC:059.94[Hz],DOUBLE FRAME,NORMAL,STANDARD DARK,ONE,CIE1931 (2°),1°,100,0.33333333,0.33333333,NONE,1,33367,761864,OFF,TRUE,2024/03/25,16:52:40,OK00,----,----,----,CS-3000HDR,3001075,1.00.0008
111,2.07920565E+02,2.24040239E+02,2.52587785E+02,2.24040239E+02,0.30373383,0.32728172,0.19223925,0.46607216,7027.05615,0.00693178,489.064507,10.4370449,135.786565,-16.0832633,-10.6741524,7.55141282E-01,473,-2.71E-07,3.27455109E-06,2.12551709E-06,-7.91E-07,2.23421375E-06,1.07226845E-06,1.89871855E-06,1.45190938E-06,-9.72E-07,3.26136865E-06,4.32680984E-08,3.15834268E-06,9.62345098E-07,1.33629703E-06,3.92988886E-06,9.52694677E-07,1.64176328E-07,1.20239804E-06,-1.12E-06,1.98132011E-06,-4.40E-07,4.20687257E-07,2.07032144E-06,4.92152537E-07,2.03502009E-06,-2.22E-06,-7.62E-07,-7.82E-07,-1.53E-06,-1.05E-06,1.78607223E-07,-1.85E-06,-9.34E-07,-7.41E-07,-2.07E-06,-3.08E-07,1.87589340E-08,2.24369899E-07,-5.91E-07,-2.50E-06,-1.76E-06,-2.86E-06,-4.18E-07,-4.12E-06,-3.70E-06,-2.56E-06,-3.27E-06,-1.23E-06,-4.11E-06,-4.51E-06,-3.90E-06,-4.24E-06,-5.50E-06,-5.03E-06,-5.41E-06,-6.39E-06,-6.07E-06,-4.63E-06,2.22408858E-06,1.13606966E-05,3.23497479E-05,6.75209376E-05,1.22329860E-04,2.03507137E-04,3.41283099E-04,5.17762266E-04,7.51848100E-04,1.05297053E-03,1.46149693E-03,1.88982836E-03,2.38861190E-03,2.92831496E-03,3.55758611E-03,4.15860536E-03,4.74874396E-03,5.33964299E-03,5.94363874E-03,6.41863840E-03,6.81315875E-03,7.11184647E-03,7.29110138E-03,7.38189509E-03,7.40415370E-03,7.42783444E-03,7.49011105E-03,7.58160651E-03,7.70259788E-03,7.83662125E-03,8.00770707E-03,8.18113796E-03,8.30882601E-03,8.42388719E-03,8.50760005E-03,8.53504147E-03,8.44969135E-03,8.29989463E-03,8.09793081E-03,7.84641225E-03,7.56729534E-03,7.34788692E-03,7.17907911E-03,7.05148047E-03,6.95184991E-03,6.88498095E-03,6.82411250E-03,6.73665293E-03,6.57394901E-03,6.35475619E-03,6.05883123E-03,5.72740566E-03,5.39749023E-03,5.02387946E-03,4.69419314E-03,4.37759887E-03,4.08649491E-03,3.83791723E-03,3.66518623E-03,3.53444507E-03,3.41899693E-03,3.29313334E-03,3.12305894E-03,2.93812994E-03,2.75450991E-03,2.56625121E-03,2.38255295E-03,2.24634749E-03,2.14625080E-03,2.06767954E-03,2.01353221E-03,1.95741816E-03,1.91525067E-03,1.87778263E-03,1.85345428E-03,1.83895300E-03,1.82130071E-03,1.81936228E-03,1.82588177E-03,1.82358001E-03,1.81993144E-03,1.81215652E-03,1.80772599E-03,1.81067246E-03,1.81986135E-03,1.82895409E-03,1.83990586E-03,1.85127568E-03,1.85671495E-03,1.87369226E-03,1.89566275E-03,1.93555804E-03,1.99514767E-03,2.08951649E-03,2.19759322E-03,2.31787912E-03,2.43332889E-03,2.54818820E-03,2.67118867E-03,2.80265766E-03,2.95068417E-03,3.11247562E-03,3.26688518E-03,3.44161410E-03,3.61419353E-03,3.80137563E-03,3.97629105E-03,4.03577881E-03,3.94785358E-03,3.81483533E-03,3.76002444E-03,3.83486925E-03,3.95595701E-03,4.04747948E-03,4.07801755E-03,4.04390413E-03,3.95280309E-03,3.82542214E-03,3.66643257E-03,3.51278554E-03,3.37133836E-03,3.24679259E-03,3.13486927E-03,3.02704331E-03,2.93420465E-03,2.87752366E-03,2.82021239E-03,2.77940719E-03,2.76218308E-03,2.76186876E-03,2.78904289E-03,2.84591969E-03,2.91476375E-03,3.01457802E-03,3.13300523E-03,3.24329454E-03,3.34574841E-03,3.43095488E-03,3.49088805E-03,3.52414814E-03,3.55691323E-03,3.57810501E-03,3.59336147E-03,3.62168462E-03,3.65796802E-03,3.71011510E-03,3.77381733E-03,3.83598148E-03,3.90159735E-03,3.96833336E-03,4.01897868E-03,4.06328496E-03,4.09770105E-03,4.11242526E-03,4.09976393E-03,4.06970782E-03,4.01698146E-03,3.94323608E-03,3.84800346E-03,3.73145542E-03,3.58967413E-03,3.46249505E-03,3.33649875E-03,3.20565654E-03,3.08553874E-03,2.96721654E-03,2.84865615E-03,2.73804134E-03,2.62376340E-03,2.51879217E-03,2.42427946E-03,2.32660095E-03,2.24534748E-03,2.17723078E-03,2.11462262E-03,2.06299359E-03,2.01634690E-03,1.97744230E-03,1.94338337E-03,1.92057306E-03,1.89593819E-03,1.87121343E-03,1.85652089E-03,1.84679043E-03,1.84911513E-03,1.86090928E-03,1.86834519E-03,1.88749272E-03,1.90426328E-03,1.91675278E-03,1.92977244E-03,1.93417387E-03,1.93830836E-03,1.93992117E-03,1.93733431E-03,1.92717579E-03,1.92802714E-03,1.91555568E-03,1.89777778E-03,1.88621611E-03,1.86879595E-03,1.84409914E-03,1.81854295E-03,1.79529202E-03,1.76016882E-03,1.73482066E-03,1.70777924E-03,1.67526747E-03,1.65108137E-03,1.62782450E-03,1.60507765E-03,1.58723223E-03,1.56731217E-03,1.54759549E-03,1.52527587E-03,1.50820683E-03,1.48620247E-03,1.46591698E-03,1.45201595E-03,1.43597974E-03,1.42191513E-03,1.40530348E-03,1.38959568E-03,1.36525254E-03,1.32997124E-03,1.28760037E-03,1.22593483E-03,1.14270137E-03,1.05017785E-03,9.49809328E-04,8.29569413E-04,7.15875824E-04,6.07002294E-04,5.07972494E-04,4.10887704E-04,3.35529592E-04,2.72226171E-04,2.16525819E-04,1.74778965E-04,1.40712335E-04,1.13372509E-04,8.84592300E-05,7.19022210E-05,5.94115954E-05,4.82039286E-05,4.01267207E-05,3.12708216E-05,2.67179748E-05,2.16850422E-05,1.90181054E-05,1.69783016E-05,1.48871704E-05,1.27178391E-05,1.11509016E-05,1.01402911E-05,9.22424897E-06,8.70071563E-06,8.59481861E-06,8.56478891E-06,7.50838171E-06,6.28562748E-06,5.68299765E-06,7.55412248E-06,8.72940927E-06,8.14598752E-06,8.66688606E-06,8.64946378E-06,8.61169883E-06,8.96299571E-06,9.01584463E-06,9.24435972E-06,1.17126756E-05,1.04251349E-05,1.03277462E-05,1.13962760E-05,1.16516076E-05,1.33031026E-05,1.37284542E-05,1.35649743E-05,1.57386166E-05,1.52235307E-05,1.62041197E-05,1.53304063E-05,1.66731752E-05,1.54651516E-05,1.43442703E-05,1.73951230E-05,1.83916145E-05,1.88954400E-05,1.67690032E-05,1.77581733E-05,1.83413304E-05,1.88376835E-05,2.00829872E-05,2.22773015E-05,2.09462723E-05,2.07906814E-05,2.07964822E-05,1.76097765E-05,1.82079038E-05,1.91398212E-05,1.47754299E-05,1.42560457E-05,1.65672827E-05,1.27214735E-05,1.02044460E-05,1.34430920E-05,1.27103222E-05,1.14555669E-05,9.23826155E-06,7.27874431E-06,7.73458305E-06,5.99513669E-06,7.57388943E-06,8.10746405E-06,3.97896747E-06,6.14240162E-06,4.66897700E-06,5.62785135E-06,6.66391361E-06,8.32857313E-06,2.66289840E-06,6.53071720E-06,8.37520020E-06,5.68184851E-06,2.28466752E-06,4.22255471E-06,5.55618408E-06,2.30721616E-06,4.82467749E-06,7.59685963E-06,-4.38E-07,5.94728544E-06,3.90126024E-06,2.11707379E-06,4.66205256E-06,6.66662345E-06,6.57472174E-06,-4.47E-07,5.57029637E-07,2.86569230E-06,1.08348229E-06,3.61009484E-06,INT SYNC:059.94[Hz],DOUBLE FRAME,NORMAL,STANDARD DARK,ONE,CIE1931 (2°),1°,100,0.33333333,0.33333333,NONE,1,233567,1160623,OFF,TRUE,2024/03/25,16:52:44,OK00,----,----,----,CS-3000HDR,3001075,1.00.0008
112,3.53458469E+02,3.30180714E+02,1.86167234E+03,3.30180714E+02,0.13886649,0.12972114,0.1298145,0.2728469,----,----,476.090224,85.5212209,156.732963,17.1008818,-232.251925,2.63347438E+00,472,2.41916659E-05,1.70188941E-05,7.35827780E-06,1.02079330E-05,1.36371291E-05,-1.59E-05,-4.41E-08,1.68466045E-06,7.33818342E-06,1.09043049E-06,-1.37E-05,1.31932911E-05,8.47216234E-06,1.13341921E-05,-1.15E-05,1.59273150E-05,9.24242522E-06,1.29983846E-05,7.56519648E-06,-4.55E-06,7.55234805E-06,5.70520251E-06,1.03485390E-05,-7.91E-06,-3.17E-06,-6.24E-06,-5.63E-06,-1.66E-06,-4.70E-06,-3.09E-06,8.67271410E-06,-4.23E-06,-5.02E-06,-1.37E-05,-8.14E-06,-5.58E-06,-5.94E-06,-1.83E-05,-8.91E-06,-1.29E-05,-1.48E-05,-1.01E-05,-1.23E-05,-2.10E-05,-2.47E-05,-2.88E-05,-3.30E-05,-1.10E-05,-3.07E-05,-2.86E-05,-3.58E-05,-3.00E-05,-4.87E-05,-5.50E-05,-5.45E-05,-4.59E-05,-4.85E-05,-4.13E-05,-3.52E-06,7.66731318E-05,2.05882068E-04,4.37263167E-04,8.54156911E-04,1.39895419E-03,2.37149931E-03,3.58990789E-03,5.31797716E-03,7.46780355E-03,1.03939455E-02,1.34262163E-02,1.69796124E-02,2.08762158E-02,2.54161730E-02,2.96080504E-02,3.38868387E-02,3.79910953E-02,4.24927585E-02,4.61205021E-02,4.94618826E-02,5.20444103E-02,5.42329811E-02,5.56292571E-02,5.66367954E-02,5.76492138E-02,5.86812124E-02,5.98474927E-02,6.10313490E-02,6.22504018E-02,6.35411814E-02,6.47085682E-02,6.57197610E-02,6.66420907E-02,6.74667433E-02,6.74445257E-02,6.71415478E-02,6.63830489E-02,6.49832636E-02,6.32339790E-02,6.12036884E-02,5.93549833E-02,5.78312725E-02,5.62673919E-02,5.48789389E-02,5.34913763E-02,5.20355813E-02,5.04475236E-02,4.83567677E-02,4.59027849E-02,4.29388173E-02,3.95184346E-02,3.59996259E-02,3.22476998E-02,2.87171230E-02,2.52854209E-02,2.20528860E-02,1.91440582E-02,1.67627241E-02,1.46625722E-02,1.27652800E-02,1.09675974E-02,9.19652823E-03,7.66895525E-03,6.34953799E-03,5.22988942E-03,4.30197502E-03,3.67532158E-03,3.17102065E-03,2.83410982E-03,2.60836398E-03,2.44618021E-03,2.32808944E-03,2.24451185E-03,2.18487601E-03,2.17460911E-03,2.13958137E-03,2.14127800E-03,2.14671856E-03,2.11702776E-03,2.09840853E-03,2.08075834E-03,2.05722288E-03,2.06627697E-03,2.04957672E-03,2.01427285E-03,2.02379050E-03,2.00472330E-03,2.00326904E-03,1.98183581E-03,1.98226469E-03,1.98907196E-03,2.03023618E-03,2.08292366E-03,2.17611110E-03,2.28103553E-03,2.35708011E-03,2.44147051E-03,2.56425398E-03,2.68516946E-03,2.81433435E-03,2.97444058E-03,3.12575186E-03,3.26142390E-03,3.42874369E-03,3.60570475E-03,3.79637699E-03,3.81727517E-03,3.74122639E-03,3.62532237E-03,3.56219523E-03,3.62775498E-03,3.74675216E-03,3.83978197E-03,3.86794959E-03,3.82651854E-03,3.71746509E-03,3.61459213E-03,3.44550959E-03,3.33322422E-03,3.19808279E-03,3.08085000E-03,2.95033050E-03,2.86685280E-03,2.77471822E-03,2.70467042E-03,2.65870779E-03,2.63384474E-03,2.57654744E-03,2.59869406E-03,2.60819937E-03,2.65547936E-03,2.71810242E-03,2.79530371E-03,2.85955472E-03,2.94186641E-03,3.00361798E-03,3.03905853E-03,3.04058334E-03,3.00863991E-03,2.93516740E-03,2.82193208E-03,2.69106939E-03,2.56174337E-03,2.37059896E-03,2.23104400E-03,2.06336146E-03,1.89251709E-03,1.70778553E-03,1.53674453E-03,1.35784049E-03,1.18623744E-03,1.02435984E-03,8.67353112E-04,7.17485731E-04,5.81906002E-04,4.59766306E-04,3.64445732E-04,2.88938289E-04,2.22758172E-04,1.68062019E-04,1.33593101E-04,1.01964557E-04,7.74844302E-05,6.31927032E-05,6.07048278E-05,5.08855373E-05,4.75975503E-05,3.86234969E-05,4.21475415E-05,4.04769526E-05,4.36248301E-05,4.14012866E-05,4.17354277E-05,3.62495448E-05,3.71148490E-05,3.27552589E-05,3.62088103E-05,3.72352151E-05,3.59936894E-05,3.34322867E-05,3.25056571E-05,3.62129140E-05,3.83031111E-05,3.44665896E-05,3.55601733E-05,3.52184870E-05,2.97080369E-05,3.64333719E-05,2.93444173E-05,3.32144155E-05,2.81415432E-05,2.84720900E-05,3.12578341E-05,3.03863198E-05,2.65912222E-05,2.48433971E-05,2.47564712E-05,2.82836645E-05,2.39328092E-05,2.33580085E-05,2.32910461E-05,2.42361675E-05,2.36363521E-05,2.35112457E-05,2.64439532E-05,2.37479489E-05,1.96952224E-05,2.09006212E-05,2.31962040E-05,2.59730405E-05,2.26142001E-05,2.07931807E-05,2.62725534E-05,1.99982169E-05,3.04702171E-05,2.69017892E-05,2.71625850E-05,2.78454372E-05,2.66148527E-05,2.36206361E-05,2.70224755E-05,3.10812939E-05,3.69371191E-05,3.38403006E-05,3.12583179E-05,2.72629932E-05,2.71286444E-05,2.99248859E-05,2.76999544E-05,2.81035391E-05,2.12269515E-05,2.42271690E-05,2.61940186E-05,2.22098206E-05,1.64042540E-05,2.40914251E-05,1.16896281E-05,1.23101554E-05,9.45335705E-06,1.34534703E-05,3.74652814E-06,1.42787385E-05,1.43308789E-05,8.88656450E-06,1.38362157E-05,9.90379613E-06,7.57050611E-06,1.25054348E-05,1.94482127E-05,1.50105934E-05,1.72008822E-05,1.90867740E-05,4.42835108E-06,1.39398981E-05,1.63656150E-05,2.40483519E-06,8.53136953E-06,2.04428798E-05,2.12646737E-05,1.62677206E-05,6.53679263E-06,1.75805110E-06,1.94357344E-05,1.21689254E-05,1.64294888E-05,1.51272134E-05,1.46273014E-05,1.71218126E-05,1.38881651E-05,9.02039756E-06,-3.01E-07,3.69682493E-06,1.28908969E-05,5.41911777E-06,1.98745402E-05,2.09895570E-05,1.18510188E-05,1.84902638E-05,1.46430630E-05,1.94855638E-05,2.63323054E-05,2.60409724E-05,1.62874676E-05,2.52530172E-05,2.12838586E-05,1.94646254E-05,9.85541101E-06,8.73003592E-06,3.06516122E-05,2.84459347E-05,1.82662989E-05,3.00252614E-05,2.99433195E-05,3.42230924E-05,2.28290810E-05,2.02239353E-05,2.42939077E-05,2.71149402E-05,3.43253814E-05,2.51729107E-05,3.08351300E-05,2.30434325E-05,3.30351322E-05,2.32923448E-05,1.99188889E-05,2.33176106E-05,-1.33E-05,7.19361196E-06,2.31098638E-05,2.10027829E-05,1.03364182E-05,4.53266466E-06,1.46436141E-05,1.98493799E-05,4.85647070E-06,8.28651628E-06,7.17817602E-06,1.68736224E-05,3.14496428E-05,-1.32E-05,1.32363521E-05,3.07022019E-05,1.71549527E-05,1.26910900E-05,-9.97E-06,2.83163945E-06,2.69897973E-05,2.92601453E-05,1.28743056E-06,1.00204925E-05,4.06564595E-06,8.85468239E-07,1.91204981E-06,-4.23E-06,3.43505708E-05,4.14023707E-05,-9.69E-07,-1.00E-05,2.39575752E-06,1.23998473E-06,-2.50E-05,8.88791476E-07,INT SYNC:059.94[Hz],DOUBLE FRAME,NORMAL,STANDARD DARK,ONE,CIE1931 (2°),1°,100,0.33333333,0.33333333,NONE,1,33367,759325,OFF,TRUE,2024/03/25,16:52:48,OK00,----,----,----,CS-3000HDR,3001075,1.00.0008
113,2.03031604E+02,2.14948232E+02,3.21901455E+02,2.14948232E+02,0.27441105,0.29051719,0.18487,0.44037149,10586.2812,0.00504971,481.636994,23.6570818,133.704877,-12.1520795,-37.1932625,8.05862154E-01,472,1.51080985E-06,7.37245841E-07,1.66555537E-07,4.97025781E-07,5.11878306E-06,-2.02E-06,6.22443324E-08,1.02966885E-06,1.92526045E-06,4.19151820E-06,2.62741833E-06,2.08052870E-06,8.89173123E-07,2.08562398E-07,2.99198041E-06,5.03286401E-07,2.38404277E-06,3.75420450E-06,7.96699453E-07,7.52711230E-07,8.10169297E-07,-5.51E-07,2.02925503E-06,2.65348064E-07,4.21535447E-07,1.19863466E-06,2.14420447E-06,-1.42E-06,-1.67E-06,5.02773389E-07,-1.27E-06,-1.57E-06,2.68661289E-08,-1.26E-06,-7.47E-07,-2.88E-06,-2.31E-06,-3.10E-06,-3.63E-06,-1.55E-06,-3.17E-06,-2.31E-06,-3.43E-07,-1.44E-06,-2.80E-06,-5.24E-06,-4.90E-06,1.47014845E-07,-4.67E-06,-4.08E-06,-6.12E-06,-5.28E-06,-8.04E-06,-8.32E-06,-8.13E-06,-6.29E-06,-8.10E-06,-7.51E-06,2.40383383E-06,1.53292985E-05,3.78544319E-05,8.12321596E-05,1.55617759E-04,2.57871463E-04,4.26046725E-04,6.50259957E-04,9.54521412E-04,1.33401668E-03,1.86104421E-03,2.40432331E-03,3.03684152E-03,3.72415525E-03,4.53522010E-03,5.31359948E-03,6.09622570E-03,6.84302766E-03,7.61323748E-03,8.24683160E-03,8.77154432E-03,9.18115769E-03,9.44537949E-03,9.55104455E-03,9.61131230E-03,9.65906866E-03,9.74750798E-03,9.86443739E-03,1.00030517E-02,1.01958951E-02,1.03998454E-02,1.06038218E-02,1.07862735E-02,1.09155271E-02,1.10339904E-02,1.10287042E-02,1.09387645E-02,1.07538700E-02,1.04781408E-02,1.01561230E-02,9.78986360E-03,9.50723886E-03,9.27145220E-03,9.08331480E-03,8.91809072E-03,8.79769772E-03,8.69647693E-03,8.53254739E-03,8.28921795E-03,7.95568898E-03,7.54247187E-03,7.07181031E-03,6.59298291E-03,6.06407318E-03,5.59192523E-03,5.14358655E-03,4.72413190E-03,4.36236756E-03,4.08800738E-03,3.87856830E-03,3.68843437E-03,3.47916223E-03,3.24752275E-03,3.00365128E-03,2.77283136E-03,2.53668474E-03,2.33414769E-03,2.18347833E-03,2.05504266E-03,1.96112995E-03,1.89936731E-03,1.84476760E-03,1.79970032E-03,1.76547712E-03,1.74252130E-03,1.71000231E-03,1.70126732E-03,1.69985439E-03,1.70564011E-03,1.70758006E-03,1.70123635E-03,1.70404278E-03,1.70258351E-03,1.69960398E-03,1.69272511E-03,1.70245895E-03,1.71765022E-03,1.72112626E-03,1.73329609E-03,1.73895410E-03,1.76130224E-03,1.79593998E-03,1.85848051E-03,1.93847180E-03,2.04632385E-03,2.15823250E-03,2.26568244E-03,2.37248885E-03,2.48386362E-03,2.61508161E-03,2.74925446E-03,2.89514870E-03,3.04990122E-03,3.19296867E-03,3.34601570E-03,3.53378966E-03,3.70555650E-03,3.74192302E-03,3.66648892E-03,3.53898504E-03,3.49228410E-03,3.57074640E-03,3.68246529E-03,3.75997811E-03,3.79751949E-03,3.75484186E-03,3.66524071E-03,3.54138273E-03,3.39584867E-03,3.26032774E-03,3.12573533E-03,3.00130853E-03,2.89677014E-03,2.80990638E-03,2.72343843E-03,2.66198348E-03,2.60803476E-03,2.58397637E-03,2.55751796E-03,2.55806418E-03,2.58197216E-03,2.62866123E-03,2.70358892E-03,2.79610557E-03,2.89352471E-03,2.99734809E-03,3.09612043E-03,3.17073031E-03,3.23184696E-03,3.26701533E-03,3.29408003E-03,3.30269407E-03,3.31647927E-03,3.32838017E-03,3.37209436E-03,3.40640056E-03,3.45012546E-03,3.50926793E-03,3.56059708E-03,3.60976951E-03,3.66227585E-03,3.68858082E-03,3.71449231E-03,3.71924788E-03,3.69432080E-03,3.66808893E-03,3.61687504E-03,3.54036083E-03,3.45542771E-03,3.34389322E-03,3.22015467E-03,3.10072512E-03,2.98127998E-03,2.86814873E-03,2.75840051E-03,2.64678034E-03,2.53792806E-03,2.43991916E-03,2.34113564E-03,2.24435842E-03,2.16012308E-03,2.06718827E-03,2.00555311E-03,1.94204622E-03,1.88448327E-03,1.84112496E-03,1.80144724E-03,1.76267582E-03,1.73665467E-03,1.70873059E-03,1.67867262E-03,1.66916242E-03,1.65552588E-03,1.65335066E-03,1.64720987E-03,1.65505242E-03,1.67099677E-03,1.68554927E-03,1.69486180E-03,1.70801557E-03,1.71959272E-03,1.73091213E-03,1.72956020E-03,1.72198680E-03,1.72136875E-03,1.72155059E-03,1.71542203E-03,1.70503545E-03,1.69241114E-03,1.68192189E-03,1.66628172E-03,1.63976988E-03,1.62146601E-03,1.59723265E-03,1.57011009E-03,1.54530327E-03,1.51714624E-03,1.49525958E-03,1.47536793E-03,1.45570282E-03,1.43228238E-03,1.41326827E-03,1.39700435E-03,1.38093438E-03,1.36524893E-03,1.34909584E-03,1.33217708E-03,1.31768500E-03,1.30081910E-03,1.28589547E-03,1.27482996E-03,1.26755971E-03,1.24999811E-03,1.22214796E-03,1.19710155E-03,1.15365337E-03,1.10136718E-03,1.02705613E-03,9.45849286E-04,8.49126256E-04,7.44831865E-04,6.47272624E-04,5.44985000E-04,4.53127723E-04,3.68127890E-04,3.02074332E-04,2.43929666E-04,1.96412424E-04,1.57446237E-04,1.24624028E-04,1.00370380E-04,8.05656819E-05,6.39663122E-05,5.27910488E-05,4.38356474E-05,3.53067517E-05,2.87937892E-05,2.38512694E-05,2.16661720E-05,1.72320742E-05,1.57742797E-05,1.35049304E-05,1.19839078E-05,1.04552910E-05,9.54375810E-06,8.61298304E-06,8.21095546E-06,7.24266602E-06,7.77288733E-06,7.81506424E-06,6.77663274E-06,8.13236875E-06,6.81521215E-06,8.76924514E-06,8.31066973E-06,9.29859925E-06,9.30665010E-06,9.03844557E-06,9.79999459E-06,8.26737960E-06,8.28017892E-06,1.15788907E-05,1.24032840E-05,1.06304706E-05,1.16249385E-05,1.05183717E-05,1.32842633E-05,1.36762446E-05,1.36731323E-05,1.61778989E-05,1.69758023E-05,1.77330785E-05,1.44820624E-05,1.59358660E-05,1.64657231E-05,1.49599118E-05,1.84799192E-05,1.88041613E-05,2.19369922E-05,1.93117394E-05,1.56977458E-05,1.92490152E-05,2.12415925E-05,2.06247641E-05,2.10906928E-05,2.32618549E-05,1.98700618E-05,1.91633935E-05,1.66823884E-05,1.46055108E-05,1.81783598E-05,1.88565537E-05,2.03615418E-05,1.68945735E-05,1.19917377E-05,1.50669757E-05,1.27693620E-05,1.04125693E-05,9.99449912E-06,1.10117144E-05,8.56511997E-06,1.04005157E-05,8.11678092E-06,9.28075406E-06,9.07249978E-06,5.06085189E-06,2.76421270E-06,8.74007219E-06,1.10922374E-05,3.94174640E-06,4.21716595E-06,7.32934268E-06,3.87432056E-06,4.55657664E-06,4.81077905E-06,2.61334253E-06,1.78268851E-06,2.97438646E-06,2.98483747E-06,5.78680510E-06,8.43803889E-07,6.33733362E-06,6.04655997E-06,3.41253531E-06,2.77884692E-06,4.61864374E-06,2.85674741E-06,-2.47E-06,3.19851688E-06,2.34858908E-06,4.56305361E-06,5.82230768E-06,-1.76E-06,INT SYNC:059.94[Hz],DOUBLE FRAME,NORMAL,STANDARD DARK,ONE,CIE1931 (2°),1°,100,0.33333333,0.33333333,NONE,1,200200,1095343,OFF,TRUE,2024/03/25,16:52:51,OK00,----,----,----,CS-3000HDR,3001075,1.00.0008
114,3.48730454E+02,3.23431630E+02,1.85315449E+03,3.23431630E+02,0.13809376,0.12807568,0.12964357,0.27053665,----,----,476.010119,85.9676297,155.547932,18.7975129,-233.485427,2.61436799E+00,473,1.87169917E-05,7.45649140E-06,-2.82E-06,-7.88E-06,1.63102304E-05,-9.51E-06,-2.06E-06,7.40805854E-06,1.15296989E-05,2.23068218E-06,5.81359973E-06,1.79808103E-05,8.74497891E-06,-5.37E-06,5.27279281E-06,1.65254471E-06,1.83767152E-05,1.62362321E-05,7.82028837E-06,3.88071840E-06,4.42713326E-06,6.05151399E-06,1.52154189E-05,1.92294715E-06,-3.90E-08,-5.69E-06,-5.35E-06,7.30879037E-06,8.62984507E-07,-8.47E-06,-6.93E-06,-6.31E-06,-1.26E-05,-1.17E-05,-3.95E-06,-1.97E-05,-2.31E-05,-1.58E-05,-2.32E-05,-2.41E-05,-3.07E-05,-2.32E-05,-5.87E-06,-1.51E-05,-2.26E-05,-1.94E-05,-7.95E-06,-2.26E-05,-2.92E-05,-3.46E-05,-3.29E-05,-3.91E-05,-3.47E-05,-4.56E-05,-4.99E-05,-4.87E-05,-5.05E-05,-5.21E-05,-1.06E-05,5.69287695E-05,1.83585638E-04,4.22310492E-04,7.97364744E-04,1.34186051E-03,2.30794330E-03,3.48663307E-03,5.15795359E-03,7.26519013E-03,1.01851346E-02,1.31878182E-02,1.66529119E-02,2.04667635E-02,2.50478834E-02,2.93171648E-02,3.35778370E-02,3.76213491E-02,4.21068929E-02,4.58583124E-02,4.91444282E-02,5.16772754E-02,5.38981222E-02,5.52919991E-02,5.63605279E-02,5.74789084E-02,5.85307069E-02,5.97476289E-02,6.08954020E-02,6.21201508E-02,6.34577572E-02,6.47369400E-02,6.56872988E-02,6.65826425E-02,6.72315806E-02,6.74678162E-02,6.72404692E-02,6.62777871E-02,6.48813993E-02,6.31638691E-02,6.11826479E-02,5.93799911E-02,5.76880202E-02,5.62584512E-02,5.46552502E-02,5.34575619E-02,5.20552620E-02,5.04533052E-02,4.82510962E-02,4.58578244E-02,4.28341292E-02,3.94201167E-02,3.59925032E-02,3.21506634E-02,2.85928063E-02,2.51929034E-02,2.19814572E-02,1.90200359E-02,1.66161265E-02,1.46175316E-02,1.26881525E-02,1.08570587E-02,9.05443914E-03,7.54814642E-03,6.25091698E-03,5.10543212E-03,4.19483194E-03,3.56922601E-03,3.07909772E-03,2.75986549E-03,2.53590732E-03,2.35395296E-03,2.26415112E-03,2.17279885E-03,2.10664817E-03,2.07722536E-03,2.06283317E-03,2.04672990E-03,2.04485911E-03,2.03921273E-03,2.03395775E-03,2.00815499E-03,1.99153670E-03,1.97679643E-03,1.95891969E-03,1.94282155E-03,1.94433995E-03,1.92358682E-03,1.92371721E-03,1.88904093E-03,1.89233746E-03,1.90906168E-03,1.94809085E-03,1.98770338E-03,2.07541767E-03,2.15540221E-03,2.25615688E-03,2.35031731E-03,2.44023674E-03,2.55462714E-03,2.68302229E-03,2.82028574E-03,2.96617439E-03,3.13356495E-03,3.28525854E-03,3.44768399E-03,3.61634674E-03,3.65526695E-03,3.57030751E-03,3.46763339E-03,3.40290274E-03,3.48213548E-03,3.57498950E-03,3.68394912E-03,3.68062337E-03,3.66930594E-03,3.56815243E-03,3.43722524E-03,3.30239395E-03,3.15481750E-03,3.04508815E-03,2.92231352E-03,2.80686188E-03,2.70970841E-03,2.62340042E-03,2.57016323E-03,2.53537786E-03,2.49888864E-03,2.47073290E-03,2.46571330E-03,2.49246159E-03,2.53365003E-03,2.59241089E-03,2.66549364E-03,2.72834813E-03,2.80431891E-03,2.86452216E-03,2.90135900E-03,2.89019337E-03,2.83632171E-03,2.77706864E-03,2.68340763E-03,2.57557747E-03,2.42680963E-03,2.27604341E-03,2.13095010E-03,1.97263760E-03,1.81314151E-03,1.65654731E-03,1.47092331E-03,1.30176439E-03,1.12831779E-03,9.76322859E-04,8.23263137E-04,6.86029147E-04,5.64744172E-04,4.48793842E-04,3.51754221E-04,2.81280605E-04,2.15013148E-04,1.54748079E-04,1.26872445E-04,9.95743831E-05,7.45475118E-05,6.37449994E-05,5.82108405E-05,4.92835570E-05,5.02095863E-05,4.36856863E-05,3.84367013E-05,4.10641806E-05,4.19740354E-05,3.48845824E-05,3.54091935E-05,3.53818359E-05,4.01046091E-05,3.60273407E-05,3.76503485E-05,3.68274741E-05,3.69955123E-05,3.66956920E-05,3.39380822E-05,3.67469875E-05,3.07428527E-05,3.82970684E-05,3.51190502E-05,3.16530204E-05,3.38456302E-05,2.91197757E-05,3.70939961E-05,3.44808068E-05,3.21862535E-05,2.71059562E-05,2.77386189E-05,2.74028371E-05,2.36593769E-05,2.54759652E-05,2.42166407E-05,2.61482110E-05,2.85166770E-05,2.37106997E-05,2.38627308E-05,2.20218299E-05,2.89877880E-05,2.51385172E-05,2.38222347E-05,1.99339102E-05,2.57586235E-05,2.45663086E-05,2.16345616E-05,2.96547769E-05,2.71799527E-05,2.48135802E-05,2.64613591E-05,2.88173997E-05,3.26072513E-05,2.83879435E-05,2.56364165E-05,2.38738321E-05,2.84832895E-05,2.21539922E-05,3.14471799E-05,3.34929646E-05,3.58482794E-05,3.20747931E-05,2.72243287E-05,3.33585340E-05,2.93916582E-05,2.56423882E-05,2.21570681E-05,3.09912466E-05,2.02217907E-05,1.95235571E-05,2.02545561E-05,2.42626465E-05,1.71514421E-05,1.66814225E-05,1.37934103E-05,1.27548556E-05,1.13790193E-05,1.60454438E-05,1.17837008E-05,1.43129791E-05,1.90482715E-05,1.57197337E-05,1.09847733E-05,1.47975015E-05,1.04545261E-05,1.64519879E-05,1.82314000E-06,4.29873035E-06,1.14121985E-05,1.16634728E-05,5.48629123E-06,4.31447461E-06,1.92371062E-05,1.03043567E-05,9.63506500E-06,1.56788046E-05,1.10892770E-05,3.86923830E-06,9.41277176E-06,3.33016442E-06,1.32561217E-05,1.42801664E-05,1.67827748E-05,2.95876112E-06,1.90569554E-05,2.06411387E-05,1.68358856E-05,2.12564555E-06,1.07293936E-05,6.10261031E-06,8.72361852E-06,1.16600777E-05,1.80718289E-05,1.52454240E-05,1.70220355E-05,1.28660377E-05,2.33781848E-05,1.17413520E-05,2.74011491E-05,1.77087841E-05,5.72020735E-06,1.17431528E-05,8.05482978E-06,8.04781575E-06,1.28619640E-05,1.96682668E-05,1.13116666E-05,3.32218369E-05,3.02112094E-05,2.57951870E-05,2.24924170E-05,2.89270392E-05,2.38194534E-05,3.86205429E-05,3.19462233E-05,2.22914332E-05,1.40256334E-05,2.45689680E-05,1.70212024E-05,2.79366850E-05,3.62561041E-05,2.18162422E-05,2.29790148E-05,1.91554318E-05,7.87583213E-06,1.50980650E-05,4.78226466E-05,1.04240917E-05,1.69727946E-06,8.90172760E-06,1.91544423E-05,1.07565129E-05,9.53803101E-06,2.00908726E-05,1.58405182E-05,5.60232547E-06,2.89990530E-05,2.28445992E-06,3.39420985E-05,-9.86E-06,1.54231057E-05,2.82465298E-05,2.72804064E-05,1.02751210E-05,2.82300771E-05,-1.46E-06,1.68207189E-05,3.40014158E-05,2.02824649E-05,-8.26E-06,5.38635049E-06,2.15057207E-05,1.97039917E-05,-8.82E-06,1.08557833E-05,-1.19E-05,-1.07E-05,4.19059797E-05,3.80445272E-05,-2.53E-05,INT SYNC:059.94[Hz],DOUBLE FRAME,NORMAL,STANDARD DARK,ONE,CIE1931 (2°),1°,100,0.33333333,0.33333333,NONE,1,33367,765032,OFF,TRUE,2024/03/25,16:52:55,OK00,----,----,----,CS-3000HDR,3001075,1.00.0008
115,2.01048327E+02,2.09164011E+02,4.01907672E+02,2.09164011E+02,0.24755987,0.25755308,0.17697014,0.41425621,24578.0948,0.00628934,479.07542,35.988564,132.349804,-8.37952808,-62.208593,8.74516742E-01,473,2.42486323E-07,2.23283928E-06,-9.20E-07,1.74269144E-06,3.99510827E-06,-6.00E-07,5.38103768E-06,-3.62E-07,3.50765345E-06,3.04897299E-06,-3.10E-06,3.90493142E-06,2.73809269E-06,1.72549733E-06,2.11509587E-06,-1.34E-06,2.68094141E-06,9.62043828E-07,3.48916865E-06,5.49376773E-06,3.09048505E-06,6.89548074E-07,6.53442314E-08,-1.69E-06,5.18074955E-07,-4.11E-07,-6.91E-08,8.76762726E-07,2.62128850E-07,-1.01E-06,1.12258249E-06,-2.19E-06,-1.44E-06,2.03287732E-06,-3.80E-06,-1.91E-06,-2.46E-06,-2.61E-06,-1.90E-06,-2.13E-06,-1.52E-06,-2.39E-06,-1.04E-06,-4.23E-06,-4.83E-06,-4.56E-06,-2.83E-06,-3.69E-06,-5.15E-06,-4.69E-06,-6.34E-06,-7.06E-06,-7.62E-06,-1.01E-05,-1.40E-05,-1.18E-05,-8.40E-06,-9.20E-06,-1.72E-06,1.93783326E-05,4.80585877E-05,1.01761027E-04,1.84376186E-04,3.11915122E-04,5.29593672E-04,7.93981715E-04,1.17170147E-03,1.64144824E-03,2.29615695E-03,2.96856021E-03,3.76036321E-03,4.61645378E-03,5.64606348E-03,6.61896588E-03,7.58491876E-03,8.52733292E-03,9.53145698E-03,1.03483293E-02,1.10349189E-02,1.15325358E-02,1.19060334E-02,1.20488089E-02,1.21551827E-02,1.22291865E-02,1.23398509E-02,1.24896290E-02,1.26541564E-02,1.28986761E-02,1.31776333E-02,1.34274131E-02,1.36205731E-02,1.37800407E-02,1.39269987E-02,1.39375748E-02,1.38645237E-02,1.36166923E-02,1.32575016E-02,1.28545659E-02,1.23793697E-02,1.20225241E-02,1.17161153E-02,1.14536155E-02,1.12209981E-02,1.10576814E-02,1.08917253E-02,1.06403865E-02,1.03102326E-02,9.82867554E-03,9.27275699E-03,8.64057895E-03,8.01782589E-03,7.30450638E-03,6.68267766E-03,6.07333612E-03,5.50348265E-03,5.00039896E-03,4.61508706E-03,4.31822613E-03,4.03510826E-03,3.74094024E-03,3.42406402E-03,3.12919868E-03,2.83195218E-03,2.56384281E-03,2.31130701E-03,2.13911291E-03,1.99386617E-03,1.88558071E-03,1.82106032E-03,1.76051247E-03,1.71801820E-03,1.68003142E-03,1.64524675E-03,1.61954307E-03,1.61764165E-03,1.62022212E-03,1.61658763E-03,1.61558308E-03,1.60788291E-03,1.60391047E-03,1.59645954E-03,1.59540877E-03,1.59890403E-03,1.61000318E-03,1.61769334E-03,1.62649958E-03,1.63486123E-03,1.64198573E-03,1.66179391E-03,1.69711350E-03,1.74700248E-03,1.82265113E-03,1.92689511E-03,2.02652998E-03,2.13102275E-03,2.23794812E-03,2.33738963E-03,2.45854910E-03,2.58310232E-03,2.72250734E-03,2.86237802E-03,3.00906855E-03,3.15162004E-03,3.32184765E-03,3.48290545E-03,3.52042192E-03,3.43514769E-03,3.32290051E-03,3.28250974E-03,3.34570603E-03,3.44819436E-03,3.52950371E-03,3.56954243E-03,3.52438283E-03,3.44042410E-03,3.32191424E-03,3.19105806E-03,3.04812659E-03,2.92782811E-03,2.81626428E-03,2.72549107E-03,2.62775691E-03,2.55382294E-03,2.48778355E-03,2.44093896E-03,2.41743890E-03,2.39197747E-03,2.39604944E-03,2.41157971E-03,2.46515428E-03,2.52543786E-03,2.61052256E-03,2.70924368E-03,2.80181505E-03,2.89890845E-03,2.96967058E-03,3.00922128E-03,3.04617942E-03,3.05856811E-03,3.06344405E-03,3.07318382E-03,3.08463536E-03,3.10764671E-03,3.13142827E-03,3.16974637E-03,3.21185705E-03,3.24492063E-03,3.28409811E-03,3.30997584E-03,3.34073394E-03,3.34747345E-03,3.34566948E-03,3.31522967E-03,3.29096965E-03,3.22922785E-03,3.16359941E-03,3.07444064E-03,2.96963006E-03,2.85805762E-03,2.74488912E-03,2.64039030E-03,2.53252243E-03,2.43286043E-03,2.34367140E-03,2.24486785E-03,2.15066061E-03,2.06686999E-03,1.98074523E-03,1.90716505E-03,1.82692043E-03,1.77064270E-03,1.71493250E-03,1.66407647E-03,1.62038300E-03,1.58699031E-03,1.55591709E-03,1.52938021E-03,1.50137616E-03,1.47899240E-03,1.46342849E-03,1.44992536E-03,1.45164959E-03,1.45327649E-03,1.46165770E-03,1.47571275E-03,1.48667500E-03,1.49501790E-03,1.50388503E-03,1.51275063E-03,1.51112373E-03,1.52168015E-03,1.52469426E-03,1.51893555E-03,1.51411560E-03,1.50983012E-03,1.50142715E-03,1.49324920E-03,1.48183084E-03,1.47105579E-03,1.44790497E-03,1.42828794E-03,1.40288461E-03,1.38345093E-03,1.36264798E-03,1.33838388E-03,1.32080086E-03,1.29463943E-03,1.28211500E-03,1.27078849E-03,1.24836934E-03,1.23406248E-03,1.22262689E-03,1.20540976E-03,1.19083049E-03,1.18587038E-03,1.17219542E-03,1.15909823E-03,1.14465132E-03,1.13205274E-03,1.12304429E-03,1.11586566E-03,1.09196047E-03,1.06370577E-03,1.03031704E-03,9.82255791E-04,9.13535070E-04,8.39687185E-04,7.57807516E-04,6.65905478E-04,5.74881211E-04,4.86950128E-04,4.10969631E-04,3.28066846E-04,2.68715463E-04,2.15814536E-04,1.76159738E-04,1.38777250E-04,1.13971299E-04,9.32355761E-05,7.11963803E-05,5.88169169E-05,4.75289453E-05,3.91818612E-05,3.14171011E-05,2.56468156E-05,2.20429883E-05,2.02131596E-05,1.55190592E-05,1.35934151E-05,1.17328036E-05,1.09086968E-05,1.01158594E-05,9.67688629E-06,9.45404281E-06,9.18766000E-06,7.00738428E-06,6.16490252E-06,6.91450487E-06,6.51204573E-06,7.29125213E-06,7.91349521E-06,7.91420280E-06,8.70608528E-06,8.79969048E-06,9.26211578E-06,8.75558999E-06,6.67323729E-06,1.15744542E-05,9.12144969E-06,1.28084293E-05,1.04965084E-05,1.13559663E-05,1.01662190E-05,1.18867829E-05,1.32882315E-05,1.38245377E-05,1.60852833E-05,1.54756890E-05,1.60530853E-05,1.50084379E-05,1.61707067E-05,1.41269384E-05,1.49399293E-05,1.70101903E-05,1.46364955E-05,1.78376577E-05,1.66576810E-05,1.98578473E-05,2.15920572E-05,2.32793518E-05,1.98231319E-05,1.80884654E-05,2.24974574E-05,1.92471434E-05,1.76554477E-05,2.04821936E-05,2.09238387E-05,1.94684962E-05,2.32025232E-05,1.59208594E-05,1.53201781E-05,1.74537672E-05,1.79464987E-05,1.45889408E-05,1.13828410E-05,1.43532889E-05,9.20725870E-06,1.12486259E-05,1.23091395E-05,4.00731915E-06,3.79723588E-06,5.18975367E-06,6.84032193E-06,5.02957300E-06,5.55396309E-06,3.27436783E-06,1.01800515E-05,4.83998383E-06,1.06496973E-05,6.91127616E-06,9.49383593E-06,4.64698633E-06,5.31659543E-06,5.46492538E-06,4.38679217E-06,6.28331463E-06,2.52645236E-06,9.45920419E-06,7.13087638E-06,-5.51E-06,6.53098141E-06,5.37586766E-06,-2.63E-06,5.57724024E-06,4.05067385E-06,2.85472993E-06,8.39896529E-06,1.65403333E-06,-3.87E-08,7.51872039E-06,-2.61E-06,INT SYNC:059.94[Hz],DOUBLE FRAME,NORMAL,STANDARD DARK,ONE,CIE1931 (2°),1°,100,0.33333333,0.33333333,NONE,1,133467,963624,OFF,TRUE,2024/03/25,16:52:58,OK00,----,----,----,CS-3000HDR,3001075,1.00.0008
116,3.40997846E+02,3.13252235E+02,1.83168446E+03,3.13252235E+02,0.13717089,0.12600985,0.1294744,0.26761408,----,----,475.896535,86.5177895,153.728998,20.9915866,-234.56964,2.57463410E+00,473,9.48187608E-06,-1.53E-05,6.52227482E-06,-1.53E-05,1.29570963E-05,1.26850091E-05,3.75600621E-06,-2.56E-06,-2.79E-06,-1.50E-06,8.91560921E-06,6.16837178E-06,-1.48E-05,6.82229893E-06,5.24201323E-06,-1.98E-06,1.81459473E-05,1.39446220E-05,4.23732854E-06,-2.99E-06,2.55967689E-06,4.84174689E-06,-6.55E-07,-9.55E-06,-2.11E-06,1.00836894E-06,-3.79E-06,8.55853344E-08,-2.68E-06,-5.18E-06,-9.13E-06,-4.86E-06,-6.97E-06,-9.53E-06,-1.35E-05,-1.59E-05,-1.19E-05,-1.63E-05,-1.88E-05,-1.94E-05,-1.02E-05,-1.55E-05,-9.15E-06,-1.20E-05,-1.50E-05,-2.93E-05,-1.63E-05,-2.26E-05,-3.00E-05,-2.57E-05,-2.31E-05,-4.05E-05,-3.40E-05,-5.98E-05,-4.51E-05,-4.92E-05,-4.36E-05,-3.05E-05,-1.82E-06,6.91418536E-05,1.85604556E-04,4.02252830E-04,7.65293778E-04,1.31362036E-03,2.20484193E-03,3.39533202E-03,4.99695167E-03,7.07688881E-03,9.85802896E-03,1.28495833E-02,1.63035095E-02,2.01229155E-02,2.44735070E-02,2.86978092E-02,3.29369679E-02,3.69960889E-02,4.14867625E-02,4.52019051E-02,4.84145172E-02,5.11673503E-02,5.32657467E-02,5.47020845E-02,5.57598397E-02,5.67960553E-02,5.79355471E-02,5.91863208E-02,6.03103302E-02,6.15344010E-02,6.29440248E-02,6.40343055E-02,6.50358051E-02,6.59429282E-02,6.66391179E-02,6.68482035E-02,6.66835383E-02,6.58283979E-02,6.43412992E-02,6.26395121E-02,6.05945699E-02,5.89375272E-02,5.73276915E-02,5.58901168E-02,5.42486273E-02,5.30240424E-02,5.16296588E-02,5.00009619E-02,4.78790887E-02,4.55000587E-02,4.24718820E-02,3.91059630E-02,3.57142352E-02,3.18460986E-02,2.83194184E-02,2.48834882E-02,2.16899626E-02,1.87720358E-02,1.63837802E-02,1.44035378E-02,1.24726091E-02,1.06622856E-02,8.86719022E-03,7.34483916E-03,6.06837356E-03,4.97763976E-03,4.06506145E-03,3.43780546E-03,2.95602786E-03,2.62205163E-03,2.38505239E-03,2.22961791E-03,2.12369231E-03,2.04401929E-03,1.98855065E-03,1.99141563E-03,1.94667676E-03,1.92491303E-03,1.92650617E-03,1.91978598E-03,1.90644898E-03,1.90718507E-03,1.88534462E-03,1.86662457E-03,1.85938214E-03,1.84300437E-03,1.83807826E-03,1.80296821E-03,1.78625900E-03,1.79734884E-03,1.76975550E-03,1.77501573E-03,1.81519648E-03,1.86432747E-03,1.94179232E-03,2.03717151E-03,2.12380802E-03,2.19733967E-03,2.29226216E-03,2.40764883E-03,2.52095959E-03,2.64865812E-03,2.79095676E-03,2.90175807E-03,3.05354642E-03,3.22429882E-03,3.38842743E-03,3.43372975E-03,3.35175195E-03,3.25541967E-03,3.19546019E-03,3.25966510E-03,3.35526909E-03,3.42524750E-03,3.46133718E-03,3.43482150E-03,3.35217710E-03,3.22677754E-03,3.10886116E-03,2.96297460E-03,2.83208187E-03,2.74082855E-03,2.62780790E-03,2.53649894E-03,2.47281347E-03,2.40178290E-03,2.37143692E-03,2.32982705E-03,2.31080991E-03,2.29388475E-03,2.32711993E-03,2.35938095E-03,2.41707684E-03,2.48084567E-03,2.54731928E-03,2.61285855E-03,2.68015661E-03,2.68632313E-03,2.70218845E-03,2.66004866E-03,2.61202781E-03,2.51080492E-03,2.41095945E-03,2.28764000E-03,2.13712570E-03,1.99205219E-03,1.83452712E-03,1.69282558E-03,1.52965018E-03,1.38621591E-03,1.21794094E-03,1.07081945E-03,9.13868251E-04,7.73547101E-04,6.46002300E-04,5.31895552E-04,4.32536355E-04,3.35693621E-04,2.59885448E-04,2.06100973E-04,1.54126770E-04,1.18372882E-04,9.28867230E-05,7.44732461E-05,5.91410535E-05,5.30310572E-05,5.07105615E-05,4.18123309E-05,4.39870164E-05,4.27169362E-05,3.73065268E-05,3.74975571E-05,3.83307997E-05,3.64249136E-05,3.84825580E-05,3.38671562E-05,3.73315670E-05,3.49938236E-05,3.46162196E-05,3.66585409E-05,3.84158084E-05,3.22730339E-05,3.53491523E-05,3.17724152E-05,3.22021588E-05,3.55713091E-05,3.55151788E-05,3.03880952E-05,2.94703877E-05,3.14058016E-05,3.22906890E-05,3.26321533E-05,2.92034947E-05,2.96951475E-05,2.93193407E-05,2.90526186E-05,2.26677766E-05,2.33779483E-05,1.96613746E-05,2.72133620E-05,2.42940114E-05,2.84190191E-05,2.66064053E-05,2.73150781E-05,2.12509585E-05,2.14029242E-05,1.85001845E-05,2.42763599E-05,2.52165919E-05,2.41180769E-05,2.41970101E-05,2.71572790E-05,2.88127994E-05,2.32778366E-05,3.30981238E-05,3.08342860E-05,2.77934269E-05,2.14307765E-05,2.68217536E-05,2.52832815E-05,2.86914310E-05,2.36204341E-05,2.92684927E-05,2.86698159E-05,2.77768395E-05,2.95140562E-05,2.78253847E-05,2.62112844E-05,2.60805773E-05,2.79412616E-05,2.59082572E-05,1.93494434E-05,1.48914551E-05,1.58093335E-05,2.52585232E-05,1.18067037E-05,1.34022393E-05,1.74072466E-05,1.02572239E-05,4.23661231E-06,2.06221921E-05,1.01547748E-05,1.18627349E-05,1.76422363E-05,9.18200203E-06,1.08915146E-05,2.54845463E-06,1.44716569E-05,1.45955082E-05,1.00434827E-05,1.06976831E-05,7.29382373E-06,9.44772182E-06,7.22665254E-06,1.23903746E-05,1.98406869E-05,3.88786839E-06,3.62677611E-06,1.43647467E-05,1.48864119E-05,1.11206818E-05,3.17346712E-06,1.04567398E-05,8.23665960E-06,1.01121786E-05,1.41852051E-05,1.32597106E-05,1.73726639E-05,1.88570157E-05,1.10040546E-05,1.91025010E-05,1.84388773E-05,1.23367909E-05,1.18886974E-05,-1.37E-06,9.94375296E-06,1.36995541E-05,1.15919356E-05,8.18453009E-06,2.70285000E-05,1.59642477E-05,1.03980719E-05,1.02272179E-05,6.00364865E-06,7.89594924E-06,2.76658393E-05,3.52172028E-05,2.41542475E-05,2.07917092E-05,3.70903535E-06,3.40055667E-05,2.91912766E-05,2.45269912E-05,3.09249517E-05,2.52249847E-05,3.35426303E-05,3.06635666E-05,2.16981916E-05,1.23387726E-05,2.02236988E-05,2.21333103E-05,1.90903847E-05,2.94244946E-05,3.35173718E-05,2.39553647E-05,1.59791471E-05,2.24862051E-05,1.57252052E-05,3.47301420E-06,4.18560412E-05,7.48016555E-06,-6.56E-07,1.17080726E-05,2.31266695E-05,2.27434030E-05,5.42278985E-06,1.13013557E-05,1.61373409E-05,2.81510002E-05,1.89914244E-05,-1.16E-05,-1.61E-06,1.86848119E-05,1.47342389E-05,5.73566331E-06,7.60540661E-06,1.43204661E-05,2.57594656E-05,1.29507816E-05,-7.82E-06,3.35475903E-07,4.38923125E-05,1.29030468E-05,-1.55E-05,-1.49E-05,1.66465747E-06,1.92445023E-05,1.69502273E-05,-8.74E-07,-4.01E-06,6.76417403E-06,3.00583679E-06,5.00009492E-06,INT SYNC:059.94[Hz],DOUBLE FRAME,NORMAL,STANDARD DARK,ONE,CIE1931 (2°),1°,100,0.33333333,0.33333333,NONE,1,33367,761940,OFF,TRUE,2024/03/25,16:53:01,OK00,----,----,----,CS-3000HDR,3001075,1.00.0008
117,2.02801657E+02,2.06907504E+02,4.84149066E+02,2.06907504E+02,0.22688347,0.23147687,0.17046233,0.39130527,----,----,477.778515,45.6073777,131.814397,-4.24257162,-83.4899414,9.54423437E-01,473,-7.72E-07,7.43943929E-06,7.95966002E-07,1.45857791E-06,-2.08E-06,-3.02E-06,-1.28E-06,7.19319303E-07,1.64953451E-06,4.37821291E-06,4.48843842E-08,-1.13E-06,5.79475363E-06,3.86851298E-06,9.38000426E-07,-1.57E-06,4.75859269E-06,-3.83E-06,2.66469942E-06,-9.04E-07,-2.46E-06,1.20319658E-06,8.23104756E-07,-1.82E-06,-2.59E-06,-1.84E-06,5.31834803E-06,3.79562289E-06,1.19425351E-06,-2.90E-06,-2.79E-06,-1.39E-06,1.86975683E-06,-7.03E-07,7.18138040E-07,-1.42E-06,-1.72E-08,-8.24E-07,-2.84E-06,-4.89E-06,-6.28E-06,-2.79E-06,-5.30E-06,-7.32E-06,-6.62E-06,-6.29E-06,-3.51E-06,-6.17E-06,-1.10E-05,-7.78E-06,-1.00E-05,-8.62E-06,-8.67E-06,-1.35E-05,-1.27E-05,-1.25E-05,-1.23E-05,-1.09E-05,2.59367334E-06,1.53665096E-05,5.65685259E-05,1.17206131E-04,2.22213494E-04,3.65783606E-04,6.19393657E-04,9.43232793E-04,1.38182845E-03,1.95167994E-03,2.72405101E-03,3.53119615E-03,4.48570447E-03,5.51634096E-03,6.75404165E-03,7.92979635E-03,9.09496658E-03,1.02586029E-02,1.14680380E-02,1.24645047E-02,1.33114643E-02,1.39268665E-02,1.43975560E-02,1.46317286E-02,1.47721646E-02,1.48658073E-02,1.49749927E-02,1.51982345E-02,1.54278837E-02,1.56816524E-02,1.60307586E-02,1.63116325E-02,1.65800955E-02,1.67731009E-02,1.69328209E-02,1.69672444E-02,1.68157704E-02,1.65496133E-02,1.61155947E-02,1.56281870E-02,1.50865652E-02,1.46440184E-02,1.42431660E-02,1.39160948E-02,1.36125740E-02,1.33988140E-02,1.31479232E-02,1.28472755E-02,1.23939561E-02,1.18241571E-02,1.10997558E-02,1.03020985E-02,9.48777422E-03,8.61524418E-03,7.82236457E-03,7.04459567E-03,6.33166963E-03,5.69920940E-03,5.21036563E-03,4.80017019E-03,4.42753080E-03,4.05602716E-03,3.65658919E-03,3.27896792E-03,2.93014781E-03,2.61537801E-03,2.32572481E-03,2.12166202E-03,1.96957262E-03,1.84574223E-03,1.76513533E-03,1.69992330E-03,1.64963712E-03,1.61682884E-03,1.59156125E-03,1.56087638E-03,1.56518386E-03,1.55359914E-03,1.55193196E-03,1.56133960E-03,1.54122955E-03,1.53528096E-03,1.52687891E-03,1.52510591E-03,1.54452480E-03,1.53737399E-03,1.54302013E-03,1.55203999E-03,1.56695070E-03,1.57069194E-03,1.58553547E-03,1.61284371E-03,1.66468858E-03,1.73734513E-03,1.84370077E-03,1.93243963E-03,2.02621287E-03,2.12214771E-03,2.21716566E-03,2.32999958E-03,2.45232764E-03,2.58924835E-03,2.71386909E-03,2.85835075E-03,2.99257273E-03,3.16645438E-03,3.30098229E-03,3.34257213E-03,3.25802085E-03,3.15998727E-03,3.11495969E-03,3.17623094E-03,3.27157252E-03,3.33173154E-03,3.36089567E-03,3.34001891E-03,3.26044136E-03,3.13972658E-03,3.02968244E-03,2.89314357E-03,2.77725537E-03,2.66896700E-03,2.57667131E-03,2.48689344E-03,2.41692108E-03,2.35442887E-03,2.31755432E-03,2.29231361E-03,2.26161536E-03,2.26582750E-03,2.28573661E-03,2.32872320E-03,2.39583105E-03,2.46635871E-03,2.56573665E-03,2.65410775E-03,2.72917072E-03,2.79964553E-03,2.84266309E-03,2.86452426E-03,2.88113765E-03,2.88391463E-03,2.88675399E-03,2.89125065E-03,2.90945824E-03,2.92636501E-03,2.95622740E-03,2.98395031E-03,3.01421247E-03,3.03020841E-03,3.04992869E-03,3.07474425E-03,3.08382232E-03,3.06304707E-03,3.04153329E-03,2.99238041E-03,2.93697021E-03,2.87381816E-03,2.78709969E-03,2.69348593E-03,2.57990090E-03,2.48238607E-03,2.38445820E-03,2.29024282E-03,2.20010080E-03,2.11154856E-03,2.00633239E-03,1.93624711E-03,1.85130001E-03,1.77370280E-03,1.71162991E-03,1.64303090E-03,1.59405661E-03,1.54223794E-03,1.49518799E-03,1.45932927E-03,1.42314273E-03,1.40062300E-03,1.37858943E-03,1.35463232E-03,1.34186540E-03,1.31931226E-03,1.30939705E-03,1.30350678E-03,1.31806103E-03,1.32260250E-03,1.32603839E-03,1.33548607E-03,1.34424923E-03,1.35861267E-03,1.35961280E-03,1.36571866E-03,1.36434694E-03,1.36722252E-03,1.36700913E-03,1.36071013E-03,1.35244941E-03,1.35590124E-03,1.34529069E-03,1.32979127E-03,1.32260972E-03,1.30518689E-03,1.28897734E-03,1.26527669E-03,1.24069676E-03,1.22350804E-03,1.20281277E-03,1.19058450E-03,1.17084337E-03,1.15598307E-03,1.13753451E-03,1.12824980E-03,1.11653784E-03,1.10698037E-03,1.09006499E-03,1.08362956E-03,1.07016205E-03,1.05446042E-03,1.04421854E-03,1.03478599E-03,1.02891820E-03,1.02061382E-03,1.00372231E-03,9.85231483E-04,9.61311045E-04,9.40125377E-04,8.92406679E-04,8.34274455E-04,7.66623474E-04,6.87833293E-04,6.05148147E-04,5.24717150E-04,4.48201929E-04,3.72517796E-04,3.05085239E-04,2.43543138E-04,1.96791108E-04,1.61769087E-04,1.30613669E-04,1.03645281E-04,8.36871623E-05,6.49391586E-05,5.25724972E-05,4.47447419E-05,3.68061883E-05,2.76870160E-05,2.15270793E-05,2.11753741E-05,1.55605940E-05,1.54254903E-05,1.51314052E-05,1.06237521E-05,1.16907713E-05,6.61523700E-06,6.95604831E-06,5.85805810E-06,7.46853493E-06,6.56312977E-06,6.92693493E-06,8.18433364E-06,7.75024637E-06,6.51849859E-06,3.40650217E-06,1.21325011E-05,9.33985575E-06,8.48421860E-06,8.21865524E-06,8.30138015E-06,9.54221832E-06,7.29775365E-06,6.61725562E-06,5.93191544E-06,1.37240959E-05,9.98618816E-06,1.29504779E-05,1.39326894E-05,1.73965418E-05,1.74497545E-05,1.38629212E-05,1.76631675E-05,1.46111779E-05,2.00088052E-05,1.66357422E-05,1.55009311E-05,1.89763341E-05,1.92975640E-05,2.14859410E-05,1.81815849E-05,2.14366064E-05,1.91439576E-05,2.08109705E-05,2.27131786E-05,2.31886261E-05,2.42225578E-05,2.27919518E-05,2.84759008E-05,2.27457458E-05,2.35099451E-05,2.28112967E-05,2.36692758E-05,1.60997333E-05,1.85459648E-05,1.71615811E-05,1.65388210E-05,1.65153178E-05,1.27420572E-05,6.85304030E-06,9.36459037E-06,8.63221521E-06,1.59960546E-05,6.95278095E-06,4.56219641E-06,9.25605491E-06,1.13596861E-05,1.08565264E-05,6.29419219E-06,5.96594646E-06,1.04780374E-05,-2.64E-06,5.14797284E-06,9.38038465E-06,-8.54E-07,7.84980784E-06,1.01144860E-05,4.99048156E-06,2.58277373E-06,-6.76E-07,2.75468688E-06,8.01675378E-06,5.01254544E-06,-3.71E-06,9.31722207E-06,1.74024026E-05,1.56598981E-05,5.92206845E-07,2.44736975E-06,-6.55E-07,6.74893272E-06,3.96558391E-07,-5.52E-06,5.07867571E-06,9.72780072E-06,-5.55E-06,INT SYNC:059.94[Hz],DOUBLE FRAME,NORMAL,STANDARD DARK,ONE,CIE1931 (2°),1°,100,0.33333333,0.33333333,NONE,1,100100,899242,OFF,TRUE,2024/03/25,16:53:04,OK00,----,----,----,CS-3000HDR,3001075,1.00.0008
118,3.38104817E+02,3.08911408E+02,1.83020106E+03,3.08911408E+02,0.13648573,0.12470097,0.12926498,0.26573331,----,----,475.835831,86.8969676,152.941354,22.2522525,-235.785288,2.56762410E+00,473,1.37121497E-05,-2.96E-06,-1.35E-06,-1.28E-05,2.62257927E-05,-1.46E-06,5.73905663E-06,4.10762232E-06,-2.52E-06,1.47665014E-05,6.40361895E-06,1.89469811E-05,7.16530167E-06,3.70952853E-06,-2.19E-06,7.92768697E-06,6.60714295E-06,3.68772362E-06,-1.12E-06,-7.81E-07,-4.98E-06,-3.61E-06,2.06985369E-05,5.47078298E-06,-6.44E-06,-9.09E-06,7.41856581E-07,-5.08E-07,-4.50E-08,-7.58E-06,-4.85E-06,-2.69E-06,1.10119154E-05,-6.44E-06,-2.06E-05,-3.40E-06,-7.56E-06,-1.26E-05,-2.48E-05,-1.64E-05,-2.07E-05,-1.73E-05,-1.47E-05,-8.05E-06,-2.50E-05,-3.28E-05,-1.03E-05,-3.19E-05,-3.38E-05,-3.12E-05,-3.29E-05,-3.24E-05,-3.53E-05,-5.57E-05,-5.11E-05,-3.89E-05,-6.75E-05,-4.97E-05,-1.74E-05,5.90889395E-05,1.70263695E-04,4.00107354E-04,7.49308791E-04,1.28265540E-03,2.12942786E-03,3.26940278E-03,4.85837413E-03,6.90769684E-03,9.66467895E-03,1.26681654E-02,1.60675794E-02,1.98191795E-02,2.42335349E-02,2.83910800E-02,3.26414295E-02,3.67051475E-02,4.12336737E-02,4.50651720E-02,4.83405925E-02,5.10532223E-02,5.32075949E-02,5.46457283E-02,5.58809042E-02,5.68332635E-02,5.80636561E-02,5.91943413E-02,6.04660548E-02,6.17181659E-02,6.29266724E-02,6.42461181E-02,6.52193278E-02,6.60386607E-02,6.67668059E-02,6.70800954E-02,6.67844042E-02,6.58972263E-02,6.45736381E-02,6.28634840E-02,6.09274209E-02,5.90291359E-02,5.74337170E-02,5.59381247E-02,5.43975085E-02,5.31627983E-02,5.18431254E-02,5.02155237E-02,4.81196679E-02,4.55446616E-02,4.26588058E-02,3.92608643E-02,3.57725918E-02,3.19744572E-02,2.83583421E-02,2.49252040E-02,2.17303634E-02,1.87898614E-02,1.64554082E-02,1.43399565E-02,1.24310544E-02,1.06037864E-02,8.80738627E-03,7.31706340E-03,6.00422034E-03,4.91680158E-03,4.00151452E-03,3.36365891E-03,2.92766397E-03,2.55685067E-03,2.33464269E-03,2.17694067E-03,2.06849235E-03,1.98699953E-03,1.92305981E-03,1.91990030E-03,1.89845485E-03,1.87817658E-03,1.88239641E-03,1.85632601E-03,1.86548359E-03,1.85167044E-03,1.82758900E-03,1.80808385E-03,1.79383927E-03,1.78701314E-03,1.77802739E-03,1.76819053E-03,1.73294730E-03,1.72656414E-03,1.72743329E-03,1.73285115E-03,1.76497572E-03,1.78709906E-03,1.90146104E-03,1.97020476E-03,2.03838642E-03,2.10800488E-03,2.23423494E-03,2.29053549E-03,2.42193765E-03,2.53343978E-03,2.67810351E-03,2.78812204E-03,2.93889386E-03,3.10279918E-03,3.25970957E-03,3.29739554E-03,3.23125394E-03,3.11557250E-03,3.07546579E-03,3.13919922E-03,3.24444263E-03,3.30117834E-03,3.31583712E-03,3.28303641E-03,3.20574804E-03,3.09147057E-03,2.96111987E-03,2.84993299E-03,2.72123795E-03,2.61244294E-03,2.53018178E-03,2.43164017E-03,2.37924629E-03,2.31532729E-03,2.26758630E-03,2.23230990E-03,2.21896591E-03,2.21568253E-03,2.21090857E-03,2.23940262E-03,2.29763379E-03,2.37113400E-03,2.44308007E-03,2.51406245E-03,2.56331917E-03,2.59831152E-03,2.59564049E-03,2.55902810E-03,2.50951899E-03,2.41822284E-03,2.31204159E-03,2.19072704E-03,2.06079334E-03,1.92928175E-03,1.78288610E-03,1.64362113E-03,1.48061092E-03,1.34740840E-03,1.18327281E-03,1.02331617E-03,8.85236368E-04,7.53668603E-04,6.28844195E-04,5.00738388E-04,4.06902254E-04,3.22031032E-04,2.57567037E-04,1.96240537E-04,1.49117463E-04,1.12673886E-04,8.72250894E-05,7.10749009E-05,6.12118893E-05,5.78659638E-05,4.77825415E-05,4.35745060E-05,3.69226691E-05,3.72405630E-05,4.12383997E-05,3.45369772E-05,3.80185666E-05,4.04040220E-05,3.35788500E-05,3.63011641E-05,3.51267699E-05,3.80409183E-05,3.54250915E-05,3.49437832E-05,3.41892955E-05,2.82044894E-05,3.52508941E-05,3.28119786E-05,3.05142803E-05,3.72377799E-05,3.10814467E-05,3.06678558E-05,2.97207425E-05,3.13758355E-05,3.10021060E-05,2.85206079E-05,2.63332950E-05,2.29263132E-05,2.60785491E-05,2.61921232E-05,2.15491455E-05,2.51892106E-05,2.50551820E-05,2.34959025E-05,2.74914510E-05,2.70912697E-05,2.71360950E-05,2.54702281E-05,1.83280754E-05,2.68177646E-05,2.58773980E-05,2.53805465E-05,2.35295392E-05,2.23363932E-05,2.33226910E-05,2.87853964E-05,2.74901467E-05,2.12612376E-05,2.25050262E-05,3.01793352E-05,2.77446306E-05,2.89311683E-05,2.50230478E-05,2.48281558E-05,3.11432268E-05,2.63814200E-05,2.97969036E-05,3.08649433E-05,2.80547210E-05,3.29309987E-05,2.99826224E-05,2.05550205E-05,2.72696798E-05,2.70054643E-05,2.52588052E-05,2.32726106E-05,2.08817364E-05,2.02654519E-05,2.12522518E-05,1.19820825E-05,1.66468635E-05,1.52924167E-05,1.32031973E-05,1.21134817E-05,4.85376404E-06,1.31863535E-05,1.72252094E-05,1.71034953E-05,1.09627672E-05,7.97137545E-06,3.86709462E-06,7.71623309E-06,1.98413927E-05,1.46121729E-05,1.37421684E-05,5.38713448E-06,9.09268419E-06,1.48661311E-05,1.34661032E-05,3.54189297E-06,6.67620554E-07,6.19038519E-06,2.71936460E-06,9.00791110E-06,1.41122846E-05,1.20082268E-05,1.18209728E-05,2.30955538E-06,2.21109676E-05,1.80747847E-05,1.07104142E-05,7.67031543E-06,2.12301820E-05,1.28779502E-05,8.43792805E-06,1.06505586E-05,-3.21E-06,3.50433743E-06,1.06195812E-05,1.04949559E-05,1.61300959E-05,8.14517534E-06,-4.14E-06,1.65185384E-06,1.63870955E-05,2.18264231E-05,2.40542813E-05,1.15185721E-05,9.14409975E-06,1.11311656E-05,1.28294096E-05,9.00163832E-06,1.41165665E-05,2.30493879E-05,3.96375945E-05,2.43660252E-05,2.74490412E-05,2.89289892E-05,2.84578600E-05,3.31391966E-05,2.88858082E-05,2.70310284E-05,1.38655851E-05,3.23133136E-05,4.81728312E-05,1.53650690E-05,3.19823921E-05,2.98270952E-05,1.02511285E-05,2.87238563E-05,2.16255630E-05,3.73541366E-06,3.38059158E-06,2.27895162E-05,1.34943748E-05,1.07070127E-05,2.42924170E-06,4.98058216E-06,7.07961135E-06,3.83080942E-06,2.14717675E-05,1.34002839E-05,1.26210434E-05,1.05287545E-05,-1.16E-05,2.03454256E-05,-1.38E-05,-1.08E-05,-2.26E-05,-1.84E-05,-1.32E-05,-4.95E-06,1.69722043E-05,1.88270860E-05,1.63767036E-05,1.62396918E-05,3.43272150E-05,7.38546305E-06,1.46539523E-05,3.41261511E-05,4.94369715E-06,1.69412378E-05,2.31397426E-05,-1.66E-05,7.76185698E-06,2.01587063E-05,-5.99E-06,INT SYNC:059.94[Hz],DOUBLE FRAME,NORMAL,STANDARD DARK,ONE,CIE1931 (2°),1°,100,0.33333333,0.33333333,NONE,1,33367,762036,OFF,TRUE,2024/03/25,16:53:08,OK00,----,----,----,CS-3000HDR,3001075,1.00.0008
119,2.05952529E+02,2.05473236E+02,5.74900144E+02,2.05473236E+02,0.20880779,0.20832185,0.1643429,0.36891099,----,----,476.916017,54.0786046,131.472059,0.49386618,-104.021875,1.04569633E+00,473,1.81739301E-06,1.34563959E-06,5.44389650E-06,-1.42E-06,7.88233592E-06,3.61338425E-06,2.50830294E-06,9.14194607E-06,-2.35E-06,1.12789927E-07,4.05900164E-06,2.06148525E-06,2.39200676E-06,3.07640153E-06,4.29051079E-06,7.35833453E-07,2.27317787E-06,1.92119205E-06,6.73043905E-06,6.70942427E-07,5.75815804E-08,2.95340510E-06,4.92630306E-06,-3.96E-06,6.72557462E-07,1.17763216E-06,2.55862642E-06,2.27142735E-07,-7.46E-07,-3.00E-06,-4.15E-07,-3.51E-07,-5.17E-07,-4.03E-06,-4.41E-06,-2.07E-06,-4.75E-06,-3.90E-06,-7.28E-06,-1.68E-06,-1.45E-06,-6.84E-06,-4.13E-06,-4.86E-06,-3.64E-06,-6.68E-06,-7.42E-06,-4.81E-06,-9.56E-06,-9.14E-06,-1.29E-05,-9.06E-06,-1.56E-05,-1.54E-05,-1.58E-05,-1.84E-05,-1.47E-05,-1.26E-05,-3.99E-07,1.93248434E-05,5.98110455E-05,1.30229295E-04,2.50619167E-04,4.18205134E-04,7.13292509E-04,1.09684153E-03,1.60547788E-03,2.24925741E-03,3.16830981E-03,4.11644671E-03,5.22201136E-03,6.44821720E-03,7.91083556E-03,9.30860359E-03,1.07145924E-02,1.21062500E-02,1.35447197E-02,1.47518450E-02,1.57909486E-02,1.65545382E-02,1.71289910E-02,1.74508989E-02,1.76521745E-02,1.77846812E-02,1.79882478E-02,1.81975160E-02,1.85133442E-02,1.88533161E-02,1.92304086E-02,1.95681658E-02,1.98816471E-02,2.01200675E-02,2.02929005E-02,2.03268826E-02,2.01569684E-02,1.98409576E-02,1.93473604E-02,1.87395159E-02,1.80885177E-02,1.75690185E-02,1.70855206E-02,1.66709349E-02,1.62802394E-02,1.59908738E-02,1.57210007E-02,1.53015284E-02,1.47283766E-02,1.40196383E-02,1.31456917E-02,1.21480990E-02,1.11529930E-02,1.00620501E-02,9.08451062E-03,8.14878382E-03,7.24746566E-03,6.45423494E-03,5.85305225E-03,5.33530768E-03,4.86504799E-03,4.39151516E-03,3.89548484E-03,3.46110668E-03,3.03632952E-03,2.68246443E-03,2.34461110E-03,2.11168290E-03,1.93075847E-03,1.80184271E-03,1.71487790E-03,1.64958439E-03,1.60091324E-03,1.55381311E-03,1.52948708E-03,1.50680041E-03,1.49351568E-03,1.49050809E-03,1.48527324E-03,1.47899904E-03,1.48284016E-03,1.46449683E-03,1.45649083E-03,1.45348022E-03,1.46732281E-03,1.46369927E-03,1.47764944E-03,1.47963513E-03,1.49003614E-03,1.48826116E-03,1.51074445E-03,1.53213157E-03,1.58442231E-03,1.65570772E-03,1.73375057E-03,1.82982790E-03,1.92234956E-03,2.00729701E-03,2.08861940E-03,2.20262236E-03,2.32163956E-03,2.45056837E-03,2.56645633E-03,2.69591063E-03,2.82866322E-03,2.98148021E-03,3.11632734E-03,3.15809296E-03,3.07672448E-03,2.98181782E-03,2.93700164E-03,2.99653760E-03,3.08178645E-03,3.16484808E-03,3.17403255E-03,3.15001304E-03,3.07043968E-03,2.96152849E-03,2.84345075E-03,2.72528338E-03,2.61701178E-03,2.51180422E-03,2.42419238E-03,2.34664534E-03,2.27438984E-03,2.21804203E-03,2.18296493E-03,2.14587641E-03,2.13430449E-03,2.12928676E-03,2.14858144E-03,2.19089235E-03,2.24870676E-03,2.31971312E-03,2.40364787E-03,2.49482063E-03,2.56436504E-03,2.62322789E-03,2.66706781E-03,2.69299210E-03,2.70316051E-03,2.70530861E-03,2.69703986E-03,2.69896677E-03,2.70207715E-03,2.71252170E-03,2.74183531E-03,2.75575183E-03,2.77820928E-03,2.79377098E-03,2.80453614E-03,2.81022210E-03,2.80482997E-03,2.78414739E-03,2.75830575E-03,2.71516363E-03,2.65930570E-03,2.59186234E-03,2.50907475E-03,2.42245151E-03,2.32733693E-03,2.22272100E-03,2.13514012E-03,2.04779627E-03,1.96677935E-03,1.89227448E-03,1.80096703E-03,1.72817789E-03,1.65506313E-03,1.59254088E-03,1.53410493E-03,1.47010223E-03,1.41763547E-03,1.36577163E-03,1.33596512E-03,1.30477047E-03,1.27486023E-03,1.24198839E-03,1.22776756E-03,1.21281180E-03,1.19450456E-03,1.18394999E-03,1.17350393E-03,1.17481558E-03,1.17486017E-03,1.18328084E-03,1.18804257E-03,1.19300059E-03,1.20103010E-03,1.21362566E-03,1.21729472E-03,1.21994759E-03,1.22638710E-03,1.22544135E-03,1.21615781E-03,1.21534010E-03,1.20781024E-03,1.19972636E-03,1.20207167E-03,1.19009556E-03,1.17456040E-03,1.15782663E-03,1.14423479E-03,1.12991699E-03,1.11366739E-03,1.09356048E-03,1.07195333E-03,1.06306397E-03,1.04133529E-03,1.02817058E-03,1.02166040E-03,1.01116020E-03,1.00132544E-03,9.87686450E-04,9.77392425E-04,9.65533894E-04,9.60490084E-04,9.54881252E-04,9.37596022E-04,9.33067116E-04,9.26632725E-04,9.23263200E-04,9.11230803E-04,8.96056648E-04,8.77161801E-04,8.43554037E-04,8.13022081E-04,7.50541047E-04,6.96469098E-04,6.23821805E-04,5.44844719E-04,4.73644730E-04,3.98367178E-04,3.32695083E-04,2.71063327E-04,2.19130859E-04,1.78656512E-04,1.43932150E-04,1.16111798E-04,9.23133630E-05,7.48233724E-05,6.47152483E-05,4.90658276E-05,4.16420298E-05,3.48456924E-05,2.81530010E-05,2.26949633E-05,2.15559376E-05,1.83908160E-05,1.39046688E-05,1.11555319E-05,1.05155559E-05,8.41139445E-06,7.94321295E-06,8.20962759E-06,8.72118108E-06,6.34773687E-06,5.64474385E-06,4.28533167E-06,5.01305567E-06,5.85224643E-06,6.69774954E-06,7.43798773E-06,5.19582636E-06,9.32840248E-06,9.05117577E-06,7.34800187E-06,9.59352838E-06,8.15263229E-06,1.27598933E-05,9.04577246E-06,1.49269399E-05,8.97972495E-06,1.08116328E-05,1.24216376E-05,1.56001643E-05,1.46333650E-05,1.19458373E-05,1.44058295E-05,1.63028981E-05,1.25844299E-05,1.71788379E-05,1.43272127E-05,1.43853831E-05,1.58019266E-05,1.90542814E-05,1.70559197E-05,1.66300379E-05,2.04844109E-05,2.13730091E-05,2.21499340E-05,1.86019479E-05,1.99445440E-05,2.18902769E-05,2.20286365E-05,2.05013657E-05,1.70656531E-05,2.08544770E-05,2.02252868E-05,1.96213696E-05,1.88289141E-05,1.38702508E-05,2.28647514E-05,1.81709911E-05,1.45073609E-05,1.55370781E-05,9.89049840E-06,7.15946817E-06,3.57493582E-06,1.50242131E-05,1.07299684E-05,8.59549004E-07,8.64164394E-06,1.19583556E-05,6.78381457E-06,3.61772322E-06,5.53716382E-06,6.51852042E-06,3.93818073E-06,1.02006734E-05,3.18661250E-06,8.34771708E-06,9.94037509E-06,1.24005396E-06,2.72254897E-06,8.56560564E-06,8.46054718E-06,8.60960790E-06,7.72099793E-06,5.38186714E-06,6.49027379E-06,5.00913166E-06,1.02822275E-06,2.77950903E-06,-1.49E-07,-2.28E-06,3.00210718E-06,1.03857401E-05,5.86718625E-06,-1.26E-06,3.68261976E-06,1.40323627E-05,3.64595576E-06,INT SYNC:059.94[Hz],DOUBLE FRAME,NORMAL,STANDARD DARK,ONE,CIE1931 (2°),1°,100,0.33333333,0.33333333,NONE,1,100100,894025,OFF,TRUE,2024/03/25,16:53:12,OK00,----,----,----,CS-3000HDR,3001075,1.00.0008
120,3.33468641E+02,3.02496905E+02,1.82258859E+03,3.02496905E+02,0.13563608,0.12303854,0.12901778,0.26332859,----,----,475.757341,87.3723597,151.763818,23.8819339,-237.083759,2.55076858E+00,473,-9.26E-06,2.10441176E-05,5.05705111E-06,1.39963659E-05,-2.33E-06,-6.23E-06,-1.17E-05,-2.09E-05,2.06663049E-06,6.73743943E-06,1.26141958E-05,8.84283509E-06,7.51067728E-06,-3.98E-06,7.19704849E-06,-9.38E-06,9.38441553E-06,1.32616433E-05,1.86535744E-05,-3.01E-06,-2.88E-07,-1.91E-06,3.68256465E-08,-1.23E-05,-5.11E-06,2.32989987E-06,-1.56E-05,9.65590152E-06,9.22418076E-06,-4.89E-06,3.71211536E-06,-6.03E-06,-1.47E-05,-1.06E-05,-8.43E-06,-1.87E-05,-1.57E-05,-5.17E-06,-2.16E-05,-5.25E-06,-7.78E-06,-2.31E-05,-2.02E-05,-1.22E-05,-1.85E-05,-2.86E-05,-1.71E-05,-2.89E-05,-2.57E-05,-1.96E-05,-2.60E-05,-2.78E-05,-4.43E-05,-4.64E-05,-4.23E-05,-4.78E-05,-5.59E-05,-4.82E-05,-1.20E-05,6.19321872E-05,1.68012368E-04,3.62639665E-04,7.02615711E-04,1.21626456E-03,2.05746642E-03,3.15646594E-03,4.73796017E-03,6.71262899E-03,9.46567860E-03,1.23594673E-02,1.56663321E-02,1.93895400E-02,2.38618050E-02,2.80173924E-02,3.22125033E-02,3.64307836E-02,4.09350060E-02,4.45439927E-02,4.78851907E-02,5.07495031E-02,5.29621653E-02,5.44272363E-02,5.55849038E-02,5.67273609E-02,5.77728599E-02,5.92000820E-02,6.02433458E-02,6.16614074E-02,6.30372390E-02,6.42238781E-02,6.52315840E-02,6.60236850E-02,6.67742863E-02,6.71060160E-02,6.67829812E-02,6.59457445E-02,6.45547509E-02,6.28984943E-02,6.08583540E-02,5.91516495E-02,5.74309267E-02,5.59453964E-02,5.45303747E-02,5.32023869E-02,5.18559776E-02,5.01818284E-02,4.80642170E-02,4.56128307E-02,4.26024832E-02,3.92798297E-02,3.57297137E-02,3.19036841E-02,2.83612348E-02,2.49728356E-02,2.17316821E-02,1.87770296E-02,1.63378213E-02,1.42531097E-02,1.23812128E-02,1.05488319E-02,8.74466170E-03,7.25035602E-03,5.90711506E-03,4.82642883E-03,3.92031763E-03,3.28461220E-03,2.79485155E-03,2.48118001E-03,2.23407289E-03,2.07108445E-03,1.98526192E-03,1.90830592E-03,1.87370612E-03,1.82811648E-03,1.82025379E-03,1.80849875E-03,1.82009570E-03,1.79434544E-03,1.77757826E-03,1.77094457E-03,1.75170111E-03,1.73035217E-03,1.73228409E-03,1.71486312E-03,1.70653069E-03,1.68453110E-03,1.66591629E-03,1.63445063E-03,1.63536740E-03,1.65295275E-03,1.67856424E-03,1.72013312E-03,1.79662846E-03,1.84484129E-03,1.94052979E-03,2.01330148E-03,2.10641581E-03,2.18620081E-03,2.29968200E-03,2.41766777E-03,2.54478562E-03,2.67344643E-03,2.79065827E-03,2.93543120E-03,3.07587232E-03,3.11563723E-03,3.05120321E-03,2.93550850E-03,2.90187378E-03,2.96209333E-03,3.03482055E-03,3.13465483E-03,3.14612198E-03,3.11367889E-03,3.04159010E-03,2.91568297E-03,2.79413047E-03,2.69517675E-03,2.57535209E-03,2.48129177E-03,2.38891249E-03,2.31225276E-03,2.24625203E-03,2.17802636E-03,2.12950329E-03,2.09736521E-03,2.09132349E-03,2.08693580E-03,2.10741628E-03,2.13217107E-03,2.18324363E-03,2.25553242E-03,2.31263670E-03,2.37508956E-03,2.41091149E-03,2.44596461E-03,2.46204180E-03,2.43653357E-03,2.35210266E-03,2.27850187E-03,2.19296850E-03,2.07156572E-03,1.94448186E-03,1.81833107E-03,1.68575486E-03,1.55303918E-03,1.40724843E-03,1.26110495E-03,1.12088653E-03,9.74026916E-04,8.42872774E-04,7.14831753E-04,6.02953776E-04,4.83970187E-04,3.91029462E-04,3.03063716E-04,2.37327200E-04,1.91239538E-04,1.44254052E-04,1.12107424E-04,9.12844480E-05,7.22109762E-05,5.77989522E-05,5.69842960E-05,4.52717832E-05,4.11843357E-05,4.12688096E-05,3.73438197E-05,3.55056145E-05,3.78148980E-05,3.59252590E-05,3.77743308E-05,3.70119524E-05,3.79316625E-05,3.39511644E-05,3.78305012E-05,3.93312257E-05,3.57729114E-05,3.98814336E-05,3.58768812E-05,3.46833258E-05,2.91402575E-05,2.97359384E-05,3.11055119E-05,3.35612604E-05,3.35560544E-05,3.30066287E-05,3.32565614E-05,3.03427551E-05,2.77796626E-05,2.88104566E-05,2.90984171E-05,2.30946243E-05,2.65060262E-05,2.29827892E-05,2.82402234E-05,2.60192701E-05,2.08455131E-05,2.76839564E-05,1.82760177E-05,1.81297892E-05,1.97276313E-05,2.07663579E-05,2.52648333E-05,2.43006652E-05,2.70763394E-05,2.07528483E-05,2.02284755E-05,2.49634977E-05,2.99600069E-05,2.08969941E-05,1.97075951E-05,1.89608982E-05,2.41359594E-05,2.53510007E-05,2.44200837E-05,1.98035923E-05,2.47447479E-05,2.73918286E-05,2.34454310E-05,2.65343042E-05,2.59181925E-05,2.74468875E-05,2.97865554E-05,2.79306405E-05,2.48992728E-05,2.71952849E-05,2.52422979E-05,2.92348413E-05,2.29988509E-05,1.89935981E-05,2.01090625E-05,2.04403714E-05,1.44203323E-05,1.54622812E-05,1.55408488E-05,1.38704681E-05,1.77645761E-05,1.41832224E-05,1.36312929E-05,3.49415041E-06,1.28692063E-05,9.05917750E-06,5.64146012E-06,1.68048900E-05,7.10719542E-06,3.35685036E-06,1.11666695E-05,9.08566290E-06,1.72550663E-05,1.18894040E-05,4.47067032E-06,5.13928353E-06,1.40682632E-05,9.62524155E-06,1.23321815E-05,6.61667264E-06,1.01096539E-05,8.06986191E-06,1.19740980E-05,6.57834880E-06,1.41385417E-05,6.89282933E-06,9.71448571E-06,1.69191189E-05,7.37971777E-06,1.54249228E-05,1.21727935E-05,-4.28E-06,1.79130129E-05,7.06361561E-06,6.61568856E-06,7.92638821E-06,1.71331249E-05,1.19942933E-05,1.05566278E-05,4.89077729E-06,9.81175890E-06,3.36975245E-05,5.45112334E-06,1.43163579E-05,1.61850603E-05,1.95892062E-05,1.69632222E-05,2.84848247E-05,2.13075891E-05,2.54121242E-05,1.29819746E-05,3.33433200E-05,3.10837604E-05,3.40459337E-05,1.96164528E-05,1.91753261E-05,1.33520989E-05,1.86904253E-05,2.14370575E-05,2.31103240E-05,2.12641389E-05,2.80413697E-05,3.03950437E-05,1.61423013E-05,1.36512472E-05,2.37933182E-05,2.75644907E-05,1.25006918E-05,3.17032827E-05,1.12760654E-05,1.18885264E-05,2.98028572E-05,1.79002072E-05,1.09782259E-05,1.09041066E-05,3.25213696E-05,2.01276653E-05,-3.25E-07,2.61597106E-05,1.18379767E-05,8.28308566E-06,2.81895118E-05,-9.78E-06,1.33197045E-05,1.90847513E-05,1.28676611E-05,6.33495665E-06,-1.00E-05,1.62440324E-06,-4.70E-06,-4.36E-06,3.16190199E-05,8.86102316E-06,2.53074741E-05,6.88617956E-06,1.90092742E-05,5.08562371E-05,3.62841183E-06,-7.75E-06,-1.35E-05,2.02560955E-07,3.86331958E-05,1.30957517E-06,1.01219421E-05,INT SYNC:059.94[Hz],DOUBLE FRAME,NORMAL,STANDARD DARK,ONE,CIE1931 (2°),1°,100,0.33333333,0.33333333,NONE,1,33367,762953,OFF,TRUE,2024/03/25,16:53:15,OK00,----,----,----,CS-3000HDR,3001075,1.00.0008
121,2.08475275E+02,2.03641208E+02,6.60702567E+02,2.03641208E+02,0.19432473,0.18981878,0.15898363,0.34941861,----,----,476.366062,60.8733402,131.032456,4.97560368,-121.784327,1.13109006E+00,473,6.88671071E-06,-9.73E-06,2.29410512E-06,3.96510495E-06,1.95227517E-06,-4.84E-07,1.68465624E-06,-2.03E-08,5.33471166E-06,2.10962071E-06,-1.56E-06,-2.83E-06,4.21725508E-06,2.76529840E-06,1.57762463E-06,3.79881362E-06,1.09375542E-07,3.10282098E-06,1.14703153E-06,1.62556546E-06,5.92598008E-06,1.46725063E-06,-1.32E-06,4.98808868E-06,2.26387738E-06,-4.90E-07,2.44945363E-06,-1.22E-06,-2.21E-06,-4.28E-06,-7.30E-06,-8.83E-06,-1.63E-06,-7.54E-06,1.40449015E-06,-8.71E-06,-6.39E-06,-6.32E-06,-7.39E-06,-6.23E-06,-9.55E-06,-1.07E-05,-9.25E-06,-1.87E-06,-4.89E-06,-1.05E-05,-8.89E-06,-1.32E-05,-1.21E-05,-4.67E-06,-1.10E-05,-1.08E-05,-1.27E-05,-1.73E-05,-1.65E-05,-1.56E-05,-1.54E-05,-1.47E-05,6.25599228E-07,1.90028586E-05,6.87431821E-05,1.47491010E-04,2.78621563E-04,4.72779677E-04,7.94835272E-04,1.21373788E-03,1.79340807E-03,2.54422263E-03,3.54399625E-03,4.63797571E-03,5.90720633E-03,7.34501705E-03,8.97388346E-03,1.05971731E-02,1.22096483E-02,1.37984557E-02,1.55151989E-02,1.69103723E-02,1.80615094E-02,1.90343969E-02,1.97590776E-02,2.01194454E-02,2.03629248E-02,2.05561314E-02,2.08353419E-02,2.10846271E-02,2.14249194E-02,2.18201354E-02,2.22347584E-02,2.26582903E-02,2.29879841E-02,2.32663993E-02,2.35105325E-02,2.35636756E-02,2.33744010E-02,2.29772907E-02,2.24098694E-02,2.17393450E-02,2.09761970E-02,2.03300118E-02,1.97826996E-02,1.93009637E-02,1.88017488E-02,1.85198877E-02,1.81377009E-02,1.76584553E-02,1.70097034E-02,1.61345769E-02,1.50869796E-02,1.39326444E-02,1.27411028E-02,1.14536695E-02,1.02873547E-02,9.18681268E-03,8.13217834E-03,7.22766342E-03,6.45948388E-03,5.83029911E-03,5.26213087E-03,4.69894754E-03,4.12980793E-03,3.60915577E-03,3.13693890E-03,2.73231789E-03,2.36481242E-03,2.09232327E-03,1.90554722E-03,1.74980261E-03,1.65471341E-03,1.57651398E-03,1.53491821E-03,1.48664752E-03,1.45016552E-03,1.42737001E-03,1.42523611E-03,1.42456451E-03,1.41486851E-03,1.41632569E-03,1.40213605E-03,1.39792974E-03,1.39675615E-03,1.39855547E-03,1.40686461E-03,1.39413704E-03,1.40270963E-03,1.40994578E-03,1.41058839E-03,1.42078649E-03,1.43219321E-03,1.45144924E-03,1.49707799E-03,1.55079667E-03,1.63806963E-03,1.72082568E-03,1.80557545E-03,1.88245461E-03,1.97907840E-03,2.07562908E-03,2.18661013E-03,2.30540638E-03,2.42491928E-03,2.52457126E-03,2.64515309E-03,2.81193014E-03,2.93283747E-03,2.97444826E-03,2.89446092E-03,2.80833687E-03,2.75945640E-03,2.81114201E-03,2.89766514E-03,2.95116147E-03,2.98574707E-03,2.96190148E-03,2.87697464E-03,2.78564193E-03,2.67545204E-03,2.56534829E-03,2.45665410E-03,2.37312214E-03,2.27508764E-03,2.19682488E-03,2.13282160E-03,2.07333546E-03,2.03606859E-03,2.01063533E-03,1.99834374E-03,1.99233904E-03,2.02239444E-03,2.04803166E-03,2.10339786E-03,2.18478101E-03,2.25129491E-03,2.33650673E-03,2.40275054E-03,2.45407294E-03,2.49231956E-03,2.51202425E-03,2.51849205E-03,2.51172367E-03,2.50541582E-03,2.49884813E-03,2.50661466E-03,2.49976316E-03,2.51357094E-03,2.52839341E-03,2.54765246E-03,2.55062687E-03,2.55720224E-03,2.54770927E-03,2.54370808E-03,2.52469024E-03,2.48998357E-03,2.43030977E-03,2.38136784E-03,2.32160930E-03,2.24871957E-03,2.15813378E-03,2.05662241E-03,1.98407029E-03,1.89338834E-03,1.82124530E-03,1.74264191E-03,1.66939455E-03,1.59771228E-03,1.52846461E-03,1.45721773E-03,1.40680943E-03,1.34597986E-03,1.29301904E-03,1.25296682E-03,1.20618113E-03,1.17895182E-03,1.15332927E-03,1.12245209E-03,1.10691611E-03,1.08406914E-03,1.07205764E-03,1.05676346E-03,1.05009251E-03,1.03798474E-03,1.02771155E-03,1.03501743E-03,1.04543113E-03,1.05025526E-03,1.05401559E-03,1.06664514E-03,1.06820464E-03,1.07532763E-03,1.07541902E-03,1.08607137E-03,1.07991148E-03,1.08079542E-03,1.06873887E-03,1.06906809E-03,1.07005413E-03,1.05892785E-03,1.05715171E-03,1.03823305E-03,1.01793185E-03,1.00441650E-03,9.91681707E-04,9.76593001E-04,9.64809733E-04,9.50448797E-04,9.39710706E-04,9.28545778E-04,9.17691912E-04,9.02999309E-04,9.06488684E-04,8.86735856E-04,8.76581995E-04,8.69446085E-04,8.62099812E-04,8.56078288E-04,8.46431300E-04,8.36540363E-04,8.37005151E-04,8.27912474E-04,8.21005669E-04,8.09151446E-04,8.00869544E-04,7.84470118E-04,7.53242348E-04,7.10872409E-04,6.74003910E-04,6.17728627E-04,5.56240149E-04,4.93900268E-04,4.27374674E-04,3.61152226E-04,3.02548113E-04,2.42833790E-04,1.96272638E-04,1.63430537E-04,1.32140020E-04,1.07586726E-04,8.33473387E-05,6.98812291E-05,5.88724361E-05,4.39903342E-05,3.55624106E-05,2.81357061E-05,2.33210867E-05,2.03713098E-05,1.78978262E-05,1.27027024E-05,1.12021353E-05,6.92623144E-06,1.01004862E-05,9.38110043E-06,9.13867370E-06,2.95623522E-06,7.48316870E-06,6.44700685E-06,5.22357641E-06,4.62258731E-06,7.10057975E-06,7.36183483E-06,5.82314442E-06,2.68941403E-06,1.08905360E-05,6.25767052E-06,6.40872895E-06,8.61781336E-06,1.05421641E-05,8.46599778E-06,1.44361293E-05,8.67455947E-06,1.17570598E-05,1.05173640E-05,8.12480539E-06,1.17494019E-05,1.23825512E-05,7.56922009E-06,1.11460267E-05,1.23651907E-05,1.29460777E-05,1.23577247E-05,1.25094475E-05,1.00293237E-05,1.47977144E-05,1.69156265E-05,2.26885004E-05,1.99677925E-05,1.63220684E-05,1.82318508E-05,1.65721849E-05,2.07328558E-05,1.83554221E-05,1.62883225E-05,1.78045357E-05,2.40953341E-05,2.63789443E-05,2.47932912E-05,2.22308845E-05,2.53540184E-05,1.37523057E-05,2.63517686E-05,1.83700777E-05,1.66880800E-05,1.71422325E-05,1.37961051E-05,6.19784396E-06,9.04898570E-06,6.76057880E-06,6.97722726E-06,1.79827166E-05,4.24922109E-06,-1.37E-06,1.20692357E-05,1.25965871E-05,-5.35E-06,-4.12E-06,7.02149464E-06,7.15772785E-06,-1.49E-06,9.99719487E-06,-2.69E-06,3.89337720E-06,3.28244573E-06,7.17140392E-06,1.19394608E-05,-5.02E-07,1.21972589E-05,7.76388879E-06,-4.24E-06,8.74594480E-06,1.14841123E-05,2.65442964E-06,6.24398172E-06,-9.89E-06,2.76847800E-06,2.81951975E-06,7.01992531E-06,1.90780861E-06,-3.11E-06,4.73147975E-06,1.31351612E-06,1.43207799E-05,2.61501600E-06,INT SYNC:059.94[Hz],DOUBLE FRAME,NORMAL,STANDARD DARK,ONE,CIE1931 (2°),1°,100,0.33333333,0.33333333,NONE,1,66733,828359,OFF,TRUE,2024/03/25,16:53:19,OK00,----,----,----,CS-3000HDR,3001075,1.00.0008
122,3.26169724E+02,2.92103694E+02,1.80859090E+03,2.92103694E+02,0.13439965,0.1203626,0.12874912,0.25942999,----,----,475.618775,88.0979588,149.820036,26.7699572,-239.084213,2.52010104E+00,473,8.61450462E-06,-9.39E-06,-1.08E-05,-9.55E-06,-1.48E-06,9.81041194E-06,8.95152880E-06,1.13888145E-05,5.90305888E-07,-4.24E-06,9.50436879E-06,1.96399942E-05,2.66452889E-06,1.64254507E-05,1.26908581E-05,-7.68E-06,7.28817122E-06,4.86683803E-06,-1.31E-07,9.15696910E-06,6.82785503E-06,-6.32E-06,1.79738945E-05,6.64861545E-07,7.15752867E-06,3.60571505E-07,6.45967793E-06,3.56947953E-06,4.60234759E-07,-1.37E-06,8.87361750E-07,5.50060477E-08,-1.66E-05,-1.74E-05,-3.03E-06,-8.57E-06,-1.63E-05,-1.36E-05,-2.64E-05,-9.40E-06,-2.14E-05,-2.58E-05,-1.89E-05,-1.72E-05,-2.27E-05,-3.99E-05,-2.12E-05,-3.06E-05,-4.18E-05,-2.28E-05,-3.15E-05,-2.97E-05,-3.73E-05,-4.27E-05,-5.11E-05,-4.54E-05,-4.71E-05,-3.79E-05,-7.43E-06,6.45221226E-05,1.42048186E-04,3.50908696E-04,6.71980379E-04,1.15092262E-03,1.99888134E-03,3.08242999E-03,4.57526976E-03,6.46507926E-03,9.14517790E-03,1.20068686E-02,1.53498556E-02,1.90263093E-02,2.33653095E-02,2.74870601E-02,3.17258053E-02,3.58539633E-02,4.03713807E-02,4.40142676E-02,4.74524200E-02,5.02239764E-02,5.24699725E-02,5.40022552E-02,5.52401878E-02,5.63418232E-02,5.74498810E-02,5.88517785E-02,5.99779859E-02,6.12905659E-02,6.26889542E-02,6.39072061E-02,6.49230182E-02,6.58856183E-02,6.65240809E-02,6.69077858E-02,6.65230602E-02,6.57387078E-02,6.45124987E-02,6.28123507E-02,6.06612191E-02,5.89138158E-02,5.73072694E-02,5.58715127E-02,5.43719940E-02,5.30672148E-02,5.16495742E-02,5.00258692E-02,4.78868335E-02,4.54815663E-02,4.24898826E-02,3.90934311E-02,3.56527828E-02,3.17856520E-02,2.82437522E-02,2.47972850E-02,2.15741359E-02,1.86326373E-02,1.62773225E-02,1.41828433E-02,1.22351367E-02,1.04155876E-02,8.57739151E-03,7.04794051E-03,5.75243495E-03,4.69372841E-03,3.77302151E-03,3.13731353E-03,2.66205845E-03,2.34354078E-03,2.11504847E-03,1.95843261E-03,1.86120754E-03,1.78702909E-03,1.73496176E-03,1.72507786E-03,1.69171591E-03,1.68176240E-03,1.67684397E-03,1.68916513E-03,1.67986681E-03,1.64365047E-03,1.62105146E-03,1.61688682E-03,1.59453938E-03,1.58714573E-03,1.56971754E-03,1.57131173E-03,1.54722179E-03,1.51616195E-03,1.50882860E-03,1.51202502E-03,1.53268978E-03,1.57503295E-03,1.64850731E-03,1.70879799E-03,1.78186723E-03,1.83202524E-03,1.92170928E-03,1.98449637E-03,2.09841295E-03,2.20530829E-03,2.31930357E-03,2.44780607E-03,2.57215323E-03,2.70304363E-03,2.82614119E-03,2.85502686E-03,2.76670093E-03,2.69478187E-03,2.64913472E-03,2.71542929E-03,2.78333481E-03,2.84969551E-03,2.87497789E-03,2.82620266E-03,2.75712111E-03,2.66400119E-03,2.56174779E-03,2.44185072E-03,2.34656944E-03,2.25794199E-03,2.17403169E-03,2.11554929E-03,2.04547890E-03,1.99140469E-03,1.94542995E-03,1.93443615E-03,1.91675138E-03,1.90379540E-03,1.92003755E-03,1.93257746E-03,1.98700721E-03,2.04581581E-03,2.09207693E-03,2.16467562E-03,2.20807898E-03,2.23108078E-03,2.23128870E-03,2.21256632E-03,2.16379552E-03,2.08323309E-03,1.99394790E-03,1.89508498E-03,1.76820240E-03,1.66777335E-03,1.54615648E-03,1.42536534E-03,1.29351392E-03,1.16698665E-03,1.02685136E-03,9.07283917E-04,7.74773885E-04,6.59120327E-04,5.48156328E-04,4.46329766E-04,3.62091610E-04,2.83703586E-04,2.27905330E-04,1.77276350E-04,1.34517089E-04,1.08599867E-04,8.73555400E-05,6.86515632E-05,5.08015655E-05,5.44973045E-05,4.16901457E-05,4.16568837E-05,3.95876559E-05,3.50203372E-05,4.18539021E-05,3.13278942E-05,3.64625557E-05,3.67165449E-05,3.50971350E-05,3.68004585E-05,3.03360048E-05,3.45893786E-05,3.27163179E-05,3.39770522E-05,3.56013406E-05,3.28565729E-05,3.19610590E-05,3.35066979E-05,3.73350231E-05,3.38996324E-05,3.15725047E-05,3.20794716E-05,3.19365608E-05,2.71373101E-05,2.96979961E-05,2.95467980E-05,2.44481926E-05,2.40994705E-05,2.98814884E-05,2.31212271E-05,2.66591160E-05,2.45435349E-05,2.27286619E-05,2.83853497E-05,2.81308130E-05,1.92542448E-05,2.35016050E-05,2.61691457E-05,1.98190864E-05,2.31212398E-05,2.10613562E-05,2.25583626E-05,2.35507778E-05,2.70525325E-05,2.35041862E-05,2.39318197E-05,2.39272522E-05,2.16699609E-05,2.54875249E-05,2.84887155E-05,2.29823345E-05,2.33596675E-05,2.98409395E-05,2.57713746E-05,3.41476807E-05,3.19149949E-05,3.01467298E-05,3.09795469E-05,3.40274382E-05,3.08939234E-05,2.83099798E-05,3.43834399E-05,2.84126054E-05,2.54362149E-05,2.88369756E-05,2.97827628E-05,1.63194127E-05,1.99883143E-05,2.55971481E-05,1.26329887E-05,1.56423448E-05,1.81008527E-05,8.19598517E-06,6.87524289E-06,1.38015857E-05,8.63676360E-06,1.28280608E-05,1.37015531E-05,1.87493879E-05,1.02603726E-05,8.18844819E-06,1.11606214E-05,1.02559861E-05,1.07695078E-05,1.13234246E-05,1.06476155E-05,1.30839271E-05,1.62711622E-05,1.41041937E-05,1.20523127E-05,1.17404779E-05,1.37635761E-05,1.41904184E-05,1.36924546E-05,1.58562907E-05,1.78959863E-06,1.64936828E-05,8.40165740E-06,2.27844575E-05,1.56948663E-05,8.82164295E-06,1.07442229E-05,1.16455167E-05,7.63301978E-06,9.21215724E-06,1.19929537E-05,1.76348731E-05,6.07783477E-06,8.87748502E-06,1.37604993E-05,2.24880459E-05,1.52912908E-05,1.54207883E-05,1.60017426E-05,1.29391283E-05,1.66621103E-05,3.14499198E-06,2.61062223E-06,7.69909366E-06,1.80134248E-05,2.38897283E-05,1.23465788E-05,1.55042817E-05,1.95421762E-05,3.29517025E-05,2.59515546E-05,2.01376006E-05,1.94902168E-05,2.45698793E-05,1.90519495E-05,1.99593433E-05,2.18247387E-05,2.92962031E-05,2.14795382E-05,3.52182542E-05,3.20258223E-05,3.89081106E-05,2.90427761E-05,2.57695046E-05,1.24876924E-05,2.08367455E-05,1.15258508E-05,1.09757420E-05,1.79913313E-05,2.22697167E-06,-3.04E-06,2.33408609E-05,2.01747625E-05,2.47117496E-05,1.18589878E-05,-8.04E-06,5.99409077E-06,1.50044725E-05,1.09529028E-05,-2.65E-06,-8.76E-06,7.53127267E-07,1.36581684E-05,1.47035362E-05,9.20912862E-06,1.09211132E-05,1.58374569E-05,-1.97E-05,4.38519128E-05,2.36995020E-05,1.80691914E-05,-4.19E-06,3.00700249E-05,3.44907107E-06,2.50679605E-05,1.98319890E-06,8.88334307E-06,-1.74E-05,-3.55E-05,2.08312176E-05,1.59721931E-05,-4.91E-06,INT SYNC:059.94[Hz],DOUBLE FRAME,NORMAL,STANDARD DARK,ONE,CIE1931 (2°),1°,100,0.33333333,0.33333333,NONE,1,33367,762519,OFF,TRUE,2024/03/25,16:53:23,OK00,----,----,----,CS-3000HDR,3001075,1.00.0008
123,2.12743511E+02,2.02040744E+02,7.67255394E+02,2.02040744E+02,0.17998001,0.17092552,0.15346357,0.32792192,----,----,475.852654,67.6800888,130.646255,10.9699228,-141.627996,1.24006693E+00,473,5.53773452E-06,-2.63E-06,5.76635557E-06,4.47361970E-08,-2.45E-06,5.95689744E-06,9.24484721E-06,-1.70E-06,7.15030637E-06,2.99020235E-06,3.97785652E-06,1.34357215E-05,-5.10E-07,5.78602021E-06,9.66533321E-07,2.98411760E-06,1.22100064E-05,5.54633743E-06,4.04570528E-06,-4.26E-06,9.16305851E-07,1.92766947E-06,2.52012660E-06,-5.16E-06,-3.21E-07,-5.32E-06,2.51308137E-07,-2.55E-06,4.25887674E-06,-4.13E-06,6.42766645E-06,-2.71E-06,-6.72E-07,1.49220500E-06,1.36097026E-06,-6.17E-06,-1.24E-06,-1.47E-06,-7.67E-06,-7.97E-06,-4.70E-06,-1.60E-05,-4.24E-06,-1.49E-05,-3.76E-06,-3.15E-06,-9.32E-06,-8.32E-06,-9.21E-06,-9.38E-06,-1.76E-05,-9.76E-06,-1.82E-05,-2.00E-05,-2.35E-05,-2.19E-05,-2.08E-05,-2.22E-05,-3.63E-06,2.69414068E-05,7.77204987E-05,1.63076766E-04,3.14185192E-04,5.33270882E-04,8.95326666E-04,1.37040939E-03,2.03548186E-03,2.86232424E-03,4.02683951E-03,5.28499251E-03,6.76157605E-03,8.34712666E-03,1.02688856E-02,1.21387979E-02,1.40232928E-02,1.58864129E-02,1.78451929E-02,1.94981918E-02,2.09540706E-02,2.20620763E-02,2.29222830E-02,2.34501399E-02,2.37593744E-02,2.40010601E-02,2.43112519E-02,2.46892981E-02,2.50832140E-02,2.55625490E-02,2.60457322E-02,2.65396573E-02,2.69116163E-02,2.72180177E-02,2.74986532E-02,2.75669731E-02,2.73931138E-02,2.69431937E-02,2.62906533E-02,2.55402867E-02,2.45904047E-02,2.38554031E-02,2.31804736E-02,2.25927122E-02,2.20773332E-02,2.16091350E-02,2.11499110E-02,2.05893498E-02,1.97427515E-02,1.87974218E-02,1.75185669E-02,1.61656439E-02,1.47343697E-02,1.32375211E-02,1.18150655E-02,1.05015794E-02,9.26233735E-03,8.13141651E-03,7.21363630E-03,6.45353319E-03,5.78475883E-03,5.07934904E-03,4.40820353E-03,3.79636139E-03,3.25237610E-03,2.78332387E-03,2.37374939E-03,2.07885844E-03,1.86014036E-03,1.70498271E-03,1.59092282E-03,1.49733713E-03,1.45053852E-03,1.40726520E-03,1.37444586E-03,1.35543256E-03,1.35665247E-03,1.34304899E-03,1.34174596E-03,1.32797961E-03,1.32927275E-03,1.30771054E-03,1.30251388E-03,1.30157627E-03,1.29555527E-03,1.30265078E-03,1.32321264E-03,1.31571514E-03,1.31031452E-03,1.32142683E-03,1.32480927E-03,1.34674145E-03,1.38985354E-03,1.44856435E-03,1.51561911E-03,1.58686633E-03,1.65692775E-03,1.74305378E-03,1.80918036E-03,1.91701739E-03,2.00940482E-03,2.10961141E-03,2.22765515E-03,2.33845133E-03,2.44050450E-03,2.57436489E-03,2.69161118E-03,2.73077982E-03,2.67589698E-03,2.58448208E-03,2.55302666E-03,2.58927746E-03,2.67109252E-03,2.72065541E-03,2.74455594E-03,2.71897740E-03,2.64490885E-03,2.56093661E-03,2.45267246E-03,2.33750255E-03,2.25838600E-03,2.16619833E-03,2.09867372E-03,2.02187221E-03,1.96157000E-03,1.90768403E-03,1.86628941E-03,1.84784632E-03,1.83703378E-03,1.82232854E-03,1.84270181E-03,1.87945599E-03,1.92778627E-03,1.97948166E-03,2.05409108E-03,2.12358381E-03,2.19251891E-03,2.24895263E-03,2.27927743E-03,2.29026377E-03,2.30128691E-03,2.29366170E-03,2.27681547E-03,2.27047387E-03,2.26875534E-03,2.26712786E-03,2.26264005E-03,2.27071205E-03,2.27542454E-03,2.26424122E-03,2.27302802E-03,2.25721020E-03,2.25180271E-03,2.21552956E-03,2.18189065E-03,2.13865913E-03,2.07886798E-03,2.02107849E-03,1.95264025E-03,1.86347833E-03,1.79256534E-03,1.70583825E-03,1.63163885E-03,1.57031254E-03,1.50466862E-03,1.43692538E-03,1.37378706E-03,1.32187991E-03,1.26767915E-03,1.21687003E-03,1.16976176E-03,1.11901644E-03,1.08260498E-03,1.03753246E-03,1.00903877E-03,9.93252732E-04,9.66581632E-04,9.55969503E-04,9.35005432E-04,9.19015438E-04,9.11852403E-04,9.02068394E-04,8.93982360E-04,8.93967634E-04,8.88082141E-04,9.00017563E-04,9.02657397E-04,9.08032060E-04,9.14637232E-04,9.22203588E-04,9.23095620E-04,9.25236440E-04,9.22075356E-04,9.29432688E-04,9.16570018E-04,9.25282424E-04,9.18887788E-04,9.13970231E-04,9.08153772E-04,9.02051805E-04,8.86687194E-04,8.82854103E-04,8.67786934E-04,8.44690891E-04,8.40740686E-04,8.28155084E-04,8.17889988E-04,8.04642914E-04,7.96857697E-04,7.86130840E-04,7.77563720E-04,7.77748355E-04,7.77240552E-04,7.52278254E-04,7.51237094E-04,7.46577163E-04,7.42673816E-04,7.30546191E-04,7.29503343E-04,7.15991831E-04,7.23156554E-04,7.16951909E-04,7.09771295E-04,6.98156655E-04,6.83081744E-04,6.52286748E-04,6.29567483E-04,5.82359789E-04,5.42411057E-04,4.87000594E-04,4.28921659E-04,3.68593552E-04,3.16232734E-04,2.68271309E-04,2.13674517E-04,1.74371584E-04,1.41811339E-04,1.16077150E-04,9.16363715E-05,7.44358913E-05,5.86538663E-05,5.25396608E-05,3.99342098E-05,3.42885905E-05,2.98463874E-05,2.13717376E-05,1.82504828E-05,1.59969677E-05,1.68900879E-05,1.39261574E-05,1.40038792E-05,1.07744090E-05,9.98184896E-06,5.99158329E-06,9.37913501E-06,1.19817687E-05,7.83385531E-06,9.21190349E-06,1.03586099E-05,6.06134654E-06,1.02173753E-05,4.44609896E-06,5.86204169E-06,-4.43E-07,1.37137272E-06,7.19155878E-06,7.85177144E-06,1.21040030E-05,1.20920904E-05,9.01685780E-06,9.96364361E-06,1.39280910E-05,1.03471830E-05,4.93008474E-06,9.76385945E-06,9.91768411E-06,1.04485434E-05,1.36140552E-05,1.02356489E-05,1.52597295E-05,1.64528210E-05,1.31344777E-05,1.36292665E-05,1.59840256E-05,1.69938194E-05,1.91842446E-05,2.03058862E-05,1.69846098E-05,2.39584497E-05,2.33766077E-05,1.58922921E-05,1.79606268E-05,1.66245954E-05,1.96563433E-05,1.98418529E-05,2.68515323E-05,2.36840533E-05,2.39628716E-05,1.70532658E-05,1.92415628E-05,2.54090173E-05,1.15697521E-05,1.67402650E-05,2.50468729E-05,1.29620530E-05,1.68408569E-05,1.42348781E-05,1.49867647E-05,3.77549031E-06,8.82901622E-06,1.35838400E-05,2.04220873E-06,6.13303337E-06,8.98708095E-06,7.64948982E-06,2.98116083E-06,1.34787351E-05,1.83624525E-05,-6.22E-07,1.23099962E-05,3.49948368E-06,4.42695591E-06,-4.54E-06,4.57063152E-06,5.01483464E-06,8.30467707E-06,1.25073002E-05,1.83714656E-06,7.84701933E-06,-8.36E-06,1.00497828E-05,5.86556325E-06,1.43279276E-05,1.46306650E-06,-5.50E-06,1.87039996E-06,-2.97E-06,-6.37E-06,-9.00E-06,-4.01E-06,6.51147388E-07,9.17669524E-07,1.13519036E-05,INT SYNC:059.94[Hz],DOUBLE FRAME,NORMAL,STANDARD DARK,ONE,CIE1931 (2°),1°,100,0.33333333,0.33333333,NONE,1,66733,832179,OFF,TRUE,2024/03/25,16:53:26,OK00,----,----,----,CS-3000HDR,3001075,1.00.0008
124,3.22982285E+02,2.87719796E+02,1.80574663E+03,2.87719796E+02,0.1336599,0.11906721,0.12847322,0.25750529,----,----,475.567938,88.4918459,148.986308,27.9402706,-240.246328,2.51197629E+00,473,1.16072874E-06,1.14541831E-06,-4.20E-06,7.80513074E-06,2.46079053E-05,-8.79E-06,-6.24E-06,-6.81E-07,7.52449296E-07,4.91355013E-06,6.20642368E-06,-1.83E-06,7.59683098E-06,1.03613884E-05,1.63342327E-06,2.72470720E-06,-1.39E-06,4.45108208E-06,-9.01E-06,2.17895803E-07,-6.95E-06,1.94050841E-07,5.75189119E-07,2.34104209E-06,1.71030672E-06,-2.42E-06,-1.85E-05,1.98872640E-05,4.70268014E-06,-2.62E-06,-1.07E-05,-4.03E-06,-6.84E-06,-1.31E-05,-1.40E-05,-1.04E-05,-1.92E-05,-1.48E-05,-6.71E-06,-1.90E-05,-1.50E-05,-1.63E-05,-4.03E-06,-2.64E-05,-2.09E-05,-3.42E-05,-1.50E-05,-2.76E-05,-3.05E-05,-2.93E-05,-3.75E-05,-2.23E-05,-4.49E-05,-3.46E-05,-4.44E-05,-4.60E-05,-4.99E-05,-4.93E-05,-4.44E-06,3.44638211E-05,1.38247880E-04,3.17057100E-04,6.34148601E-04,1.11933844E-03,1.92209508E-03,2.96363188E-03,4.44177166E-03,6.30755210E-03,8.91831703E-03,1.17092766E-02,1.50203016E-02,1.86552629E-02,2.30087116E-02,2.71330439E-02,3.14061791E-02,3.55593488E-02,3.99219543E-02,4.38700356E-02,4.72519025E-02,4.99694720E-02,5.24075776E-02,5.38196974E-02,5.51567152E-02,5.63340113E-02,5.75344674E-02,5.89215234E-02,6.00791983E-02,6.14184365E-02,6.29164651E-02,6.39826879E-02,6.51529729E-02,6.59995750E-02,6.67436719E-02,6.70342445E-02,6.68055490E-02,6.59733042E-02,6.45535067E-02,6.28858209E-02,6.08703867E-02,5.90778887E-02,5.75101376E-02,5.61597869E-02,5.44318482E-02,5.31532802E-02,5.18283173E-02,5.01536392E-02,4.81529720E-02,4.55908105E-02,4.26185019E-02,3.91733497E-02,3.57786864E-02,3.18714865E-02,2.82927677E-02,2.48274300E-02,2.16380171E-02,1.87137742E-02,1.62863173E-02,1.41603965E-02,1.22735286E-02,1.03713190E-02,8.55452474E-03,7.05324952E-03,5.73621364E-03,4.64370335E-03,3.71332630E-03,3.09660682E-03,2.60846340E-03,2.27978011E-03,2.05679820E-03,1.91018183E-03,1.81055011E-03,1.73012982E-03,1.67987566E-03,1.64943258E-03,1.64090167E-03,1.64051459E-03,1.62626978E-03,1.63242070E-03,1.60591479E-03,1.57688116E-03,1.57300895E-03,1.55861804E-03,1.53782230E-03,1.52713200E-03,1.53052760E-03,1.49669021E-03,1.47908379E-03,1.46793271E-03,1.46526389E-03,1.46540930E-03,1.47157151E-03,1.52027200E-03,1.57632574E-03,1.63261232E-03,1.70060783E-03,1.76844501E-03,1.82858307E-03,1.91856269E-03,2.01226445E-03,2.12214864E-03,2.20845011E-03,2.31774454E-03,2.44020158E-03,2.55680294E-03,2.66502704E-03,2.72247894E-03,2.65281368E-03,2.55247205E-03,2.52802228E-03,2.57659401E-03,2.64724041E-03,2.70628021E-03,2.72071734E-03,2.69141397E-03,2.62563513E-03,2.54357071E-03,2.44040298E-03,2.33547529E-03,2.24531884E-03,2.15794821E-03,2.06980994E-03,2.00096937E-03,1.94902485E-03,1.89406855E-03,1.84201926E-03,1.82154065E-03,1.82039000E-03,1.80762133E-03,1.81738730E-03,1.84768182E-03,1.89517124E-03,1.94622320E-03,1.99860940E-03,2.05069804E-03,2.09803018E-03,2.12904369E-03,2.11831485E-03,2.10543396E-03,2.05599121E-03,1.96935562E-03,1.90019433E-03,1.79781986E-03,1.68472610E-03,1.58730894E-03,1.47801335E-03,1.35557703E-03,1.23774365E-03,1.11173803E-03,9.85882478E-04,8.62445158E-04,7.35067006E-04,6.27194589E-04,5.28990407E-04,4.26698592E-04,3.42555810E-04,2.79705971E-04,2.19138412E-04,1.72287837E-04,1.30640736E-04,1.04264836E-04,8.29760756E-05,6.45734326E-05,5.62797904E-05,5.23496201E-05,3.97077565E-05,4.14396818E-05,3.90090245E-05,3.60132835E-05,3.36003141E-05,4.33800487E-05,3.66558161E-05,3.46130291E-05,3.22606393E-05,3.32194832E-05,3.46561683E-05,3.22721171E-05,3.54012591E-05,3.36636040E-05,3.98477714E-05,3.56921228E-05,3.51664894E-05,2.96247345E-05,3.22493906E-05,3.86699467E-05,3.51314156E-05,3.38916543E-05,2.90704811E-05,2.76991577E-05,2.75749335E-05,2.41377620E-05,2.73627957E-05,2.37184759E-05,3.30535440E-05,2.92436762E-05,2.30144433E-05,2.31014455E-05,2.06635468E-05,2.25786753E-05,2.31801969E-05,2.23880579E-05,2.28738718E-05,2.53006128E-05,2.14095526E-05,2.04416865E-05,2.43942759E-05,2.44632793E-05,2.59799926E-05,2.19490248E-05,2.50063458E-05,2.51135552E-05,2.19033336E-05,2.56680942E-05,2.37930599E-05,2.23720053E-05,2.53593498E-05,3.14023891E-05,2.81026914E-05,2.90787466E-05,2.84240341E-05,3.27380440E-05,3.39935141E-05,2.98556715E-05,2.91218967E-05,2.61610330E-05,3.21597327E-05,2.90342159E-05,2.97992738E-05,2.49958921E-05,2.31717186E-05,2.46155341E-05,2.16267963E-05,2.22003964E-05,1.88068334E-05,1.14964114E-05,8.77503771E-06,1.81574778E-05,1.57502564E-05,1.61104654E-05,1.91081181E-05,6.90942397E-06,7.27330189E-06,8.01910483E-06,3.09525331E-06,5.13098576E-06,1.08739478E-05,8.90260708E-06,1.31796996E-05,5.15888996E-06,5.12152837E-06,1.08616405E-05,1.12359994E-05,1.23630107E-05,1.33061640E-05,1.46231241E-05,4.36198025E-06,2.11157015E-07,9.03552154E-06,7.80785376E-06,4.43067120E-06,5.33399771E-06,1.12117741E-05,1.73597564E-05,1.90139654E-05,1.44433361E-05,1.49560519E-05,2.41608686E-05,1.28793945E-05,9.88743977E-06,6.64316076E-06,4.86897989E-06,1.40262655E-05,8.58861495E-06,1.53232049E-05,1.62017805E-05,1.41075898E-05,4.95338281E-06,1.42746185E-05,3.70447924E-05,1.12901789E-05,4.05290575E-06,2.41575199E-05,1.12178577E-05,1.01192481E-05,8.84096698E-06,2.20074380E-05,4.26416227E-06,1.90229930E-05,1.94233726E-05,1.39334361E-05,2.79778560E-05,3.54910117E-05,1.60841864E-05,1.33059975E-05,1.76703434E-05,3.62570609E-05,2.93284193E-05,2.46991494E-05,2.22480048E-05,3.11921249E-05,3.47829882E-05,2.42958304E-05,2.41975940E-05,3.11687982E-05,1.48591698E-05,2.54306542E-05,2.36182295E-05,2.99945896E-05,1.19930028E-05,-3.40E-06,-5.30E-06,1.85332756E-05,2.54271126E-05,1.90088740E-05,8.77894126E-06,1.74049874E-05,1.90414412E-05,1.49082971E-05,2.59130156E-05,2.83652535E-05,6.07854099E-06,5.87527893E-06,2.21963346E-05,1.46576504E-05,-1.72E-05,1.40388620E-05,2.88989886E-05,7.80366918E-06,9.00848499E-06,-1.34E-06,7.45703301E-06,-1.37E-05,1.75377409E-05,-1.52E-05,5.64260654E-06,1.31770094E-05,-5.09E-06,-1.57E-05,-1.01E-05,-3.03E-05,2.19628149E-07,1.02309068E-05,INT SYNC:059.94[Hz],DOUBLE FRAME,NORMAL,STANDARD DARK,ONE,CIE1931 (2°),1°,100,0.33333333,0.33333333,NONE,1,33367,764692,OFF,TRUE,2024/03/25,16:53:30,OK00,----,----,----,CS-3000HDR,3001075,1.00.0008
125,2.19006995E+02,2.04014950E+02,8.67798079E+02,2.04014950E+02,0.16966501,0.15805065,0.14891786,0.31212841,----,----,475.610676,72.4893106,131.12235,15.1677818,-157.335478,1.35025598E+00,472,7.56614099E-07,3.32217724E-06,3.77278070E-06,-8.72E-07,6.32974024E-06,-5.96E-07,2.01394982E-06,2.97941028E-06,-4.30E-06,3.18084381E-06,3.22081678E-06,7.27057977E-06,-4.77E-06,-1.75E-06,3.67318034E-06,-4.92E-07,2.89495142E-06,5.71726332E-06,5.73999614E-06,-2.42E-06,3.12146858E-06,2.24616947E-08,-5.37E-06,1.53569056E-06,6.55694919E-07,-2.74E-06,2.57883789E-06,-2.03E-06,-5.72E-09,9.86524128E-07,7.37072057E-08,-8.91E-07,-2.77E-06,-5.99E-06,-3.58E-06,-2.38E-06,-6.22E-06,-3.62E-06,-8.84E-06,-6.41E-06,-7.72E-06,-7.01E-06,-8.72E-06,-1.49E-05,-8.86E-06,-9.85E-06,-4.69E-06,-7.17E-06,-1.50E-05,-1.48E-05,-1.84E-05,-1.42E-05,-1.66E-05,-2.29E-05,-2.64E-05,-2.00E-05,-2.84E-05,-1.89E-05,-6.74E-06,2.23263196E-05,7.48969105E-05,1.75373862E-04,3.30342329E-04,5.73397789E-04,9.76526411E-04,1.49877230E-03,2.23881146E-03,3.17203929E-03,4.45202738E-03,5.86429518E-03,7.48982280E-03,9.32791550E-03,1.14489039E-02,1.35440072E-02,1.56525429E-02,1.78022925E-02,2.00777017E-02,2.19334234E-02,2.35460605E-02,2.49061789E-02,2.58763712E-02,2.64809597E-02,2.69761626E-02,2.73019765E-02,2.76390910E-02,2.80570704E-02,2.85016783E-02,2.91094445E-02,2.96357032E-02,3.02594174E-02,3.06541249E-02,3.10085751E-02,3.13555785E-02,3.13221142E-02,3.12008020E-02,3.07231173E-02,2.99138483E-02,2.90379729E-02,2.80434098E-02,2.71770228E-02,2.64493786E-02,2.58213505E-02,2.51539536E-02,2.46224571E-02,2.40760166E-02,2.34308150E-02,2.24728752E-02,2.13614423E-02,1.99428331E-02,1.83291566E-02,1.66672710E-02,1.49448933E-02,1.33104064E-02,1.17728841E-02,1.03425998E-02,9.01707727E-03,8.01245216E-03,7.11605093E-03,6.28917804E-03,5.49917854E-03,4.72334586E-03,4.02471330E-03,3.40399775E-03,2.87393946E-03,2.42175790E-03,2.09968560E-03,1.85258046E-03,1.68599328E-03,1.57376763E-03,1.46732992E-03,1.41605502E-03,1.37313653E-03,1.34431827E-03,1.31749874E-03,1.30875036E-03,1.30569213E-03,1.30458560E-03,1.29103253E-03,1.29019702E-03,1.26847695E-03,1.26089458E-03,1.26072590E-03,1.25316833E-03,1.26819487E-03,1.25894055E-03,1.26695319E-03,1.26481045E-03,1.26718287E-03,1.27683568E-03,1.29325455E-03,1.33066974E-03,1.37656438E-03,1.44336862E-03,1.50396244E-03,1.57780910E-03,1.64940709E-03,1.73704000E-03,1.81451777E-03,1.90622674E-03,2.00523483E-03,2.10530451E-03,2.20691576E-03,2.32374831E-03,2.45585991E-03,2.54739379E-03,2.57630576E-03,2.54002842E-03,2.43243854E-03,2.40457407E-03,2.45801359E-03,2.51893140E-03,2.57074507E-03,2.59081856E-03,2.56106420E-03,2.50784238E-03,2.41383049E-03,2.32160394E-03,2.22559622E-03,2.13982165E-03,2.05937028E-03,1.97658199E-03,1.90905714E-03,1.84100028E-03,1.80332491E-03,1.76699716E-03,1.74581399E-03,1.72687415E-03,1.73288933E-03,1.74855290E-03,1.76939764E-03,1.82091212E-03,1.87358889E-03,1.93541020E-03,1.99915981E-03,2.06729886E-03,2.10820115E-03,2.14402913E-03,2.14253645E-03,2.14144518E-03,2.14103819E-03,2.12623249E-03,2.10665143E-03,2.10035243E-03,2.08417862E-03,2.07829336E-03,2.08399189E-03,2.08317535E-03,2.06920039E-03,2.06126575E-03,2.04328075E-03,2.01784028E-03,1.98404002E-03,1.93665514E-03,1.89284107E-03,1.83926721E-03,1.78094930E-03,1.70209317E-03,1.62845675E-03,1.55479764E-03,1.49332359E-03,1.42380979E-03,1.35719730E-03,1.30728399E-03,1.25039148E-03,1.18928764E-03,1.13933079E-03,1.09062286E-03,1.05390814E-03,1.00945460E-03,9.60227393E-04,9.36610624E-04,9.05055262E-04,8.79667234E-04,8.51278659E-04,8.37501779E-04,8.22055212E-04,8.13652470E-04,8.02743889E-04,7.81205599E-04,7.73160951E-04,7.76336354E-04,7.69670994E-04,7.75989087E-04,7.76016910E-04,7.78590504E-04,7.85864657E-04,7.90007412E-04,8.01257382E-04,7.97224464E-04,7.91380880E-04,8.00828740E-04,8.03152623E-04,7.94569380E-04,7.99630187E-04,7.89701415E-04,7.87283410E-04,7.86571822E-04,7.76031346E-04,7.70076120E-04,7.52564520E-04,7.49577302E-04,7.33640278E-04,7.29818246E-04,7.13008398E-04,7.05933373E-04,6.92402304E-04,6.90726389E-04,6.80608267E-04,6.71979098E-04,6.77530246E-04,6.63137122E-04,6.61181926E-04,6.54255564E-04,6.52722607E-04,6.49290392E-04,6.42226718E-04,6.38751371E-04,6.34012453E-04,6.31877687E-04,6.29060552E-04,6.23716100E-04,6.13268407E-04,6.01809123E-04,5.79093758E-04,5.55906212E-04,5.18102141E-04,4.74313623E-04,4.28097061E-04,3.78265773E-04,3.24150227E-04,2.79065891E-04,2.37913075E-04,1.85761499E-04,1.53811954E-04,1.25090635E-04,1.00553865E-04,8.46410476E-05,6.63807368E-05,5.71050768E-05,4.38949755E-05,3.35036420E-05,2.89961481E-05,2.07473495E-05,1.98632060E-05,1.42719909E-05,1.39585618E-05,1.37798825E-05,1.06488133E-05,1.10118945E-05,1.08328295E-05,1.03762650E-05,5.46265119E-06,1.00225734E-05,6.70673398E-06,1.21955954E-05,6.25142002E-06,7.09365622E-06,9.61491241E-06,7.50280878E-06,8.29623787E-06,1.21294124E-05,8.85924965E-06,4.89814011E-06,1.27555368E-05,1.43114512E-05,8.93898869E-06,1.50938868E-05,1.14512050E-05,1.01871592E-05,8.65152833E-06,1.19307388E-05,8.96044367E-06,9.58532382E-06,1.12455082E-05,1.35517921E-05,1.73049120E-05,1.66664358E-05,1.35645951E-05,2.28933659E-05,9.09774371E-06,1.43480274E-05,1.53685196E-05,1.26501791E-05,1.28109859E-05,2.65832223E-05,1.19206707E-05,9.40461905E-06,2.50983558E-05,2.13659878E-05,2.37354325E-05,2.12706746E-05,2.00337199E-05,2.37012864E-05,2.83168356E-05,2.65627332E-05,2.90900643E-05,1.66011741E-05,1.34166239E-05,2.42126316E-05,1.65434230E-05,2.01656003E-05,2.38848243E-05,2.83449499E-05,1.49388707E-05,2.94235888E-05,1.41155324E-05,2.48302094E-05,2.18730402E-05,2.01951189E-05,1.36928729E-05,1.14157938E-05,1.55068647E-05,1.33986414E-05,5.14815110E-06,1.18386824E-05,6.29764418E-06,3.90895593E-06,-2.30E-06,1.77478250E-05,2.35513153E-06,-1.28E-05,8.50583456E-06,1.23531954E-05,-1.37E-06,3.18443722E-06,4.59288049E-06,1.45829572E-05,7.11025632E-06,6.57948476E-06,1.80515599E-05,1.30842809E-05,1.46221566E-07,-1.29E-06,-5.13E-06,2.82870383E-06,8.92172284E-06,1.77442635E-05,1.18603230E-05,1.45082095E-05,-1.06E-05,9.63799266E-06,INT SYNC:059.94[Hz],DOUBLE FRAME,NORMAL,STANDARD DARK,ONE,CIE1931 (2°),1°,100,0.33333333,0.33333333,NONE,1,66733,831557,OFF,TRUE,2024/03/25,16:53:33,OK00,----,----,----,CS-3000HDR,3001075,1.00.0008
126,3.17240886E+02,2.80068240E+02,1.79212720E+03,2.80068240E+02,0.13276809,0.11721101,0.12824749,0.25474526,----,----,475.477853,89.0054765,147.510612,29.8954263,-241.468145,2.48632409E+00,473,-1.05E-06,1.55035432E-05,1.41796431E-06,1.28536408E-06,-6.85E-06,2.26059401E-05,-4.71E-06,-6.66E-06,2.81856455E-06,-7.68E-07,2.42096280E-06,2.19084941E-05,7.16922523E-06,1.02314470E-06,1.78762875E-05,1.38710866E-05,1.47154824E-05,1.07114683E-05,1.15609168E-06,-1.91E-06,1.15831290E-05,1.64725179E-06,1.12316166E-05,-4.22E-06,1.57668330E-06,4.78729862E-06,-8.82E-07,-5.42E-06,-9.10E-07,-8.89E-06,-1.86E-06,-6.44E-06,-1.02E-05,-1.37E-06,-2.81E-05,-2.26E-06,-1.47E-05,-1.17E-05,-2.01E-05,-1.29E-05,-1.03E-05,-1.26E-05,-6.49E-06,-1.39E-05,-1.81E-05,-3.19E-05,-5.58E-06,-1.80E-05,-3.04E-05,-3.32E-05,-3.24E-05,-3.01E-05,-4.13E-05,-5.38E-05,-4.98E-05,-4.51E-05,-5.51E-05,-5.03E-05,-8.19E-06,3.02289664E-05,1.31550099E-04,3.09236319E-04,6.24066219E-04,1.06633594E-03,1.85973011E-03,2.87179672E-03,4.30505816E-03,6.16283622E-03,8.66680034E-03,1.14230216E-02,1.47033101E-02,1.82910115E-02,2.25640647E-02,2.66969129E-02,3.08107249E-02,3.50600071E-02,3.95031050E-02,4.32931334E-02,4.66135554E-02,4.95570749E-02,5.18722869E-02,5.34637868E-02,5.47008850E-02,5.58534935E-02,5.73342517E-02,5.84377423E-02,5.97621202E-02,6.11213930E-02,6.24440536E-02,6.38438165E-02,6.49174154E-02,6.57648221E-02,6.65142685E-02,6.67900220E-02,6.65403232E-02,6.57869801E-02,6.44112602E-02,6.27188236E-02,6.07205182E-02,5.89048937E-02,5.73812760E-02,5.59465922E-02,5.43473884E-02,5.30326813E-02,5.16886897E-02,5.00972122E-02,4.79690023E-02,4.54407632E-02,4.24677655E-02,3.91080491E-02,3.55832838E-02,3.17711979E-02,2.81845089E-02,2.47044191E-02,2.15650201E-02,1.85052473E-02,1.61789171E-02,1.40334163E-02,1.20452419E-02,1.02102207E-02,8.40964261E-03,6.86900970E-03,5.58861019E-03,4.48634010E-03,3.61308525E-03,2.97172111E-03,2.50936719E-03,2.17786920E-03,1.95656531E-03,1.79908576E-03,1.71165913E-03,1.63632201E-03,1.60037563E-03,1.57513027E-03,1.55464758E-03,1.54536776E-03,1.54456566E-03,1.53391541E-03,1.52568379E-03,1.49031950E-03,1.47248048E-03,1.46021903E-03,1.46580569E-03,1.43576367E-03,1.42143259E-03,1.41867448E-03,1.39901601E-03,1.38378097E-03,1.36489340E-03,1.35432277E-03,1.36967900E-03,1.42322690E-03,1.46591605E-03,1.53779064E-03,1.58855889E-03,1.63184595E-03,1.69865042E-03,1.78727345E-03,1.87792291E-03,1.97989237E-03,2.05467409E-03,2.15999666E-03,2.26617372E-03,2.40144972E-03,2.50814855E-03,2.52840924E-03,2.46562087E-03,2.41011777E-03,2.35788454E-03,2.38757278E-03,2.46783253E-03,2.53502373E-03,2.53519020E-03,2.50840280E-03,2.44581979E-03,2.36081146E-03,2.25416641E-03,2.16956227E-03,2.07116129E-03,1.99898402E-03,1.91812613E-03,1.87088340E-03,1.79113087E-03,1.76148757E-03,1.73673767E-03,1.70355837E-03,1.67436362E-03,1.67381414E-03,1.68710249E-03,1.70911138E-03,1.73954095E-03,1.78560673E-03,1.84768939E-03,1.90821174E-03,1.94587884E-03,1.97348418E-03,1.96878728E-03,1.95114547E-03,1.89478649E-03,1.83705625E-03,1.75843225E-03,1.67137897E-03,1.58369238E-03,1.49269227E-03,1.37350219E-03,1.27004099E-03,1.15105428E-03,1.03894877E-03,9.18069913E-04,8.08254699E-04,6.89100591E-04,5.94589685E-04,4.86286415E-04,4.02852456E-04,3.30671493E-04,2.63025751E-04,2.08039084E-04,1.63257631E-04,1.30929824E-04,9.60031757E-05,7.89174301E-05,6.38593483E-05,5.65991686E-05,5.15290412E-05,4.06070940E-05,4.25355393E-05,4.06225445E-05,3.49140901E-05,3.92543843E-05,3.65809683E-05,3.79635130E-05,3.59594887E-05,3.36367884E-05,3.29688337E-05,3.18314887E-05,3.92990587E-05,3.20052641E-05,3.45197950E-05,3.44805012E-05,3.32548479E-05,3.71015449E-05,3.06614784E-05,3.56470118E-05,3.61019011E-05,3.44069813E-05,3.29771392E-05,2.92596706E-05,2.95906466E-05,3.01832351E-05,2.48110446E-05,3.17019985E-05,2.40987138E-05,2.85733440E-05,2.25712556E-05,2.27987603E-05,2.53141079E-05,2.41231992E-05,2.45991378E-05,2.01194434E-05,2.00711656E-05,2.13206349E-05,2.30542701E-05,2.62737121E-05,2.21304726E-05,1.94611202E-05,2.14022002E-05,2.24132054E-05,2.26451302E-05,2.72733105E-05,1.89384227E-05,1.95015109E-05,2.21794326E-05,2.52164118E-05,2.27783530E-05,2.32724360E-05,2.23685438E-05,2.52690388E-05,2.77335639E-05,2.45535721E-05,2.65491472E-05,3.10779760E-05,3.00896481E-05,3.36050980E-05,3.13822748E-05,2.45666506E-05,2.21690152E-05,2.68969288E-05,2.04228254E-05,2.44063031E-05,2.29140769E-05,1.36524477E-05,2.06217246E-05,1.42404579E-05,1.08986005E-05,1.68268998E-05,1.79401432E-05,1.65510464E-05,1.25173729E-05,1.46551447E-05,1.12098214E-05,8.51036748E-06,1.18480602E-05,6.82271002E-06,1.05668523E-05,1.15108551E-05,1.37250800E-05,1.54458758E-05,5.94254016E-06,1.23306090E-05,1.06415846E-05,1.17120335E-05,1.29237797E-05,8.69616906E-06,1.74413690E-05,9.01278145E-06,9.84792041E-06,1.11770960E-05,1.42894969E-05,1.29575174E-05,6.18124432E-06,1.42416084E-05,1.75460227E-05,1.09635048E-05,9.83933023E-06,1.33214944E-05,1.16691517E-05,1.89406319E-06,9.51859147E-06,6.89333092E-06,1.59634201E-05,8.01983970E-06,5.75295053E-06,7.21281640E-06,7.71992836E-06,8.39226050E-06,2.32716429E-05,1.87041260E-05,2.38435023E-05,2.91735669E-05,2.21748337E-06,1.01103133E-05,1.68235238E-05,1.76582816E-05,1.35740838E-05,2.20949169E-05,2.15728305E-05,7.64327433E-06,2.82772071E-05,1.27300664E-05,2.81597222E-05,1.37082343E-05,1.23608988E-05,3.26822556E-05,3.17039485E-05,2.68533877E-05,2.77038835E-05,3.60863087E-05,2.25322601E-05,2.43580544E-05,3.37001329E-05,4.06696527E-05,1.75909208E-05,2.39604324E-05,2.16366188E-05,2.24365940E-05,2.83735262E-05,1.32377481E-05,3.04399673E-05,1.13460037E-05,3.21129737E-05,1.74685974E-05,5.48061735E-07,2.47300923E-05,4.28577732E-06,-1.82E-05,1.70786207E-05,2.45132615E-05,2.64796799E-05,2.48230826E-05,7.86305554E-06,2.50264038E-05,2.09977188E-05,5.39500115E-06,4.30527689E-06,2.27120836E-05,3.65146625E-05,1.01341011E-05,2.48137712E-05,2.81978573E-05,4.97304791E-05,-3.04E-06,-9.31E-06,2.46090458E-05,-1.72E-06,-1.98E-05,2.63176426E-05,3.95552115E-06,-6.30E-06,1.10978799E-05,1.88003123E-05,-1.19E-05,INT SYNC:059.94[Hz],DOUBLE FRAME,NORMAL,STANDARD DARK,ONE,CIE1931 (2°),1°,100,0.33333333,0.33333333,NONE,1,33367,760207,OFF,TRUE,2024/03/25,16:53:37,OK00,----,----,----,CS-3000HDR,3001075,1.00.0008
127,2.27055693E+02,2.05273654E+02,9.71483666E+02,2.05273654E+02,0.16174212,0.14622578,0.14600217,0.29699056,----,----,475.221679,76.4381191,131.424295,21.7251018,-172.571786,1.46516618E+00,473,-1.11E-05,-1.82E-06,1.85767913E-05,-1.34E-05,2.98402801E-06,-1.33E-05,1.14170070E-05,2.33476158E-06,-1.12E-05,2.89194736E-06,8.23370726E-07,-8.81E-06,-2.89E-06,-1.16E-05,5.24049801E-06,2.70960709E-06,-1.04E-06,-1.23E-06,3.44597606E-06,2.16594549E-06,1.20176583E-06,9.52062601E-06,1.72308830E-07,2.30731803E-06,8.97577229E-06,4.96896155E-06,-7.14E-06,-7.28E-06,1.58320881E-06,-1.79E-07,-8.31E-06,-8.49E-06,-1.08E-06,-8.79E-06,-1.77E-06,1.32355160E-06,-7.95E-06,-1.34E-05,-7.10E-06,-1.05E-05,-1.37E-05,-1.10E-05,-5.77E-06,-1.45E-07,-5.86E-06,-1.70E-05,-1.12E-05,-1.24E-05,-2.77E-05,-1.20E-05,-1.52E-05,-2.38E-05,-2.21E-05,-3.01E-05,-3.61E-05,-2.23E-05,-3.16E-05,-3.00E-05,-6.30E-06,1.55705002E-05,7.79927068E-05,1.88939812E-04,3.69001442E-04,6.24772918E-04,1.06806227E-03,1.65422878E-03,2.44198251E-03,3.50772380E-03,4.90275584E-03,6.44845190E-03,8.25886428E-03,1.03062540E-02,1.27091883E-02,1.49970036E-02,1.73563547E-02,1.96545199E-02,2.22740192E-02,2.43883878E-02,2.62158103E-02,2.77369488E-02,2.88918503E-02,2.96564065E-02,3.02107297E-02,3.06885745E-02,3.10932472E-02,3.15954797E-02,3.21273282E-02,3.27461697E-02,3.34101170E-02,3.40096951E-02,3.45455892E-02,3.49598229E-02,3.52709480E-02,3.53256389E-02,3.51558365E-02,3.45094763E-02,3.37447971E-02,3.27857621E-02,3.16982158E-02,3.06822304E-02,2.98286770E-02,2.90775523E-02,2.83459853E-02,2.77819373E-02,2.71693654E-02,2.63690818E-02,2.53059175E-02,2.40064468E-02,2.24220138E-02,2.05854084E-02,1.87221989E-02,1.67196728E-02,1.48889152E-02,1.31498706E-02,1.14802634E-02,9.94923431E-03,8.73986352E-03,7.74150668E-03,6.77135913E-03,5.91059821E-03,4.99814004E-03,4.19428200E-03,3.52297141E-03,2.93663493E-03,2.43860856E-03,2.08047219E-03,1.82357349E-03,1.63966056E-03,1.51950854E-03,1.42033782E-03,1.35492103E-03,1.29911152E-03,1.26837532E-03,1.25081453E-03,1.23763166E-03,1.22740131E-03,1.23108539E-03,1.21132878E-03,1.21971697E-03,1.20190857E-03,1.18850067E-03,1.18260679E-03,1.17761898E-03,1.18036848E-03,1.17971981E-03,1.17145467E-03,1.18421216E-03,1.17649941E-03,1.17690640E-03,1.18893303E-03,1.22616207E-03,1.25972752E-03,1.33165275E-03,1.41210901E-03,1.45557895E-03,1.52152847E-03,1.58292952E-03,1.66983146E-03,1.74596359E-03,1.83314574E-03,1.94014667E-03,2.01146980E-03,2.12663203E-03,2.23964895E-03,2.33774283E-03,2.36256607E-03,2.31784489E-03,2.24519731E-03,2.21337564E-03,2.24709185E-03,2.31062248E-03,2.37216102E-03,2.36396305E-03,2.32796022E-03,2.28131935E-03,2.22075428E-03,2.10179086E-03,2.03487417E-03,1.94990693E-03,1.86226715E-03,1.79212145E-03,1.74667535E-03,1.69283897E-03,1.63818523E-03,1.60602340E-03,1.59493287E-03,1.56861788E-03,1.58085371E-03,1.59134378E-03,1.61520508E-03,1.66125374E-03,1.70608575E-03,1.78246479E-03,1.83102291E-03,1.87522452E-03,1.91823789E-03,1.94734847E-03,1.94911670E-03,1.96024752E-03,1.95590174E-03,1.95046037E-03,1.92643562E-03,1.92624645E-03,1.91078964E-03,1.91031955E-03,1.90865702E-03,1.90681964E-03,1.90343359E-03,1.88593986E-03,1.87443884E-03,1.85703952E-03,1.81762688E-03,1.78198458E-03,1.73187838E-03,1.67498249E-03,1.61279121E-03,1.53892743E-03,1.50014739E-03,1.41741708E-03,1.34304294E-03,1.30081736E-03,1.23759033E-03,1.18366571E-03,1.13647664E-03,1.08434085E-03,1.04675395E-03,1.00480940E-03,9.53265990E-04,9.15552897E-04,8.83515866E-04,8.49135686E-04,8.30029312E-04,7.96971261E-04,7.80583126E-04,7.66588200E-04,7.50656298E-04,7.42230448E-04,7.34894653E-04,7.17154238E-04,7.19244883E-04,7.03694939E-04,7.04054022E-04,7.07371510E-04,7.17778923E-04,7.15554750E-04,7.13596994E-04,7.18211231E-04,7.26464204E-04,7.30154861E-04,7.29036634E-04,7.25059770E-04,7.27856066E-04,7.38029310E-04,7.25138583E-04,7.14995374E-04,7.20661075E-04,7.15127040E-04,7.12349487E-04,7.06954859E-04,6.86341838E-04,6.78587181E-04,6.71735965E-04,6.70117559E-04,6.53778261E-04,6.44462940E-04,6.37563935E-04,6.30130759E-04,6.21705549E-04,6.16741541E-04,6.10720250E-04,6.10165996E-04,6.06906659E-04,5.99997991E-04,6.00744330E-04,5.93437813E-04,5.85424947E-04,5.92944620E-04,5.80176478E-04,5.92772849E-04,5.83380286E-04,5.65198658E-04,5.61304449E-04,5.49018092E-04,5.35004248E-04,5.10287471E-04,4.80572926E-04,4.47052007E-04,4.06977982E-04,3.59420839E-04,3.02316446E-04,2.59690336E-04,2.24431118E-04,1.79027164E-04,1.34167538E-04,1.20178396E-04,9.59755271E-05,7.77679452E-05,6.49572612E-05,4.94792985E-05,3.72310496E-05,2.97876049E-05,2.15438395E-05,1.80482166E-05,2.02332121E-05,9.38752055E-06,3.78867639E-06,1.44292217E-05,9.42935367E-06,9.01384919E-06,1.45142376E-05,1.26912619E-05,4.89562217E-06,9.31189697E-06,5.33702223E-06,8.53282199E-06,3.02553281E-06,8.65369839E-06,1.32452351E-05,4.34335834E-06,2.74038575E-06,1.21604480E-05,5.54360849E-06,6.45047294E-06,5.06579272E-06,8.93188826E-06,6.53378083E-06,4.70822761E-06,1.64621670E-05,8.54242899E-06,1.62399501E-05,6.34540038E-06,1.05771433E-05,9.59515819E-06,7.63802473E-06,7.72852673E-06,2.30462483E-05,2.07887770E-05,1.27074654E-05,1.91954150E-05,2.24816631E-05,2.18888144E-05,2.32421426E-05,1.57833783E-05,1.25373745E-05,1.58867879E-05,1.82386339E-05,1.34345009E-05,9.39600341E-06,2.40328918E-05,1.29592354E-05,1.98973539E-05,2.10939997E-05,1.43150064E-05,9.95632217E-06,2.05373567E-06,1.86116522E-05,2.72754296E-05,6.40958206E-06,2.62965477E-05,2.27612509E-05,1.97135068E-05,2.02183655E-05,2.33007777E-05,1.01396763E-05,1.16337151E-05,6.84869519E-06,1.27611256E-05,2.86054292E-05,4.81980578E-06,-5.14E-08,8.77272578E-06,1.43463931E-05,1.17413792E-05,2.24685609E-05,-1.68E-06,4.84634847E-06,9.62193440E-07,1.71736319E-05,1.60688596E-05,-2.84E-06,-4.35E-06,6.15430372E-06,-1.66E-06,1.18685775E-05,1.71147040E-05,-6.14E-06,-2.20E-05,1.46947386E-05,6.12739041E-06,-2.58E-05,-8.50E-06,2.58060663E-05,-1.48E-05,-7.53E-06,-1.08E-05,8.75883416E-06,9.91864363E-06,-1.69E-05,-1.61E-05,-3.57E-06,2.69059601E-05,INT SYNC:059.94[Hz],DOUBLE FRAME,NORMAL,STANDARD DARK,ONE,CIE1931 (2°),1°,100,0.33333333,0.33333333,NONE,1,33367,763390,OFF,TRUE,2024/03/25,16:53:40,OK00,----,----,----,CS-3000HDR,3001075,1.00.0008
128,3.13663999E+02,2.74891737E+02,1.78801360E+03,2.74891737E+02,0.13198184,0.11566746,0.128012,0.25242376,----,----,475.408641,89.4460713,146.496952,31.4930301,-242.815075,2.47473140E+00,473,3.38862242E-06,-1.11E-05,1.24542175E-05,4.46830791E-06,-2.12E-05,-3.82E-06,9.67452161E-06,6.94001926E-07,-2.36E-07,8.92162097E-06,1.84379332E-05,1.29770006E-05,-1.35E-05,-3.28E-06,2.58408022E-06,3.49226957E-06,2.57236661E-06,1.25103979E-05,6.34205162E-06,-1.23E-05,1.00822908E-05,5.46128831E-06,-6.95E-06,1.14330885E-06,-2.32E-06,5.43369833E-06,-9.01E-06,5.52424081E-06,-1.00E-05,-6.92E-06,-1.65E-06,-1.13E-05,-1.18E-05,-1.30E-05,-8.66E-06,-1.56E-05,-1.48E-05,-1.28E-05,-1.63E-05,-2.11E-06,-1.60E-05,-3.07E-05,-1.32E-05,-1.27E-05,-1.27E-05,-2.44E-05,-1.39E-05,-1.08E-05,-3.65E-05,-2.90E-05,-2.98E-05,-2.14E-05,-2.39E-05,-3.66E-05,-3.90E-05,-5.48E-05,-5.02E-05,-5.07E-05,-2.02E-05,2.65491617E-05,1.30576620E-04,3.05222202E-04,5.86390786E-04,1.05307309E-03,1.78189611E-03,2.77442951E-03,4.13656374E-03,5.97150670E-03,8.45893752E-03,1.12313256E-02,1.44018074E-02,1.80040337E-02,2.22508237E-02,2.63664983E-02,3.05378493E-02,3.46848704E-02,3.92213129E-02,4.30930667E-02,4.64272462E-02,4.92951274E-02,5.17367758E-02,5.32721318E-02,5.46105914E-02,5.58663756E-02,5.72377965E-02,5.85118681E-02,5.98665811E-02,6.11611158E-02,6.25609532E-02,6.38414025E-02,6.49429932E-02,6.57785237E-02,6.65082633E-02,6.68865740E-02,6.66190311E-02,6.58420324E-02,6.45193681E-02,6.28664345E-02,6.07292317E-02,5.90938069E-02,5.74695617E-02,5.60097769E-02,5.43740056E-02,5.31192571E-02,5.18085063E-02,5.01751006E-02,4.80435044E-02,4.55362052E-02,4.25898284E-02,3.91471647E-02,3.56367528E-02,3.18435095E-02,2.82331612E-02,2.47337259E-02,2.15107277E-02,1.85454357E-02,1.61049012E-02,1.40062887E-02,1.20450184E-02,1.01868557E-02,8.39137379E-03,6.80465298E-03,5.51618729E-03,4.42994665E-03,3.50923673E-03,2.89170002E-03,2.43984256E-03,2.10894458E-03,1.88050582E-03,1.72828382E-03,1.64010143E-03,1.57358148E-03,1.54851971E-03,1.51286775E-03,1.49500987E-03,1.46940222E-03,1.47049618E-03,1.47224718E-03,1.44376815E-03,1.42323785E-03,1.41249923E-03,1.40493794E-03,1.40090892E-03,1.37980038E-03,1.36580504E-03,1.34446775E-03,1.32349459E-03,1.30010431E-03,1.29920291E-03,1.30816037E-03,1.31746230E-03,1.34105759E-03,1.38612243E-03,1.43298798E-03,1.48653763E-03,1.56639318E-03,1.59839960E-03,1.68810517E-03,1.76183705E-03,1.85526069E-03,1.94896723E-03,2.03211815E-03,2.13011890E-03,2.25086976E-03,2.35718349E-03,2.37369607E-03,2.33226176E-03,2.24850327E-03,2.20904662E-03,2.25704000E-03,2.31223670E-03,2.37207860E-03,2.39695841E-03,2.35847849E-03,2.29315623E-03,2.22172495E-03,2.12144712E-03,2.05392996E-03,1.94827712E-03,1.88370142E-03,1.81221578E-03,1.75177353E-03,1.68174761E-03,1.66012510E-03,1.63480209E-03,1.59606501E-03,1.56973302E-03,1.57945289E-03,1.57988735E-03,1.61033683E-03,1.63421314E-03,1.68064679E-03,1.72608590E-03,1.78512372E-03,1.81738439E-03,1.83653773E-03,1.85845117E-03,1.82278780E-03,1.78083801E-03,1.72531558E-03,1.66329218E-03,1.58116256E-03,1.48306543E-03,1.39287941E-03,1.29540800E-03,1.19971309E-03,1.08866743E-03,9.78229102E-04,8.71232245E-04,7.68068130E-04,6.65360538E-04,5.66200644E-04,4.68518760E-04,3.86159547E-04,3.08679766E-04,2.42002454E-04,1.99244183E-04,1.56289112E-04,1.16908945E-04,9.55932483E-05,7.56727823E-05,6.17410842E-05,5.40288347E-05,5.60478220E-05,4.19362004E-05,3.96034120E-05,3.94605740E-05,3.50553091E-05,3.65054875E-05,3.39445287E-05,3.47334935E-05,3.66660097E-05,3.22010019E-05,2.98924224E-05,3.64329426E-05,3.12783741E-05,3.48348112E-05,3.63807085E-05,3.59589212E-05,2.90923290E-05,3.23403619E-05,3.56752898E-05,3.07890405E-05,3.14351710E-05,2.44043767E-05,3.15285288E-05,3.11467047E-05,2.89974305E-05,2.89233485E-05,3.19321334E-05,2.77125037E-05,2.03076634E-05,3.33732278E-05,2.70384589E-05,2.20339061E-05,2.42949354E-05,2.53999278E-05,2.66161751E-05,2.20527836E-05,1.74120069E-05,2.02633637E-05,2.50325083E-05,2.13725725E-05,2.14994143E-05,2.12070863E-05,2.00875529E-05,2.35983789E-05,2.29799498E-05,2.26868233E-05,2.93337362E-05,2.69580942E-05,2.58942764E-05,2.72395137E-05,2.45540468E-05,1.84607525E-05,2.34732815E-05,2.86141221E-05,2.78713487E-05,2.72529014E-05,3.19979736E-05,3.02257722E-05,2.60128036E-05,2.93342000E-05,3.22833075E-05,2.88135343E-05,2.19437043E-05,2.73287496E-05,2.28450790E-05,2.53345570E-05,2.37926324E-05,2.39496421E-05,1.64556513E-05,2.51585279E-05,1.55082544E-05,1.03687080E-05,1.27479298E-05,1.53866313E-05,6.02610089E-06,1.90126812E-05,1.24784683E-05,4.07477228E-06,1.08955464E-05,1.68835413E-05,1.19301130E-05,1.31635916E-05,1.39291669E-05,8.20893365E-06,9.47867011E-06,1.23390892E-05,4.17360252E-06,2.21270329E-06,1.88404829E-06,1.54946174E-05,9.68948734E-06,1.23753189E-05,1.30723083E-05,1.70013682E-05,1.04938108E-05,9.21528226E-06,3.76779803E-06,8.97641166E-06,3.11119402E-06,1.51156355E-05,6.54609948E-06,5.33862885E-06,2.54612883E-06,7.02086527E-06,1.69590585E-05,6.99720977E-06,1.53283145E-05,9.08904713E-06,2.92884533E-06,1.06967045E-05,7.18824003E-06,1.91297549E-05,2.63910479E-05,1.85501376E-05,2.09187056E-05,1.72202399E-05,2.69025186E-05,1.15817556E-05,1.76827616E-05,1.62923025E-05,3.16847468E-06,1.19489368E-05,1.12589096E-05,1.52946322E-05,3.34152173E-05,3.71990282E-05,2.52298705E-05,2.70512846E-05,3.11711628E-05,2.52501559E-05,3.55925367E-05,3.17785525E-05,2.29297566E-05,2.43926297E-05,3.35929872E-05,3.04472474E-06,1.45564954E-05,4.57182541E-05,2.92095356E-05,3.32241543E-05,2.50929170E-05,2.51157999E-05,1.02255690E-07,3.10261421E-05,1.26269069E-05,-5.95E-06,1.78046207E-06,9.61772184E-06,1.60993059E-05,9.06566402E-06,-3.22E-06,-8.89E-07,1.94055920E-05,3.35852346E-05,-8.42E-07,2.16188982E-05,-7.90E-06,5.59123919E-06,1.78982391E-05,1.00694460E-05,1.12742891E-05,6.08254913E-06,1.89145958E-05,9.29375528E-06,2.52032769E-05,2.17489123E-05,4.63068943E-07,-2.69E-06,-1.79E-05,1.53162109E-05,-9.33E-06,-1.51E-05,-1.32E-05,-2.76E-05,-2.26E-05,4.31329645E-05,1.18250646E-05,-8.05E-06,INT SYNC:059.94[Hz],DOUBLE FRAME,NORMAL,STANDARD DARK,ONE,CIE1931 (2°),1°,100,0.33333333,0.33333333,NONE,1,33367,763620,OFF,TRUE,2024/03/25,16:53:43,OK00,----,----,----,CS-3000HDR,3001075,1.00.0008
129,2.33476116E+02,2.07361169E+02,1.07547506E+03,2.07361169E+02,0.15397627,0.1367536,0.1421399,0.28404261,----,----,475.111181,80.0297498,131.922351,25.7151055,-186.426971,1.57979785E+00,472,-7.14E-07,-5.84E-06,-1.08E-05,4.96568532E-07,-8.14E-06,-9.05E-06,-6.76E-07,-8.60E-06,5.39204962E-07,-5.59E-06,6.72199150E-08,-8.29E-06,9.28577811E-06,3.67230882E-06,8.65388301E-06,-3.84E-06,-2.77E-06,2.16186550E-06,-2.05E-05,1.78592515E-07,3.31933052E-06,5.56783618E-07,-8.70E-07,5.37652841E-06,5.46787214E-06,9.28214718E-07,3.26490799E-08,2.75809793E-06,-1.29E-06,6.24754921E-06,-9.10E-06,1.94414042E-06,-1.60E-05,6.46402395E-06,-1.25E-05,-9.90E-06,-3.22E-06,-1.27E-05,-6.44E-06,-2.09E-05,-1.42E-05,-1.71E-05,-7.64E-06,-6.53E-06,-1.66E-05,-1.35E-05,-1.21E-05,-1.19E-05,-2.00E-05,-1.37E-05,-1.54E-05,-1.75E-05,-1.84E-05,-2.89E-05,-3.42E-05,-4.37E-05,-1.81E-05,-1.66E-05,-1.24E-05,3.53689356E-05,8.24664894E-05,2.00188428E-04,3.84304352E-04,6.67056942E-04,1.15161191E-03,1.75545621E-03,2.63284543E-03,3.75753804E-03,5.34666190E-03,6.98243873E-03,8.96651018E-03,1.12252980E-02,1.38992118E-02,1.63955800E-02,1.89826041E-02,2.15990525E-02,2.44140197E-02,2.67699063E-02,2.88885683E-02,3.05336751E-02,3.19616832E-02,3.28430571E-02,3.35143954E-02,3.39488536E-02,3.46060470E-02,3.51185985E-02,3.57462615E-02,3.64258550E-02,3.72144282E-02,3.79165560E-02,3.84658873E-02,3.89163010E-02,3.93359549E-02,3.93322781E-02,3.91982310E-02,3.85378301E-02,3.76160741E-02,3.65031436E-02,3.52951922E-02,3.41864042E-02,3.32934223E-02,3.24635319E-02,3.15569974E-02,3.08870003E-02,3.02170683E-02,2.93361377E-02,2.81598475E-02,2.67100912E-02,2.49380972E-02,2.28932276E-02,2.07788404E-02,1.85825732E-02,1.64123438E-02,1.45003106E-02,1.26444986E-02,1.09557286E-02,9.57281608E-03,8.39863531E-03,7.33360602E-03,6.32464234E-03,5.30012837E-03,4.44426388E-03,3.68861179E-03,3.02662002E-03,2.49989843E-03,2.13129213E-03,1.83544296E-03,1.62589329E-03,1.47890137E-03,1.38516608E-03,1.31079729E-03,1.26535643E-03,1.22209010E-03,1.23214454E-03,1.20365492E-03,1.18968019E-03,1.19323086E-03,1.16583437E-03,1.16589607E-03,1.15857518E-03,1.14471384E-03,1.14096433E-03,1.13564753E-03,1.12404465E-03,1.12628681E-03,1.12815714E-03,1.12653675E-03,1.11445098E-03,1.11468404E-03,1.13145600E-03,1.16327242E-03,1.20198762E-03,1.26025523E-03,1.32733688E-03,1.35559449E-03,1.41942676E-03,1.48505042E-03,1.55639637E-03,1.64712709E-03,1.73153076E-03,1.81714830E-03,1.90896820E-03,1.98098901E-03,2.08381331E-03,2.18752888E-03,2.22551916E-03,2.16132938E-03,2.09587882E-03,2.07209657E-03,2.08149035E-03,2.15167552E-03,2.19877390E-03,2.21702503E-03,2.18656659E-03,2.12486531E-03,2.06800620E-03,1.98424887E-03,1.89946359E-03,1.80358742E-03,1.73350645E-03,1.68761774E-03,1.62913976E-03,1.56977621E-03,1.54234807E-03,1.49832387E-03,1.47741940E-03,1.46297284E-03,1.47162180E-03,1.48230023E-03,1.49518938E-03,1.53019233E-03,1.59000838E-03,1.62898889E-03,1.67919043E-03,1.74049567E-03,1.76765083E-03,1.81403267E-03,1.80442946E-03,1.80567161E-03,1.80431583E-03,1.78110262E-03,1.75590452E-03,1.74880819E-03,1.73864607E-03,1.73043821E-03,1.72233407E-03,1.69821095E-03,1.68656721E-03,1.64824305E-03,1.62338489E-03,1.60472724E-03,1.56672229E-03,1.53299654E-03,1.46455714E-03,1.42156798E-03,1.37812749E-03,1.32219610E-03,1.25427905E-03,1.18742115E-03,1.13505824E-03,1.07871683E-03,1.03377097E-03,9.89602064E-04,9.45494743E-04,8.99244100E-04,8.61753069E-04,8.30364996E-04,7.93731131E-04,7.60892755E-04,7.30130414E-04,7.03679863E-04,6.82546932E-04,6.58181496E-04,6.45048101E-04,6.34605531E-04,6.22251537E-04,6.17484504E-04,6.05763460E-04,5.93117147E-04,5.81451110E-04,5.81975037E-04,5.83507819E-04,5.79518499E-04,5.83489949E-04,5.89204254E-04,5.92689263E-04,5.94537123E-04,5.95180318E-04,6.00902422E-04,6.01739099E-04,5.91042975E-04,5.92941127E-04,6.00861793E-04,6.04401459E-04,5.97956649E-04,5.97871607E-04,5.84566733E-04,5.76374237E-04,5.77364524E-04,5.68275631E-04,5.64259826E-04,5.55425126E-04,5.46954863E-04,5.37532440E-04,5.30155201E-04,5.25891897E-04,5.15672669E-04,5.16499684E-04,5.23349270E-04,5.08083089E-04,5.16016502E-04,5.07988501E-04,4.98396868E-04,5.02362091E-04,5.00717841E-04,4.98844136E-04,4.93385713E-04,4.92534775E-04,4.92803869E-04,4.85257158E-04,4.89324157E-04,4.84256772E-04,4.71352105E-04,4.57419519E-04,4.41457960E-04,4.10191366E-04,3.77230783E-04,3.35952820E-04,2.97637744E-04,2.62983143E-04,2.17123743E-04,1.91362473E-04,1.52074164E-04,1.18685930E-04,9.74002687E-05,7.70248662E-05,6.35024553E-05,5.09179190E-05,3.80269666E-05,3.08321687E-05,1.97503214E-05,2.49863697E-05,2.38564862E-05,1.73500248E-05,1.54715144E-05,1.73922999E-05,1.85147255E-05,1.51912964E-05,1.40500406E-05,1.84329547E-05,1.55557100E-05,1.17612408E-05,1.87794785E-06,7.04533704E-06,8.91520631E-06,-1.18E-06,4.89046079E-06,8.77470211E-06,8.19398792E-06,6.07463653E-06,5.57359363E-06,7.11375787E-06,9.49011246E-06,8.90942829E-06,5.14410067E-06,4.81772122E-06,8.86225735E-06,4.14072110E-06,1.86193556E-05,7.68360042E-06,6.76463742E-06,7.87091085E-06,1.53417659E-05,1.82201675E-05,1.47760911E-05,1.53569345E-05,9.98277392E-06,6.54564110E-06,4.65879430E-06,2.22583494E-05,1.96884776E-05,1.32244159E-05,8.16244028E-06,1.62176475E-05,2.75656021E-05,2.49712302E-05,2.33382616E-05,1.55697271E-05,2.55064369E-05,1.84211058E-05,2.60208290E-05,1.63044169E-05,2.19555677E-05,3.82024227E-05,2.29127054E-05,1.30818589E-05,1.88171834E-05,1.73338631E-05,1.41836690E-05,4.31878398E-05,3.48316753E-05,1.27595631E-05,1.71002955E-06,-6.75E-06,5.56738587E-06,1.34325619E-05,2.07913272E-05,2.49404366E-05,1.29155251E-06,1.16389629E-05,3.10050455E-05,1.61693260E-05,4.37586323E-06,-6.20E-06,1.00432890E-05,2.15820110E-05,1.12691787E-05,1.42841500E-05,-3.84E-06,8.12148937E-06,6.90469687E-06,3.88145872E-06,-9.31E-06,-9.14E-06,5.97736062E-06,6.70055124E-06,-1.21E-05,8.38478456E-07,2.29352991E-05,-2.31E-06,-1.54E-05,1.84690653E-05,-2.71E-05,-8.50E-06,-5.18E-06,-2.57E-05,-1.91E-05,5.58199851E-08,2.12694576E-05,8.15367366E-06,7.87886256E-06,INT SYNC:059.94[Hz],DOUBLE FRAME,NORMAL,STANDARD DARK,ONE,CIE1931 (2°),1°,100,0.33333333,0.33333333,NONE,1,33367,761056,OFF,TRUE,2024/03/25,16:53:46,OK00,----,----,----,CS-3000HDR,3001075,1.00.0008
130,3.09310995E+02,2.69427556E+02,1.77817552E+03,2.69427556E+02,0.13123558,0.11431369,0.12774517,0.25036502,----,----,475.354634,89.849607,145.413056,32.7634084,-243.722905,2.45709019E+00,473,-4.31E-07,-1.53E-06,-4.80E-06,4.29728698E-06,-2.63E-05,1.33772414E-06,-1.23E-05,6.24246604E-06,1.15322582E-05,1.34481588E-05,1.26295863E-05,1.02673275E-05,6.66743699E-06,1.26136820E-05,1.26653422E-05,4.25063490E-06,-7.62E-06,1.01139858E-05,2.86700561E-06,2.01236744E-05,-6.57E-06,-1.17E-06,-1.08E-05,1.87039914E-05,-9.75E-07,-7.98E-06,-1.22E-05,-6.50E-06,-5.21E-06,-1.34E-05,7.23624771E-06,-8.32E-06,-1.53E-06,-1.11E-05,-7.46E-06,-1.17E-05,-6.31E-06,-6.98E-06,-1.63E-05,-1.48E-05,-1.15E-05,-1.58E-05,-1.20E-05,-6.93E-06,-1.78E-05,-2.60E-05,-2.51E-05,-2.56E-05,-1.93E-05,-1.58E-05,-2.86E-05,-3.07E-05,-3.72E-05,-4.28E-05,-4.13E-05,-5.13E-05,-5.34E-05,-3.99E-05,-1.56E-05,3.09508905E-05,1.11701418E-04,2.68946664E-04,5.55288396E-04,9.79401870E-04,1.72496994E-03,2.66394671E-03,4.04243451E-03,5.79974800E-03,8.24356358E-03,1.09367734E-02,1.41475033E-02,1.76146161E-02,2.18795426E-02,2.59402189E-02,3.00729237E-02,3.41716595E-02,3.87430079E-02,4.26312611E-02,4.59770113E-02,4.88955081E-02,5.15299141E-02,5.29481471E-02,5.43077961E-02,5.56704625E-02,5.69461919E-02,5.83527349E-02,5.95598333E-02,6.09511919E-02,6.24437146E-02,6.37595057E-02,6.47056177E-02,6.56517446E-02,6.63937405E-02,6.67977408E-02,6.66115582E-02,6.57830760E-02,6.44140244E-02,6.28426820E-02,6.07001185E-02,5.90957105E-02,5.74320182E-02,5.59741072E-02,5.43634333E-02,5.30934669E-02,5.17963953E-02,5.01344129E-02,4.79629412E-02,4.54198010E-02,4.25643288E-02,3.91375124E-02,3.56300846E-02,3.17247398E-02,2.80838311E-02,2.47115400E-02,2.14706156E-02,1.84855741E-02,1.61024444E-02,1.39300274E-02,1.19746700E-02,1.01023512E-02,8.27222317E-03,6.75655948E-03,5.44794276E-03,4.34631808E-03,3.43592209E-03,2.82994728E-03,2.37968331E-03,2.04368471E-03,1.81660661E-03,1.67311064E-03,1.56006252E-03,1.50950439E-03,1.47053669E-03,1.44175172E-03,1.43181672E-03,1.42390747E-03,1.42248045E-03,1.40578777E-03,1.38970790E-03,1.38486852E-03,1.36141828E-03,1.34803529E-03,1.34494749E-03,1.30974420E-03,1.29336235E-03,1.28084386E-03,1.26960769E-03,1.25281396E-03,1.22838689E-03,1.23435957E-03,1.25637883E-03,1.28558127E-03,1.30398932E-03,1.35909172E-03,1.41154102E-03,1.46453595E-03,1.50805456E-03,1.58081448E-03,1.66352093E-03,1.76277640E-03,1.84407679E-03,1.91790785E-03,1.99957029E-03,2.10998161E-03,2.20095133E-03,2.24152370E-03,2.17415160E-03,2.12343340E-03,2.08689878E-03,2.10892386E-03,2.19101529E-03,2.22782558E-03,2.22923490E-03,2.21147924E-03,2.15444248E-03,2.08660820E-03,1.99748040E-03,1.91743497E-03,1.83448265E-03,1.76055380E-03,1.69655948E-03,1.63248333E-03,1.59332599E-03,1.54338474E-03,1.51391432E-03,1.50326977E-03,1.47275976E-03,1.47297827E-03,1.48330035E-03,1.50088768E-03,1.53189304E-03,1.56619947E-03,1.63047854E-03,1.68289908E-03,1.71539269E-03,1.71700690E-03,1.73635804E-03,1.70880742E-03,1.66411744E-03,1.62613776E-03,1.55042077E-03,1.47798844E-03,1.37820060E-03,1.30873884E-03,1.21831649E-03,1.13593554E-03,1.02833018E-03,9.33890871E-04,8.26645060E-04,7.35525857E-04,6.30040944E-04,5.29913465E-04,4.43958386E-04,3.55744181E-04,2.98331928E-04,2.39555840E-04,1.92147767E-04,1.47571001E-04,1.21488622E-04,9.20348321E-05,7.69489197E-05,6.02454929E-05,5.21519069E-05,4.22852208E-05,4.21140830E-05,3.98606207E-05,3.90284076E-05,3.51830568E-05,3.36154772E-05,3.84198211E-05,3.31111623E-05,3.22252490E-05,3.22979249E-05,3.79109370E-05,3.17141312E-05,3.15793332E-05,3.49865732E-05,3.78387413E-05,3.52152638E-05,3.19547398E-05,3.15112084E-05,3.10803443E-05,3.11755794E-05,3.18352759E-05,3.03672296E-05,2.93687426E-05,3.27211637E-05,2.73828209E-05,3.17981721E-05,2.67686282E-05,2.15132786E-05,2.98178202E-05,3.24791472E-05,2.29578127E-05,2.52993195E-05,2.34084655E-05,2.49649529E-05,2.26543470E-05,2.18226869E-05,1.86211473E-05,2.30698042E-05,2.47572680E-05,2.29051784E-05,2.74689846E-05,2.19690555E-05,1.80078787E-05,2.33218507E-05,2.41257403E-05,2.14889697E-05,2.69032171E-05,2.09143145E-05,2.24986743E-05,2.66257739E-05,2.40177524E-05,2.75501370E-05,2.32351995E-05,2.22454382E-05,2.92889035E-05,3.31245319E-05,2.57857319E-05,3.15778561E-05,2.95725386E-05,2.94297188E-05,3.02404333E-05,3.08606759E-05,2.63963975E-05,2.22967028E-05,2.80790737E-05,2.24872874E-05,1.77892871E-05,1.57287614E-05,1.88262438E-05,1.85027584E-05,1.12974221E-05,1.74361667E-05,1.57465020E-05,8.49034495E-06,1.56341866E-05,1.49736115E-05,8.44417082E-06,1.23534992E-05,1.24567014E-05,1.42617127E-05,1.06736861E-05,6.64494200E-06,1.15693501E-05,1.11233048E-05,1.85395184E-05,1.13396909E-05,3.99885084E-06,9.41281633E-06,1.07218020E-05,6.71461567E-06,1.53701585E-05,4.43591944E-06,1.19171682E-05,5.60531180E-06,1.90471546E-05,1.06538409E-05,1.25705546E-05,4.91077753E-06,1.17691498E-05,-2.38E-07,1.18980306E-05,1.21974663E-05,5.22450046E-06,9.61402020E-06,8.56647239E-06,1.38095920E-05,5.40137853E-06,1.47738619E-05,9.06806054E-06,7.38899325E-06,1.11508223E-06,1.64997127E-05,1.22428864E-05,1.17118889E-05,2.48308697E-05,2.26254269E-05,2.78437255E-05,1.99609131E-05,1.22426845E-05,5.17308581E-06,1.53766323E-05,2.71070330E-05,1.49939624E-05,-3.12E-07,1.53718993E-05,1.91863219E-05,1.13603401E-05,2.25418153E-05,3.42624953E-05,2.36290325E-05,2.42594779E-05,3.31091614E-05,1.97714689E-05,2.33252140E-05,1.86932957E-05,3.49783877E-05,3.02723147E-05,2.65409599E-05,2.21712344E-05,3.79278754E-05,2.14391748E-05,7.25132304E-06,4.24077507E-06,2.31671256E-05,5.28733290E-05,3.92343736E-06,1.11661598E-06,1.40673194E-06,1.29055443E-05,9.70503334E-06,-3.42E-07,1.73981389E-05,8.85098507E-06,1.48114104E-05,6.08010032E-06,-8.93E-07,1.58694384E-05,-4.05E-06,5.52674783E-06,1.00859406E-05,-4.13E-06,1.27979056E-05,4.06252948E-05,1.34504235E-05,5.31311453E-05,8.90977753E-06,-7.44E-07,1.93006072E-05,1.72383682E-06,1.77671682E-05,1.81285377E-05,2.11091556E-05,8.84246219E-06,6.50731999E-06,-7.18E-06,1.64580124E-05,2.61371279E-05,-1.03E-05,INT SYNC:059.94[Hz],DOUBLE FRAME,NORMAL,STANDARD DARK,ONE,CIE1931 (2°),1°,100,0.33333333,0.33333333,NONE,1,33367,758743,OFF,TRUE,2024/03/25,16:53:49,OK00,----,----,----,CS-3000HDR,3001075,1.00.0008
131,2.46665760E+02,2.13544646E+02,1.22418348E+03,2.13544646E+02,0.14644185,0.12677833,0.13852985,0.26983961,----,----,474.923994,83.6206432,133.378313,31.7020122,-203.392355,1.75341834E+00,473,-1.10E-05,1.14211234E-05,-4.56E-07,-8.43E-06,-2.68E-05,-5.79E-07,-5.06E-06,2.16927583E-06,1.19846254E-05,9.07711546E-06,-5.19E-06,1.69285086E-05,-5.21E-06,-9.51E-06,1.23957102E-06,-1.27E-05,2.16179578E-05,-8.64E-07,-1.03E-07,2.15561130E-07,4.54146038E-06,-4.88E-06,-3.50E-06,1.94219433E-06,-6.94E-06,-8.44E-06,-4.93E-06,-1.13E-05,9.38543337E-07,-1.80E-06,2.33948253E-06,2.40170834E-06,5.20109279E-06,-2.54E-05,-3.07E-06,-1.24E-05,-1.10E-05,-1.56E-06,-1.20E-05,-7.76E-06,-8.99E-06,-4.53E-06,-7.84E-06,-7.27E-06,-1.21E-05,-1.18E-05,-1.69E-05,-1.64E-05,-2.54E-05,-2.09E-05,-1.16E-05,-1.96E-05,-2.06E-05,-2.54E-05,-2.39E-05,-4.12E-05,-3.14E-05,-3.69E-05,-2.17E-06,2.80509357E-05,8.99326260E-05,2.06128752E-04,4.15751885E-04,7.37162016E-04,1.24670565E-03,1.94267696E-03,2.90412782E-03,4.16112458E-03,5.90130826E-03,7.75443530E-03,9.98747163E-03,1.25105912E-02,1.54440990E-02,1.83143858E-02,2.13004332E-02,2.42774989E-02,2.74440665E-02,3.02366056E-02,3.25835422E-02,3.45114246E-02,3.61857675E-02,3.72742005E-02,3.80215645E-02,3.86981107E-02,3.94761264E-02,4.01964337E-02,4.09781486E-02,4.18318622E-02,4.27473374E-02,4.34237421E-02,4.40947711E-02,4.46788743E-02,4.50375602E-02,4.51282114E-02,4.49164435E-02,4.43133004E-02,4.32638451E-02,4.19938751E-02,4.05580178E-02,3.93550657E-02,3.82829271E-02,3.73829529E-02,3.63040082E-02,3.55395339E-02,3.47338729E-02,3.36618498E-02,3.23428959E-02,3.06928288E-02,2.86312979E-02,2.62168311E-02,2.38084067E-02,2.12335810E-02,1.88005399E-02,1.65278930E-02,1.43753812E-02,1.23669133E-02,1.07862195E-02,9.36089829E-03,8.12412426E-03,6.92374166E-03,5.82255423E-03,4.79509961E-03,3.90476501E-03,3.17911827E-03,2.58464995E-03,2.15355540E-03,1.84140494E-03,1.60566205E-03,1.43986312E-03,1.34393643E-03,1.27533649E-03,1.22784358E-03,1.19035272E-03,1.15971616E-03,1.16750703E-03,1.14531361E-03,1.13385078E-03,1.12552184E-03,1.11714355E-03,1.10383623E-03,1.09982432E-03,1.08653365E-03,1.08867802E-03,1.06701127E-03,1.06922374E-03,1.05252501E-03,1.06377259E-03,1.02818210E-03,1.04333577E-03,1.06038293E-03,1.07675500E-03,1.12239260E-03,1.15669437E-03,1.20760256E-03,1.25232199E-03,1.28817535E-03,1.36847596E-03,1.42135215E-03,1.48969283E-03,1.58790720E-03,1.65901950E-03,1.73311622E-03,1.81745610E-03,1.90905540E-03,1.99110410E-03,2.02209200E-03,1.95600092E-03,1.91213912E-03,1.88361993E-03,1.91453577E-03,1.97834731E-03,2.00802530E-03,2.01254827E-03,1.99504709E-03,1.94816722E-03,1.88494951E-03,1.81619567E-03,1.73151563E-03,1.65468652E-03,1.60113478E-03,1.52938929E-03,1.47298572E-03,1.43434829E-03,1.38914422E-03,1.36386440E-03,1.35062623E-03,1.32439658E-03,1.32520369E-03,1.35129562E-03,1.36434520E-03,1.38379936E-03,1.43508497E-03,1.47455023E-03,1.52890920E-03,1.57179730E-03,1.60674041E-03,1.63971807E-03,1.63589465E-03,1.62219885E-03,1.61280239E-03,1.60619966E-03,1.57719222E-03,1.55621790E-03,1.53574627E-03,1.52293744E-03,1.51130266E-03,1.49712851E-03,1.45733112E-03,1.45052734E-03,1.41888915E-03,1.38467492E-03,1.34826719E-03,1.29908358E-03,1.24162843E-03,1.20215653E-03,1.14382152E-03,1.09124975E-03,1.04333216E-03,9.82584315E-04,9.39300400E-04,8.93404067E-04,8.56648956E-04,8.12824350E-04,7.73063162E-04,7.42515840E-04,7.03926780E-04,6.76522730E-04,6.54632458E-04,6.26147899E-04,5.95205172E-04,5.86211798E-04,5.63963142E-04,5.41942776E-04,5.27269964E-04,5.13245701E-04,5.18466986E-04,4.94289678E-04,4.87332087E-04,4.89472994E-04,4.80995775E-04,4.80512885E-04,4.75473265E-04,4.72688145E-04,4.74131812E-04,4.82349802E-04,4.81187773E-04,4.76162095E-04,4.83175681E-04,4.84890799E-04,4.83118260E-04,4.80629795E-04,4.81182477E-04,4.83466632E-04,4.80787072E-04,4.85327386E-04,4.82740841E-04,4.81806637E-04,4.73642780E-04,4.74871893E-04,4.58252791E-04,4.69794642E-04,4.55521862E-04,4.56878479E-04,4.51232569E-04,4.32349974E-04,4.25726903E-04,4.24563827E-04,4.27955558E-04,4.24807251E-04,4.24934697E-04,4.24205995E-04,4.17492178E-04,4.20507538E-04,4.14965616E-04,4.14319686E-04,4.10431036E-04,4.04914725E-04,4.08298947E-04,4.13208327E-04,4.07175889E-04,4.04385122E-04,3.94001108E-04,3.80669517E-04,3.86718602E-04,3.57052544E-04,3.46834422E-04,3.16680322E-04,2.80487642E-04,2.44967785E-04,2.12692088E-04,1.80802585E-04,1.53538160E-04,1.27900086E-04,9.29566013E-05,8.70950462E-05,7.13301488E-05,5.22417395E-05,4.43382269E-05,3.93653718E-05,2.92532259E-05,3.30440016E-05,2.05040888E-05,1.39634085E-05,1.36884855E-05,9.94856418E-06,1.38699415E-05,7.79829043E-06,3.64821722E-06,5.74290516E-06,9.26540167E-07,6.59898205E-06,6.09719018E-06,-2.65E-06,7.93219351E-06,6.13504596E-07,2.31228682E-06,7.25816017E-06,1.35693363E-05,8.06022126E-06,5.21706852E-06,6.31377816E-06,1.08119621E-05,2.65294534E-06,1.04492337E-05,5.76098819E-06,8.02065551E-06,5.71683358E-06,6.88789396E-06,9.98379164E-06,1.19961796E-05,1.05264717E-05,6.14103192E-06,3.73094849E-06,1.36210310E-05,2.09542359E-05,1.40977545E-05,6.00210296E-06,1.50077794E-05,1.37074312E-05,2.65417093E-05,6.85951591E-06,1.22030542E-05,2.12201612E-05,2.32146667E-05,1.52121893E-05,1.12294001E-05,5.78001936E-06,2.01873136E-05,1.49670313E-05,1.77456004E-05,1.17110758E-05,9.93508820E-06,2.35565167E-05,2.52760728E-05,3.33948301E-05,1.55055204E-05,2.43485174E-05,8.82089444E-06,2.66636998E-05,1.76367066E-05,2.33259543E-05,2.38681223E-05,1.85204353E-05,9.45350257E-06,9.77545096E-06,7.65540517E-06,2.66273291E-05,1.41187575E-05,-3.25E-06,-3.80E-06,7.17490911E-06,2.51888905E-05,2.35891785E-05,1.07212156E-06,-2.19E-05,9.27253950E-06,4.48967294E-05,3.25463880E-05,-1.10E-05,6.66635651E-06,-8.62E-06,4.26736688E-06,-8.38E-06,-4.61E-06,5.19656214E-06,-2.94E-06,1.77349466E-05,3.56582837E-06,-5.82E-06,3.31214032E-05,4.26621455E-06,1.69505086E-06,1.88188096E-05,2.99709791E-06,2.29524467E-05,9.24299547E-06,1.73052740E-05,1.39681442E-05,1.13648148E-05,2.27895271E-06,3.94473682E-05,INT SYNC:059.94[Hz],DOUBLE FRAME,NORMAL,STANDARD DARK,ONE,CIE1931 (2°),1°,100,0.33333333,0.33333333,NONE,1,33367,792065,OFF,TRUE,2024/03/25,16:53:53,OK00,----,----,----,CS-3000HDR,3001075,1.00.0008
132,3.04065612E+02,2.63370144E+02,1.76248938E+03,2.63370144E+02,0.13050446,0.11303803,0.12746295,0.24840809,----,----,475.307211,90.2382922,144.194218,33.8754316,-244.284814,2.43229186E+00,473,-1.47E-05,3.31938209E-05,6.47734441E-06,-1.32E-05,2.31896320E-05,-4.32E-06,5.88994862E-06,8.70936765E-06,8.25776226E-07,1.41710461E-05,1.57769973E-05,-6.31E-06,1.80151237E-05,1.32180139E-05,5.71874443E-06,-1.00E-05,-4.21E-06,6.69920792E-06,2.62349131E-05,9.67714004E-06,-1.38E-05,3.45291710E-06,3.81196219E-06,-4.58E-06,1.88004378E-06,-7.68E-06,-2.90E-06,-8.06E-06,9.03008822E-06,-2.67E-06,4.29047032E-06,4.14223280E-07,-7.04E-06,-1.54E-06,-1.01E-05,-1.07E-05,-9.38E-06,-6.79E-06,-1.38E-05,-2.06E-05,-1.53E-05,-2.03E-05,-4.17E-06,-1.82E-05,-1.21E-05,-2.49E-05,-7.70E-06,-2.38E-05,-2.82E-05,-3.02E-05,-2.75E-05,-3.97E-05,-3.03E-05,-4.40E-05,-4.88E-05,-4.22E-05,-3.59E-05,-4.77E-05,-1.91E-05,1.29660175E-05,1.03838000E-04,2.61262554E-04,5.23798109E-04,9.38555342E-04,1.63078366E-03,2.56592734E-03,3.87251144E-03,5.58051094E-03,7.98057579E-03,1.06391376E-02,1.36803361E-02,1.71500575E-02,2.13572737E-02,2.53360569E-02,2.94474177E-02,3.36315148E-02,3.80925275E-02,4.20020856E-02,4.54238616E-02,4.83086109E-02,5.08256219E-02,5.23203723E-02,5.39430827E-02,5.52259982E-02,5.65344691E-02,5.78534082E-02,5.91588356E-02,6.05692081E-02,6.21370561E-02,6.34071603E-02,6.45809844E-02,6.54143840E-02,6.61689490E-02,6.66571409E-02,6.63588047E-02,6.55405372E-02,6.42913729E-02,6.26367256E-02,6.04495481E-02,5.88382110E-02,5.71323223E-02,5.58593757E-02,5.42113148E-02,5.29495999E-02,5.15453853E-02,4.99592051E-02,4.79012579E-02,4.54025790E-02,4.23879325E-02,3.89984585E-02,3.55116948E-02,3.16649079E-02,2.80646812E-02,2.45945416E-02,2.13260539E-02,1.83147062E-02,1.59584824E-02,1.38399061E-02,1.18489331E-02,1.00012878E-02,8.18490982E-03,6.65474357E-03,5.32215973E-03,4.25857585E-03,3.35237547E-03,2.75019370E-03,2.28892383E-03,1.95744145E-03,1.74531620E-03,1.59730075E-03,1.51411816E-03,1.43907592E-03,1.40081544E-03,1.37907197E-03,1.34538976E-03,1.35377585E-03,1.34202978E-03,1.33208116E-03,1.32265605E-03,1.30186079E-03,1.29021658E-03,1.27406721E-03,1.26032042E-03,1.26215816E-03,1.23415736E-03,1.20213814E-03,1.19779573E-03,1.17239635E-03,1.16067810E-03,1.15917181E-03,1.16861891E-03,1.19648234E-03,1.23297819E-03,1.27096905E-03,1.31791714E-03,1.36704021E-03,1.40926510E-03,1.48251560E-03,1.54871226E-03,1.63912063E-03,1.72070286E-03,1.78659812E-03,1.87799393E-03,1.99557329E-03,2.08082632E-03,2.11171783E-03,2.04728497E-03,1.96543243E-03,1.94969529E-03,1.99548504E-03,2.05076719E-03,2.06513423E-03,2.10739416E-03,2.05509132E-03,2.01874436E-03,1.94956560E-03,1.86876219E-03,1.80268637E-03,1.71616487E-03,1.65185239E-03,1.60682632E-03,1.51865359E-03,1.48054073E-03,1.44214870E-03,1.41751603E-03,1.39443239E-03,1.37893693E-03,1.37337006E-03,1.38462998E-03,1.40106434E-03,1.42508850E-03,1.47502159E-03,1.51595881E-03,1.56151899E-03,1.59128162E-03,1.60334958E-03,1.61757600E-03,1.60860643E-03,1.56463846E-03,1.51291338E-03,1.45847606E-03,1.39738410E-03,1.31068577E-03,1.22738932E-03,1.14257948E-03,1.05476391E-03,9.78499418E-04,8.86823284E-04,7.86452612E-04,6.81360660E-04,5.82724053E-04,5.00866736E-04,4.26576007E-04,3.42418673E-04,2.75740895E-04,2.23516137E-04,1.81704003E-04,1.42224060E-04,1.13721035E-04,9.03614055E-05,7.35491267E-05,5.64815236E-05,4.89996492E-05,4.83183285E-05,3.86857282E-05,3.70324451E-05,3.57691279E-05,3.42358580E-05,3.37214151E-05,3.47571186E-05,3.66067870E-05,3.70027083E-05,3.54802723E-05,3.57111749E-05,3.02292083E-05,3.44345390E-05,3.06449838E-05,3.16361547E-05,3.17388585E-05,3.28981041E-05,3.16926053E-05,3.80854981E-05,3.37739220E-05,3.60122795E-05,2.63730544E-05,2.77338568E-05,2.53503604E-05,2.74480899E-05,2.89948402E-05,2.73619189E-05,3.27428970E-05,2.71161171E-05,2.91232682E-05,2.75906568E-05,2.25313343E-05,2.31533359E-05,2.08136880E-05,2.60378765E-05,1.88726735E-05,2.11396364E-05,2.72082798E-05,2.29449088E-05,1.77524907E-05,2.28592962E-05,1.84884648E-05,2.18128225E-05,2.28690042E-05,2.26121119E-05,2.26546490E-05,2.66104598E-05,1.60850905E-05,2.80921831E-05,2.12329396E-05,2.43320610E-05,2.55219456E-05,2.25675230E-05,2.27576402E-05,3.13611563E-05,3.41318992E-05,2.96863836E-05,3.10153482E-05,3.07967348E-05,3.10085379E-05,3.24822649E-05,3.10104515E-05,2.37082677E-05,2.64249138E-05,2.14226457E-05,2.07706744E-05,2.35973766E-05,1.23763775E-05,2.06995246E-05,1.74117013E-05,1.80239040E-05,1.39644908E-05,1.04507899E-05,1.07824326E-05,1.22305782E-05,1.02981148E-05,1.89453094E-05,2.11586575E-05,1.55106009E-05,1.10695046E-05,1.06208026E-05,1.42128820E-05,7.55976635E-06,1.33269295E-05,1.04842575E-05,1.02807107E-05,7.30605234E-06,8.25361712E-06,3.89375691E-06,5.75379363E-06,2.07647463E-05,1.03032335E-05,8.27746317E-06,5.29071713E-06,9.96171002E-06,1.26502773E-05,1.10814753E-05,1.93658525E-06,9.24283358E-06,1.35983410E-05,1.40558914E-05,9.01927160E-06,4.40493977E-06,1.26582299E-05,1.49343368E-05,2.09909249E-05,8.93734068E-06,9.87210387E-06,1.15309413E-05,1.84960427E-05,1.65521760E-05,1.39080876E-05,1.85564004E-05,6.43034446E-06,2.53902290E-05,9.31742670E-06,1.56776641E-05,1.81151117E-05,4.11093481E-07,8.62944398E-06,2.53325234E-05,9.74405157E-06,-3.64E-06,1.55476209E-05,7.09469532E-06,1.23319924E-05,2.43058184E-05,2.80320510E-05,2.18247424E-05,3.03255201E-05,2.29031921E-05,1.91565414E-05,3.25942210E-06,2.31254071E-05,3.01206801E-05,4.03501326E-05,2.34100189E-05,1.34531947E-05,1.90266728E-05,1.44926498E-05,9.42064798E-06,1.93387641E-05,1.78190876E-05,1.33752401E-05,2.12990435E-05,2.97435308E-05,1.28286083E-05,1.67116868E-05,2.37349614E-05,1.39378262E-05,-2.17E-05,2.75039270E-06,1.42402441E-05,2.33102146E-05,1.43495790E-05,3.18681487E-05,8.10324195E-07,4.01351645E-06,9.92608693E-06,2.63799598E-06,7.79239690E-06,1.94807981E-05,2.60682027E-05,3.24643406E-05,3.49038710E-05,2.04198659E-05,5.14178646E-05,9.22152140E-06,-2.73E-05,-1.95E-06,3.90978357E-06,4.01045108E-05,4.69382139E-05,2.73009255E-06,-1.65E-06,3.03870929E-05,5.43495707E-06,-5.92E-06,INT SYNC:059.94[Hz],DOUBLE FRAME,NORMAL,STANDARD DARK,ONE,CIE1931 (2°),1°,100,0.33333333,0.33333333,NONE,1,33367,761073,OFF,TRUE,2024/03/25,16:53:56,OK00,----,----,----,CS-3000HDR,3001075,1.00.0008
133,2.56132837E+02,2.19965123E+02,1.33829130E+03,2.19965123E+02,0.14116752,0.1212337,0.13533235,0.26150061,----,----,474.955903,85.9418042,134.860635,33.8473065,-214.735002,1.89401117E+00,473,1.51766981E-05,3.96301266E-06,-6.08E-07,3.61586285E-06,1.18401806E-06,1.72862819E-05,-4.47E-08,-3.45E-06,2.39792280E-06,1.99288024E-05,-1.15E-05,6.74189641E-06,7.72030126E-06,4.30325872E-06,6.69828387E-06,2.20112156E-07,6.72485658E-06,3.24988775E-07,1.27701227E-07,-8.02E-06,2.87999228E-06,1.83407985E-06,5.03599631E-06,-5.73E-06,-9.70E-06,-5.68E-06,1.80194388E-06,-5.19E-06,3.31751880E-06,-1.39E-06,-8.65E-06,-1.20E-05,3.75667082E-06,-1.99E-07,-6.22E-06,-1.20E-05,-1.42E-05,-1.72E-05,-2.40E-06,-1.08E-05,-1.10E-05,-2.02E-05,3.80371125E-06,-1.72E-05,-1.60E-05,-2.20E-05,-2.80E-05,-5.19E-06,-2.66E-05,-1.58E-05,-1.04E-05,-3.23E-05,-2.55E-05,-3.94E-05,-3.57E-05,-3.79E-05,-3.73E-05,-3.33E-05,-1.19E-05,1.70026506E-05,8.58498606E-05,1.97968533E-04,4.09905711E-04,6.89936220E-04,1.22250069E-03,1.91470166E-03,2.91526481E-03,4.19469224E-03,5.99413319E-03,7.97534641E-03,1.03704603E-02,1.30391028E-02,1.62368864E-02,1.93801597E-02,2.25002132E-02,2.58383285E-02,2.92840581E-02,3.24319899E-02,3.50511968E-02,3.73507366E-02,3.93015034E-02,4.05166894E-02,4.14955951E-02,4.24006097E-02,4.33003716E-02,4.42317016E-02,4.51627858E-02,4.61342447E-02,4.72118780E-02,4.80755679E-02,4.88802120E-02,4.94633578E-02,4.99976054E-02,5.01413308E-02,4.98850904E-02,4.91696410E-02,4.80787978E-02,4.67163697E-02,4.51169275E-02,4.36946787E-02,4.25908603E-02,4.14654948E-02,4.05171253E-02,3.95474173E-02,3.86435129E-02,3.74522246E-02,3.59352343E-02,3.41562554E-02,3.18734385E-02,2.91841794E-02,2.65501272E-02,2.36266479E-02,2.08488964E-02,1.82864647E-02,1.58837270E-02,1.37108667E-02,1.18802348E-02,1.03252251E-02,8.85826442E-03,7.54287653E-03,6.28060102E-03,5.12704439E-03,4.15006047E-03,3.34520638E-03,2.67485250E-03,2.19186302E-03,1.86484947E-03,1.61097129E-03,1.44514453E-03,1.32694945E-03,1.25291152E-03,1.19998283E-03,1.18128699E-03,1.16178638E-03,1.13560923E-03,1.12613919E-03,1.13449583E-03,1.10613659E-03,1.09449704E-03,1.08438509E-03,1.06554339E-03,1.06005545E-03,1.05574087E-03,1.04461215E-03,1.03942142E-03,1.03527901E-03,1.00283173E-03,1.00141566E-03,1.00524875E-03,1.00515399E-03,1.02324306E-03,1.04520295E-03,1.09959242E-03,1.13898783E-03,1.19359721E-03,1.23211613E-03,1.28412107E-03,1.33753370E-03,1.40118587E-03,1.48274796E-03,1.54516194E-03,1.61811477E-03,1.70917762E-03,1.80077867E-03,1.87147525E-03,1.88977516E-03,1.87753735E-03,1.77947234E-03,1.75348052E-03,1.79405138E-03,1.84332405E-03,1.88079639E-03,1.89664122E-03,1.87503640E-03,1.82975573E-03,1.75797660E-03,1.67719973E-03,1.61768438E-03,1.56352832E-03,1.51197927E-03,1.42800354E-03,1.37387752E-03,1.34671177E-03,1.30141934E-03,1.28689688E-03,1.25958316E-03,1.23612885E-03,1.24216173E-03,1.25256390E-03,1.26635004E-03,1.29722967E-03,1.32056652E-03,1.37490570E-03,1.40804902E-03,1.45900622E-03,1.48466753E-03,1.49623048E-03,1.51170185E-03,1.50548620E-03,1.48851215E-03,1.46625924E-03,1.44742336E-03,1.41256303E-03,1.39642193E-03,1.37348077E-03,1.35051389E-03,1.32673176E-03,1.29744434E-03,1.26984669E-03,1.23385561E-03,1.19038764E-03,1.15645304E-03,1.10334647E-03,1.05740281E-03,9.94432019E-04,9.50171787E-04,9.12260439E-04,8.62017972E-04,8.06824944E-04,7.58848502E-04,7.22696481E-04,6.89104141E-04,6.60505553E-04,6.40898477E-04,6.00276166E-04,5.73149591E-04,5.42331138E-04,5.21776208E-04,5.05329692E-04,4.90610080E-04,4.77694935E-04,4.58377530E-04,4.40494041E-04,4.35107882E-04,4.23834077E-04,4.16397816E-04,4.05244558E-04,4.02618636E-04,3.94039002E-04,3.90191097E-04,3.90594185E-04,3.79882404E-04,3.88821471E-04,3.78551951E-04,3.78756027E-04,3.91163368E-04,3.84386542E-04,3.89522000E-04,3.92495363E-04,3.86936794E-04,3.87814245E-04,3.97893164E-04,3.78348515E-04,3.77576594E-04,3.77966033E-04,3.81683756E-04,3.85483319E-04,3.76918266E-04,3.81350168E-04,3.71730421E-04,3.64712119E-04,3.61429236E-04,3.57783312E-04,3.49766837E-04,3.47443158E-04,3.56433855E-04,3.42167332E-04,3.45968234E-04,3.45630629E-04,3.47004505E-04,3.49451002E-04,3.43986030E-04,3.49765207E-04,3.39483056E-04,3.33611766E-04,3.40337370E-04,3.42416519E-04,3.35960271E-04,3.35302902E-04,3.34960467E-04,3.39839200E-04,3.33779986E-04,3.28838301E-04,3.14167351E-04,3.00555956E-04,2.87356001E-04,2.51049321E-04,2.35800151E-04,2.12335319E-04,1.84314151E-04,1.50948938E-04,1.34088637E-04,1.10471628E-04,8.54580867E-05,7.75639055E-05,6.01887514E-05,4.56199232E-05,3.53603027E-05,2.76001792E-05,2.47838416E-05,1.98482267E-05,1.65853235E-05,1.74313373E-05,1.15221392E-05,8.39573204E-06,1.28017173E-05,5.08447738E-06,9.45211468E-06,5.93784989E-06,1.25190118E-05,7.59263912E-06,7.13029704E-06,1.33244912E-05,6.75309593E-06,5.51348603E-06,5.92755350E-06,8.88369050E-06,6.24566064E-06,3.04252171E-06,9.39861184E-06,5.20053345E-06,9.31022987E-06,1.10392320E-05,1.59483661E-05,1.20621462E-05,1.33788290E-05,7.85482007E-06,7.13072359E-06,1.43637071E-05,1.65850051E-05,9.46718501E-06,9.67178858E-06,1.06685411E-05,1.91372510E-05,1.43372908E-05,1.59587926E-05,1.89275288E-05,2.54494771E-05,1.06284542E-05,1.45785789E-05,1.76116246E-05,1.50732749E-05,2.03791660E-05,2.62049070E-05,2.05742126E-05,2.96729322E-05,8.51797631E-06,3.12406701E-05,1.74601519E-05,1.32255091E-05,2.38974935E-05,1.10514447E-05,1.86909965E-05,2.08035854E-05,2.34879699E-05,3.45016524E-05,2.69562643E-05,4.10339890E-05,2.11632450E-05,9.88691590E-06,1.37187508E-05,1.34842830E-05,2.24583782E-05,2.69749989E-06,1.74724551E-06,1.96390865E-05,2.30520654E-05,2.26326392E-05,1.96099754E-05,1.93307624E-05,1.98914040E-05,1.94593576E-05,1.40567599E-05,1.50444348E-05,1.96564470E-05,1.20968789E-05,1.25641691E-05,1.07516289E-05,-1.64E-06,-5.32E-06,1.13720744E-05,2.47726603E-05,3.29731920E-05,2.42269871E-05,2.06586064E-05,1.24072039E-05,-1.01E-05,4.71588783E-06,1.79903000E-05,-9.71E-06,1.70653657E-05,-1.59E-05,8.32015667E-06,-1.66E-05,8.21867434E-06,9.14233351E-06,3.73507788E-07,-1.66E-05,1.55249072E-05,2.42662481E-05,-6.43E-06,INT SYNC:059.94[Hz],DOUBLE FRAME,NORMAL,STANDARD DARK,ONE,CIE1931 (2°),1°,100,0.33333333,0.33333333,NONE,1,33367,761242,OFF,TRUE,2024/03/25,16:54:16,OK00,----,----,----,CS-3000HDR,3001075,1.00.0008
134,2.95462110E+02,2.55578513E+02,1.73218890E+03,2.55578513E+02,0.12940535,0.11193728,0.12673018,0.24665226,----,----,475.316279,90.7150373,142.598631,33.8555227,-244.035883,2.39230887E+00,473,9.56291296E-06,-4.94E-06,-9.21E-06,2.01238290E-05,1.58394084E-06,2.58290152E-06,1.27087897E-05,-3.34E-06,1.89456332E-05,1.50187916E-05,7.36037646E-06,1.69921223E-05,1.42236092E-06,4.66795836E-06,-1.40E-05,-3.45E-06,2.42332062E-05,6.06788831E-07,5.04295576E-06,-4.97E-07,1.42551189E-05,1.70675194E-05,-2.15E-06,-3.49E-06,-2.73E-06,-8.76E-06,-5.48E-07,-6.46E-06,7.39410552E-07,-4.02E-06,-9.10E-06,-1.06E-05,3.82743110E-06,6.42554187E-06,-6.93E-06,6.77166270E-07,-1.66E-05,-1.29E-05,-1.16E-05,-7.69E-06,-1.44E-05,-1.91E-05,-1.03E-05,-1.54E-05,-1.85E-05,-2.68E-05,-1.67E-05,-2.22E-05,-2.14E-05,-1.90E-05,-2.26E-05,-2.82E-05,-3.56E-05,-3.98E-05,-4.11E-05,-3.44E-05,-4.36E-05,-5.20E-05,-2.25E-05,2.17625911E-05,8.85886548E-05,2.04492157E-04,4.55804955E-04,8.30004166E-04,1.43394328E-03,2.29796278E-03,3.47900344E-03,5.05870394E-03,7.30571710E-03,9.77499504E-03,1.26966471E-02,1.61073953E-02,2.01054569E-02,2.40675807E-02,2.81236805E-02,3.23138423E-02,3.66938412E-02,4.06180695E-02,4.42026146E-02,4.71087880E-02,4.96348776E-02,5.14213927E-02,5.29293306E-02,5.43644428E-02,5.57576679E-02,5.72777987E-02,5.85589819E-02,6.00316338E-02,6.16393760E-02,6.29649460E-02,6.41562045E-02,6.49867728E-02,6.58109561E-02,6.61361590E-02,6.60589412E-02,6.52256683E-02,6.39101639E-02,6.22787066E-02,6.03008680E-02,5.85247129E-02,5.69817498E-02,5.55513203E-02,5.40178046E-02,5.27770743E-02,5.14680706E-02,4.98130769E-02,4.76618335E-02,4.52935733E-02,4.23713699E-02,3.88903879E-02,3.54311168E-02,3.15715596E-02,2.80000791E-02,2.45032124E-02,2.11874750E-02,1.82658080E-02,1.58766545E-02,1.36853410E-02,1.17383515E-02,9.89375263E-03,8.05916078E-03,6.52972749E-03,5.22387028E-03,4.15318459E-03,3.26451636E-03,2.65752594E-03,2.20290408E-03,1.86572364E-03,1.64845574E-03,1.50434836E-03,1.41894782E-03,1.35103345E-03,1.32293045E-03,1.28267298E-03,1.28259638E-03,1.27884233E-03,1.26534968E-03,1.26181520E-03,1.24620518E-03,1.22793205E-03,1.20840780E-03,1.19989354E-03,1.18040410E-03,1.17467123E-03,1.14318635E-03,1.13299955E-03,1.12019945E-03,1.08632946E-03,1.07918680E-03,1.07310712E-03,1.07606628E-03,1.11220661E-03,1.14676333E-03,1.17624574E-03,1.21265661E-03,1.25077227E-03,1.28808222E-03,1.34816673E-03,1.42137287E-03,1.49090739E-03,1.56764744E-03,1.63480884E-03,1.73149642E-03,1.80684275E-03,1.89938454E-03,1.90987019E-03,1.88004063E-03,1.80723739E-03,1.77885266E-03,1.81364757E-03,1.87142368E-03,1.92158367E-03,1.91721146E-03,1.90523232E-03,1.84343720E-03,1.78106432E-03,1.70873303E-03,1.64548005E-03,1.57064735E-03,1.50048069E-03,1.45475194E-03,1.39580376E-03,1.35187188E-03,1.31867640E-03,1.28820562E-03,1.27321912E-03,1.26253872E-03,1.25136331E-03,1.25513680E-03,1.26640243E-03,1.28807337E-03,1.32574968E-03,1.37441501E-03,1.40760886E-03,1.44824141E-03,1.45652913E-03,1.47296197E-03,1.44169992E-03,1.43329473E-03,1.37734308E-03,1.32938451E-03,1.25867419E-03,1.19302084E-03,1.12306327E-03,1.05606543E-03,9.77605116E-04,8.87563860E-04,8.03054718E-04,7.19520322E-04,6.34240219E-04,5.47932403E-04,4.64301091E-04,3.99170880E-04,3.24257388E-04,2.63491529E-04,2.11902181E-04,1.70726387E-04,1.34057787E-04,1.03196944E-04,8.03096482E-05,6.65032785E-05,5.79090629E-05,5.16037580E-05,4.18662603E-05,3.72225550E-05,3.73831208E-05,3.39691578E-05,3.28488422E-05,3.28688038E-05,3.41739178E-05,4.01496618E-05,3.73554431E-05,2.97469996E-05,3.40432234E-05,3.37081729E-05,3.29019022E-05,3.73978255E-05,3.30695802E-05,3.50178998E-05,3.14220160E-05,3.33550997E-05,3.44463551E-05,3.19084866E-05,2.89372838E-05,3.10029645E-05,2.83155205E-05,2.71533208E-05,2.50893572E-05,2.83473491E-05,2.51551319E-05,2.92631939E-05,2.37087552E-05,2.44441817E-05,2.31266131E-05,2.07745070E-05,2.36569558E-05,2.16577482E-05,1.90771680E-05,1.86110665E-05,2.49828772E-05,2.21018472E-05,2.28204863E-05,1.75242349E-05,2.38733446E-05,2.22988256E-05,1.90946375E-05,2.42344904E-05,1.97060654E-05,2.38054145E-05,2.50956200E-05,1.81053256E-05,2.08101974E-05,3.05791218E-05,2.49068271E-05,2.37929307E-05,2.13404801E-05,2.63447218E-05,2.65379767E-05,2.33033770E-05,2.16981698E-05,2.40170793E-05,2.77307154E-05,2.43832274E-05,2.43317681E-05,3.50445662E-05,2.48346951E-05,2.84177022E-05,3.00580159E-05,2.43930226E-05,1.56283058E-05,1.51835093E-05,1.70707954E-05,1.92608077E-05,1.24089383E-05,1.78409791E-05,1.94664335E-05,1.09071270E-05,6.33643276E-06,6.28095131E-06,1.08880868E-05,1.10425635E-05,1.25944916E-05,5.93139339E-06,1.22642159E-05,1.30484204E-05,1.21226667E-05,1.34713755E-05,4.82967835E-06,7.51474045E-06,5.32875765E-06,3.68818996E-06,3.74764613E-06,8.97573227E-06,7.85167413E-06,4.99167254E-06,7.03773276E-06,4.74518038E-06,1.94826521E-06,8.51033292E-06,4.68159942E-06,1.21328085E-05,1.85215904E-05,4.41614975E-06,1.02876511E-05,1.14669801E-05,5.16271211E-06,2.54763040E-06,1.10267247E-05,4.56932685E-06,1.81454707E-05,9.38365065E-06,1.59878346E-05,1.37081715E-05,1.18286343E-05,9.89739056E-06,1.12685193E-05,1.45249778E-05,2.20205184E-05,2.29595225E-05,1.70910316E-05,1.22802330E-05,3.98892053E-06,9.88715601E-06,1.70326075E-05,2.04886965E-05,2.53984672E-05,1.12683765E-05,1.18982261E-05,2.36096166E-05,1.72569180E-05,2.71635781E-05,2.37609784E-05,2.79513879E-05,1.53007750E-05,2.62391040E-05,2.90482749E-05,3.70713205E-05,2.51650981E-05,1.74203033E-05,2.37460936E-05,2.60482866E-05,2.46881591E-05,2.08891743E-05,2.69180346E-05,1.68394163E-05,1.72266791E-05,3.20108884E-05,1.55079997E-05,1.70585099E-05,1.81158612E-05,4.34997355E-06,1.73063927E-05,2.65267045E-05,9.59888530E-06,5.32092554E-06,5.04803211E-06,2.50976464E-05,8.98018425E-06,1.00090210E-05,4.01041052E-06,3.44153486E-05,3.60355480E-05,-2.35E-06,2.36829038E-07,1.77001384E-05,4.06147774E-05,2.31197118E-05,1.44652304E-05,4.17484225E-05,6.23646747E-06,1.32756486E-05,5.22513528E-06,4.08893175E-06,1.38088183E-07,2.77042127E-05,6.58539329E-06,4.00394310E-06,1.95924458E-05,-1.28E-05,1.45445085E-07,-2.58E-05,INT SYNC:059.94[Hz],DOUBLE FRAME,NORMAL,STANDARD DARK,ONE,CIE1931 (2°),1°,100,0.33333333,0.33333333,NONE,1,33367,762673,OFF,TRUE,2024/03/25,16:54:22,OK00,----,----,----,CS-3000HDR,3001075,1.00.0008
135,2.69764812E+02,2.28484566E+02,1.47443859E+03,2.28484566E+02,0.13674986,0.11582398,0.13288336,0.25323555,----,----,474.89744,87.990131,136.783673,37.4857968,-227.004451,2.06205724E+00,473,1.26461409E-05,-1.42E-05,1.56698643E-05,1.06305870E-05,2.07767025E-05,-1.22E-05,-1.36E-05,1.56982060E-05,4.06551180E-06,2.39727688E-05,-9.26E-07,7.55951578E-06,8.86828821E-06,2.79842902E-06,3.77753031E-06,6.56335217E-08,5.58609509E-06,7.18589899E-06,1.81521955E-05,-1.67E-06,5.60552417E-06,-4.11E-07,-1.27E-05,4.04466164E-07,1.62808169E-06,-2.42E-06,-1.53E-05,-3.54E-06,-9.23E-06,-6.77E-06,-9.14E-06,-3.22E-06,-1.36E-05,-2.04E-05,7.17583316E-06,-1.00E-05,-1.38E-05,-3.29E-06,-3.07E-06,-1.43E-05,-1.08E-05,-1.01E-05,-1.53E-06,-1.16E-05,-1.60E-05,-3.25E-05,-1.18E-05,-1.94E-05,-1.51E-05,-2.07E-05,-2.29E-05,-2.10E-05,-2.68E-05,-2.88E-05,-1.48E-05,-4.65E-05,-4.13E-05,-4.40E-05,-1.67E-05,1.81483265E-05,8.01664937E-05,1.89856568E-04,4.04256920E-04,7.34588015E-04,1.27318781E-03,2.01104581E-03,3.05096037E-03,4.41853376E-03,6.36463147E-03,8.46723840E-03,1.10602174E-02,1.39263645E-02,1.74130425E-02,2.07991321E-02,2.43697595E-02,2.78845765E-02,3.18873636E-02,3.52410562E-02,3.81764658E-02,4.07003760E-02,4.30114828E-02,4.44760062E-02,4.56172600E-02,4.68132608E-02,4.77694236E-02,4.88760136E-02,4.99334410E-02,5.10857888E-02,5.22902235E-02,5.32969870E-02,5.43378033E-02,5.50465025E-02,5.55123314E-02,5.57486378E-02,5.55917397E-02,5.47839999E-02,5.36177233E-02,5.20962477E-02,5.03610186E-02,4.89525571E-02,4.75402698E-02,4.63697501E-02,4.50795069E-02,4.40532342E-02,4.30340469E-02,4.17820029E-02,4.00143117E-02,3.79385948E-02,3.54044810E-02,3.25409807E-02,2.95854751E-02,2.62293406E-02,2.32520867E-02,2.03673784E-02,1.76386181E-02,1.51711144E-02,1.31139271E-02,1.13261901E-02,9.74002760E-03,8.22854880E-03,6.73839031E-03,5.48947649E-03,4.43312526E-03,3.50478059E-03,2.79268087E-03,2.27961363E-03,1.89812749E-03,1.62605813E-03,1.43453828E-03,1.30982406E-03,1.22800260E-03,1.17568229E-03,1.14402641E-03,1.13343226E-03,1.13111723E-03,1.10739155E-03,1.09241367E-03,1.09765760E-03,1.09197653E-03,1.06948265E-03,1.04451238E-03,1.03393232E-03,1.03048841E-03,1.01160421E-03,1.00792467E-03,9.96143790E-04,9.84710641E-04,9.57806245E-04,9.68961220E-04,9.52742121E-04,9.76520299E-04,9.99485259E-04,1.02870667E-03,1.05361501E-03,1.10244285E-03,1.15082890E-03,1.18582894E-03,1.25115598E-03,1.29929197E-03,1.38020981E-03,1.42806245E-03,1.51091465E-03,1.58305769E-03,1.66928361E-03,1.73499878E-03,1.74488523E-03,1.69818406E-03,1.67192961E-03,1.62505126E-03,1.65620365E-03,1.70067046E-03,1.73020037E-03,1.75116828E-03,1.73357036E-03,1.68671401E-03,1.63207459E-03,1.55584386E-03,1.49903994E-03,1.42985571E-03,1.37761992E-03,1.32547214E-03,1.27016485E-03,1.24078756E-03,1.20789232E-03,1.18788728E-03,1.16092828E-03,1.14593632E-03,1.14882400E-03,1.14484748E-03,1.16362388E-03,1.18414464E-03,1.22317299E-03,1.27241283E-03,1.30692031E-03,1.33464066E-03,1.37360906E-03,1.37704727E-03,1.38372486E-03,1.37737964E-03,1.35426514E-03,1.33345858E-03,1.32609229E-03,1.29274942E-03,1.27058162E-03,1.24624278E-03,1.21893035E-03,1.17358239E-03,1.14271708E-03,1.11066038E-03,1.06573931E-03,1.02394866E-03,9.82618541E-04,9.39927180E-04,8.87621893E-04,8.39402492E-04,7.97252229E-04,7.54202134E-04,7.06085644E-04,6.65611587E-04,6.28384587E-04,5.89664211E-04,5.57255582E-04,5.34952327E-04,5.15021617E-04,4.90574632E-04,4.65251913E-04,4.47975995E-04,4.24199563E-04,4.08965512E-04,3.91394133E-04,3.82563041E-04,3.69935646E-04,3.58426973E-04,3.47886729E-04,3.33465461E-04,3.32766969E-04,3.30118026E-04,3.23846238E-04,3.15801153E-04,3.08491901E-04,3.10712610E-04,3.12526303E-04,3.07182228E-04,3.07253416E-04,3.13388970E-04,3.15520912E-04,3.10176896E-04,3.20501684E-04,3.15784739E-04,3.05630529E-04,3.10825126E-04,3.10233736E-04,3.18294624E-04,3.05241789E-04,3.05617898E-04,3.08347837E-04,3.02905479E-04,2.98953062E-04,3.00622341E-04,2.91369215E-04,2.98331666E-04,2.90023454E-04,2.78589665E-04,2.83134897E-04,2.77549349E-04,2.82438355E-04,2.76860170E-04,2.83634785E-04,2.87316652E-04,2.89386633E-04,2.77105632E-04,2.73533049E-04,2.82009918E-04,2.89043121E-04,2.80659442E-04,2.81001558E-04,2.83155357E-04,2.90966709E-04,2.83199159E-04,2.79578875E-04,2.81051151E-04,2.80667708E-04,2.79135624E-04,2.67574243E-04,2.49841833E-04,2.43860966E-04,2.23294235E-04,1.96578054E-04,1.74892833E-04,1.50241918E-04,1.23910650E-04,1.14324408E-04,9.35552307E-05,6.80815938E-05,5.26720250E-05,4.39713112E-05,3.89764900E-05,2.98375362E-05,2.63940074E-05,1.96211404E-05,1.93746982E-05,1.88187369E-05,1.33548565E-05,6.94912251E-06,8.79825348E-06,9.40030077E-06,1.09291595E-05,1.14983304E-05,9.40741484E-06,8.76394006E-06,1.05986774E-05,7.19021136E-06,1.67747221E-05,1.29225646E-05,7.50463641E-06,5.74674914E-06,9.84058534E-06,1.05276094E-05,1.19756050E-05,-6.12E-07,4.35676566E-06,1.02356462E-05,1.18648013E-05,1.71326592E-05,1.37169673E-05,7.83426640E-06,1.05961217E-05,9.68891163E-06,1.20735058E-05,1.07688647E-05,8.60181171E-06,-3.72E-06,7.60480361E-06,1.55719390E-05,1.21059684E-05,9.43114719E-06,1.07166143E-05,1.83805641E-05,1.17711124E-05,2.19232043E-05,1.05140243E-05,4.38951656E-06,1.14725581E-05,2.67912055E-05,2.11466740E-05,1.76400554E-05,1.64692628E-05,1.80556490E-05,1.73884437E-05,2.30788446E-05,2.57556894E-05,2.75820366E-05,3.65330197E-05,2.35235657E-05,1.69198102E-05,1.60691525E-05,2.27765358E-05,5.96115024E-06,2.40709214E-05,1.45402837E-05,6.84818815E-06,2.21242917E-05,2.39613546E-05,4.64499817E-06,1.95796256E-05,7.06752189E-06,-8.02E-08,1.21791518E-05,4.61639775E-06,1.23902123E-06,9.59079171E-06,1.05518911E-05,1.12428788E-05,2.33045939E-05,1.01920805E-05,7.25173777E-07,2.60591914E-05,2.00471350E-05,1.41540486E-05,1.66157934E-05,7.82634561E-06,1.84142773E-05,1.82836066E-05,2.03555601E-06,1.00012094E-05,5.43384067E-06,-1.94E-05,1.36508434E-05,-4.75E-06,-1.02E-05,8.60726959E-06,-4.33E-08,-2.16E-05,1.26864616E-05,1.00161733E-05,2.99464846E-05,1.27496078E-05,-8.17E-06,-2.03E-05,2.92100976E-05,2.32948469E-06,INT SYNC:059.94[Hz],DOUBLE FRAME,NORMAL,STANDARD DARK,ONE,CIE1931 (2°),1°,100,0.33333333,0.33333333,NONE,1,33367,761067,OFF,TRUE,2024/03/25,16:54:26,OK00,----,----,----,CS-3000HDR,3001075,1.00.0008
136,2.92775022E+02,2.52031497E+02,1.73036048E+03,2.52031497E+02,0.12868287,0.11077494,0.1264096,0.24484056,----,----,475.279582,91.0861894,141.861513,34.8511105,-245.124635,2.38714669E+00,473,1.38141331E-06,1.03399816E-05,-1.26E-06,5.40085466E-06,1.52372977E-05,-1.17E-05,-3.80E-06,1.07346932E-05,9.02101647E-07,-7.96E-06,-5.34E-06,7.02620855E-06,7.41684880E-06,2.06515733E-06,-2.14E-06,9.54966072E-06,1.29101154E-05,4.46509057E-06,5.79674088E-06,-6.17E-06,-7.88E-07,4.04635648E-06,1.04455194E-05,3.09640626E-07,-8.89E-06,-9.29E-07,-4.18E-07,5.80401365E-06,-1.02E-06,-5.89E-06,-9.97E-07,-2.95E-05,-7.76E-06,3.47008995E-06,-6.60E-06,-4.99E-06,-7.70E-06,-1.10E-05,2.00021805E-06,-2.20E-05,-2.05E-05,-1.00E-05,-1.20E-05,-2.20E-05,-1.13E-05,-2.37E-05,-2.10E-05,-7.20E-06,-2.14E-05,-2.72E-05,-2.39E-05,-3.16E-05,-2.84E-05,-3.94E-05,-4.64E-05,-4.76E-05,-5.65E-05,-5.61E-05,-3.23E-05,3.42232170E-06,7.01808749E-05,2.06312368E-04,4.34438261E-04,7.78365589E-04,1.39183318E-03,2.18782388E-03,3.35062784E-03,4.87091485E-03,7.11111166E-03,9.50155128E-03,1.24508347E-02,1.57668144E-02,1.97568629E-02,2.37450376E-02,2.77811009E-02,3.18485945E-02,3.64217088E-02,4.03393358E-02,4.37874570E-02,4.68215607E-02,4.95548621E-02,5.14085889E-02,5.29136322E-02,5.43418229E-02,5.57971634E-02,5.72893396E-02,5.87309450E-02,6.01950735E-02,6.16581514E-02,6.31168038E-02,6.43158853E-02,6.52804300E-02,6.62326291E-02,6.63631856E-02,6.62401542E-02,6.55479506E-02,6.42876625E-02,6.26159608E-02,6.05019666E-02,5.87022863E-02,5.72528839E-02,5.58428355E-02,5.43156490E-02,5.30389883E-02,5.16739786E-02,5.00504933E-02,4.78853472E-02,4.54574041E-02,4.25131917E-02,3.90812755E-02,3.55319381E-02,3.17209288E-02,2.81230416E-02,2.46137772E-02,2.13069003E-02,1.83152184E-02,1.58691779E-02,1.37407705E-02,1.16966730E-02,9.83362086E-03,8.04804824E-03,6.51032710E-03,5.18093258E-03,4.11607185E-03,3.21823428E-03,2.61228322E-03,2.14961870E-03,1.81674643E-03,1.61806098E-03,1.45051163E-03,1.37201929E-03,1.29936391E-03,1.27603021E-03,1.24426314E-03,1.23573013E-03,1.22346589E-03,1.21796888E-03,1.20316586E-03,1.20402302E-03,1.17740256E-03,1.15917763E-03,1.15882361E-03,1.13496021E-03,1.12009724E-03,1.09609088E-03,1.08311872E-03,1.07158488E-03,1.03461067E-03,1.01655140E-03,1.02839142E-03,1.04390772E-03,1.05793390E-03,1.07810472E-03,1.10783684E-03,1.13859924E-03,1.18658401E-03,1.22569269E-03,1.27586769E-03,1.34852750E-03,1.41758716E-03,1.48470327E-03,1.52781990E-03,1.62504858E-03,1.69638463E-03,1.77220278E-03,1.79243519E-03,1.75367715E-03,1.69639313E-03,1.67078618E-03,1.70067733E-03,1.75371149E-03,1.76852965E-03,1.81247864E-03,1.78173836E-03,1.72968942E-03,1.67007057E-03,1.61109399E-03,1.54195621E-03,1.46861596E-03,1.41192158E-03,1.35518110E-03,1.30756747E-03,1.27063401E-03,1.23174349E-03,1.21147546E-03,1.19889877E-03,1.17997255E-03,1.17365341E-03,1.17106573E-03,1.18651579E-03,1.21163903E-03,1.23903388E-03,1.27855327E-03,1.31908385E-03,1.34597672E-03,1.36214436E-03,1.38237618E-03,1.36118487E-03,1.32968952E-03,1.29378412E-03,1.24907959E-03,1.18023192E-03,1.11984543E-03,1.06947066E-03,9.94732953E-04,9.12868651E-04,8.39109533E-04,7.64008088E-04,6.76729309E-04,5.98827552E-04,5.16030355E-04,4.38249786E-04,3.76185431E-04,3.01483349E-04,2.40305875E-04,2.00434239E-04,1.62810975E-04,1.29807173E-04,1.03674873E-04,8.05738528E-05,6.88852160E-05,5.37048290E-05,4.85465753E-05,4.34672511E-05,4.05282844E-05,3.63225845E-05,3.75554482E-05,3.60091508E-05,3.59441765E-05,3.84733612E-05,3.80402453E-05,3.17695049E-05,3.13111777E-05,3.53390205E-05,2.79991345E-05,3.56610326E-05,3.50855225E-05,3.34019751E-05,3.49427537E-05,3.41746490E-05,3.24027060E-05,3.06017719E-05,2.86992381E-05,3.20959989E-05,3.21982770E-05,3.30941039E-05,3.04598325E-05,2.79564174E-05,3.10502146E-05,3.10432515E-05,2.75973271E-05,2.14109041E-05,2.31762624E-05,2.50603862E-05,2.34395538E-05,2.33783412E-05,1.99863716E-05,2.19574013E-05,2.40322770E-05,2.27529436E-05,2.15043783E-05,2.46411455E-05,2.09020127E-05,2.46561085E-05,2.40234185E-05,1.95651755E-05,1.84363980E-05,2.25279728E-05,2.01719376E-05,1.61021144E-05,2.40217178E-05,1.93804372E-05,2.44905987E-05,2.71637018E-05,2.55080668E-05,2.39600540E-05,2.72038160E-05,2.47318021E-05,2.66135812E-05,3.49478978E-05,3.19717765E-05,2.52051104E-05,2.93773101E-05,3.31551382E-05,2.92270634E-05,2.29982106E-05,2.35601929E-05,2.47353128E-05,1.96989185E-05,1.92495627E-05,1.82383301E-05,1.91515155E-05,2.09400132E-05,1.00551579E-05,1.04745568E-05,1.44558662E-05,8.10300662E-06,9.25427230E-06,2.25496478E-05,1.30150756E-05,1.32791574E-05,1.67355229E-05,1.22486417E-05,8.19704201E-06,1.05839281E-05,1.24352382E-05,8.90154843E-06,1.12233511E-06,3.71274837E-06,9.83292739E-06,8.44372425E-06,1.35563560E-05,7.55469136E-06,1.04467881E-05,3.27165981E-06,-2.77E-06,9.43605301E-06,1.32960567E-05,1.10757510E-05,2.99971862E-06,1.20601371E-05,9.73928036E-06,5.67751840E-06,1.22960237E-05,1.20452769E-05,1.68571769E-05,1.22928059E-05,1.74418474E-05,1.58464736E-05,2.68625945E-06,6.13745033E-06,4.85632199E-06,8.92564367E-06,9.21528590E-06,1.04483488E-05,1.80636071E-05,1.11843819E-05,2.11829083E-05,2.41077159E-05,1.65678812E-05,1.84185774E-05,2.23256829E-05,1.17195241E-05,8.72036253E-06,2.37946060E-05,1.01673922E-05,2.11914594E-05,1.17858835E-05,1.83606844E-05,1.48580339E-05,2.57768879E-05,1.56114565E-05,1.62076904E-05,1.39146478E-05,8.78356332E-06,2.15796863E-05,2.65162598E-05,3.42666572E-05,1.43526486E-05,2.64224436E-05,2.98676932E-05,2.10134076E-05,9.09973915E-06,2.67297819E-05,7.42488101E-06,1.59647097E-05,2.66095740E-05,1.02253252E-05,1.55370537E-06,1.02823660E-05,3.18444545E-05,1.31765328E-05,9.92774949E-06,-1.62E-06,-6.98E-06,5.20224330E-06,1.71063475E-05,3.80685815E-05,9.91145771E-06,1.68887873E-05,-2.15E-06,1.76237409E-05,3.88134977E-05,2.85299338E-05,-6.16E-06,1.91015170E-05,2.19511276E-05,1.69639206E-05,1.27312851E-05,3.25239998E-05,2.38749567E-06,7.04897411E-06,3.01605651E-05,6.56060138E-06,2.85170699E-06,-7.21E-06,-3.49E-05,-2.69E-05,1.40833545E-05,4.58036193E-05,4.08251763E-05,INT SYNC:059.94[Hz],DOUBLE FRAME,NORMAL,STANDARD DARK,ONE,CIE1931 (2°),1°,100,0.33333333,0.33333333,NONE,1,33367,764007,OFF,TRUE,2024/03/25,16:54:29,OK00,----,----,----,CS-3000HDR,3001075,1.00.0008
137,2.87693888E+02,2.41181796E+02,1.63493660E+03,2.41181796E+02,0.13295695,0.11146152,0.1306181,0.24637677,----,----,474.879657,89.7103848,139.562948,40.5965847,-239.398175,2.26865246E+00,473,2.14067313E-05,6.63590799E-06,-3.10E-06,1.74400593E-05,-7.10E-06,1.60601976E-05,2.39468591E-05,-1.10E-05,1.56585963E-06,1.08198710E-05,1.56150454E-05,3.78915774E-06,-1.10E-05,2.34336449E-06,1.10887377E-05,1.76260676E-06,1.22366810E-05,1.43607458E-05,-1.40E-05,1.43175009E-06,9.62554714E-06,9.42326915E-06,-1.56E-05,9.34764557E-06,1.37995203E-05,1.15442599E-05,1.25655322E-06,2.17855859E-06,7.94430889E-06,3.86174588E-06,5.26917529E-06,-1.12E-06,-1.48E-05,-2.95E-06,-1.51E-05,-6.24E-06,-9.14E-06,-3.49E-06,-5.86E-06,-2.59E-05,-1.81E-05,-2.23E-05,-1.84E-05,-5.87E-06,-1.73E-05,-3.26E-05,-1.29E-05,-1.60E-05,-1.88E-05,-2.15E-05,-1.99E-05,-2.07E-05,-3.70E-05,-3.90E-05,-4.11E-05,-4.34E-05,-3.85E-05,-5.61E-05,-2.92E-05,6.91834339E-06,6.92197937E-05,2.06892655E-04,4.29729262E-04,7.50495878E-04,1.31178682E-03,2.09684530E-03,3.22036631E-03,4.68720030E-03,6.76959660E-03,9.08449944E-03,1.18445111E-02,1.50077902E-02,1.88544877E-02,2.25487817E-02,2.63912659E-02,3.02774403E-02,3.47012877E-02,3.83527242E-02,4.17360999E-02,4.46450412E-02,4.70724218E-02,4.87646498E-02,5.02508730E-02,5.16377315E-02,5.29902652E-02,5.43609858E-02,5.56267910E-02,5.68930022E-02,5.83320595E-02,5.95848002E-02,6.06262200E-02,6.15628064E-02,6.23913147E-02,6.26160279E-02,6.23158142E-02,6.15036078E-02,6.01978190E-02,5.86700141E-02,5.67176826E-02,5.51415011E-02,5.35940900E-02,5.22583313E-02,5.09314574E-02,4.96057011E-02,4.84498926E-02,4.68884259E-02,4.49702479E-02,4.26101685E-02,3.98392528E-02,3.65958884E-02,3.33213471E-02,2.96491347E-02,2.61899866E-02,2.29270346E-02,1.99084934E-02,1.70628093E-02,1.47044808E-02,1.27327656E-02,1.08824391E-02,9.12793446E-03,7.45605305E-03,6.02060044E-03,4.79439134E-03,3.78919067E-03,2.96238344E-03,2.38812156E-03,1.97271002E-03,1.65529293E-03,1.49467320E-03,1.31664716E-03,1.24378467E-03,1.17783679E-03,1.15018012E-03,1.15338631E-03,1.12090947E-03,1.10068463E-03,1.10106904E-03,1.08288473E-03,1.07942510E-03,1.06696761E-03,1.04309316E-03,1.03868148E-03,1.02884124E-03,9.96764516E-04,9.88880987E-04,9.79155069E-04,9.49900132E-04,9.34589130E-04,9.25061875E-04,9.25233355E-04,9.32326308E-04,9.42859682E-04,9.62624501E-04,9.92597430E-04,1.02560152E-03,1.05431373E-03,1.12021901E-03,1.14807161E-03,1.22078124E-03,1.28288555E-03,1.33656245E-03,1.39924418E-03,1.45592599E-03,1.53112703E-03,1.59277348E-03,1.60379347E-03,1.58794411E-03,1.52828579E-03,1.50688121E-03,1.54437043E-03,1.57858396E-03,1.61668682E-03,1.61038490E-03,1.60148810E-03,1.56583160E-03,1.50934886E-03,1.45074248E-03,1.37376471E-03,1.32025487E-03,1.26288319E-03,1.21218129E-03,1.16431143E-03,1.13973382E-03,1.10605988E-03,1.09680870E-03,1.07080245E-03,1.05466414E-03,1.05325959E-03,1.05953170E-03,1.06466445E-03,1.08942611E-03,1.12479425E-03,1.15324603E-03,1.19572517E-03,1.23262941E-03,1.24883105E-03,1.26594154E-03,1.27538596E-03,1.24900148E-03,1.23961142E-03,1.22591294E-03,1.18718587E-03,1.16435916E-03,1.13150373E-03,1.11088553E-03,1.08362886E-03,1.04548060E-03,1.00792595E-03,9.83818318E-04,9.38686950E-04,8.89265211E-04,8.48603086E-04,7.95768574E-04,7.51851010E-04,7.02391262E-04,6.69204688E-04,6.27689005E-04,5.94310986E-04,5.38228895E-04,5.15099557E-04,4.79978276E-04,4.63294244E-04,4.39065800E-04,4.19220683E-04,3.98713339E-04,3.82366823E-04,3.67172324E-04,3.48510774E-04,3.34071839E-04,3.19107407E-04,3.07963433E-04,3.03082546E-04,2.89799471E-04,2.85748683E-04,2.74114806E-04,2.71106139E-04,2.55443039E-04,2.54231709E-04,2.61763285E-04,2.55624502E-04,2.53803126E-04,2.44457420E-04,2.55116815E-04,2.47763703E-04,2.45048810E-04,2.53904756E-04,2.44856084E-04,2.50149344E-04,2.51314981E-04,2.50023295E-04,2.44422292E-04,2.38894630E-04,2.49083270E-04,2.40098554E-04,2.44133058E-04,2.45895266E-04,2.50003388E-04,2.49523611E-04,2.37158019E-04,2.41595175E-04,2.41973583E-04,2.38145134E-04,2.32641876E-04,2.31976344E-04,2.30948761E-04,2.32288934E-04,2.26645716E-04,2.32961247E-04,2.33967032E-04,2.38125853E-04,2.34875421E-04,2.33885585E-04,2.30988298E-04,2.35371524E-04,2.38164037E-04,2.31843558E-04,2.33797400E-04,2.31684404E-04,2.34332678E-04,2.30638383E-04,2.34353749E-04,2.38030829E-04,2.40112349E-04,2.24755349E-04,2.04374926E-04,2.05615404E-04,1.84563585E-04,1.61855452E-04,1.40960459E-04,1.29228370E-04,1.02577113E-04,8.75553596E-05,7.42441553E-05,5.32303420E-05,4.93857624E-05,4.55969530E-05,3.07591617E-05,2.27723958E-05,2.94430029E-05,2.20696020E-05,1.72862401E-05,1.43741954E-05,1.01454752E-05,1.15770308E-05,8.65055608E-06,1.68071492E-05,1.42625195E-05,1.20144841E-05,7.87909357E-06,7.44584713E-06,4.34241656E-06,5.86007718E-06,7.45921443E-06,1.35735754E-05,3.48347044E-06,6.63796664E-06,8.33210561E-06,2.06514187E-06,4.28661224E-06,3.76140247E-06,9.85605837E-08,1.07435299E-05,1.25286606E-05,1.44267415E-05,7.16186150E-06,5.99145551E-06,5.27028578E-06,1.15773591E-05,1.65175479E-05,-2.63E-06,8.66763185E-06,1.25865599E-05,2.35750558E-05,2.14341999E-05,2.29414818E-05,3.32692107E-05,1.57097638E-05,2.74194026E-05,2.05727283E-05,3.67373354E-06,1.16873452E-05,6.09328345E-06,1.77301481E-05,1.95410339E-05,2.45571919E-05,1.69956165E-05,1.52693865E-05,2.28468616E-05,1.74213947E-05,2.35565949E-05,3.51448834E-05,3.49441434E-05,3.86062020E-05,2.70236706E-05,1.67866347E-05,3.45498884E-05,3.45118024E-05,3.34397446E-05,2.64304199E-05,3.09725838E-05,4.85310775E-05,1.85468980E-05,1.70177336E-05,2.18314181E-05,8.47222236E-06,3.22308983E-06,2.26599677E-05,1.89488110E-05,1.28585798E-05,-7.44E-06,1.22031342E-05,1.55933667E-05,4.55666486E-06,6.30584736E-06,-2.32E-06,1.00928652E-08,2.76827905E-05,6.63916444E-06,6.32808906E-06,1.26132318E-06,5.38681616E-06,1.59899628E-05,3.20807740E-05,1.03171824E-05,1.40839393E-05,8.55910184E-06,-1.09E-05,-1.74E-05,2.44141629E-05,-1.67E-05,8.29749297E-06,-1.73E-05,9.91537581E-06,-1.55E-06,-5.40E-07,1.85451154E-05,-1.78E-06,-1.04E-05,3.44101172E-05,-1.06E-05,-1.34E-05,INT SYNC:059.94[Hz],DOUBLE FRAME,NORMAL,STANDARD DARK,ONE,CIE1931 (2°),1°,100,0.33333333,0.33333333,NONE,1,33367,763715,OFF,TRUE,2024/03/25,16:54:33,OK00,----,----,----,CS-3000HDR,3001075,1.00.0008
138,2.87565306E+02,2.46056875E+02,1.71585048E+03,2.46056875E+02,0.12783676,0.10938425,0.12604263,0.24266044,----,----,475.23418,91.5247315,140.604111,36.002855,-245.842565,2.36394843E+00,473,9.82364054E-06,2.30943533E-05,2.64300543E-05,1.82830136E-05,4.59304965E-06,-5.36E-06,-7.08E-06,-8.62E-06,9.88137435E-06,3.35968093E-06,-5.63E-06,8.13037150E-06,-3.99E-06,-5.63E-06,2.51946767E-05,7.67962501E-06,1.55878251E-06,-1.06E-05,9.72825092E-06,-9.65E-06,-2.93E-06,-1.43E-06,2.55128816E-06,2.47276461E-07,-4.43E-06,-2.60E-07,-3.85E-06,-5.12E-06,3.05212461E-06,-1.37E-05,4.25703502E-06,2.64173264E-06,-3.95E-06,-2.36E-05,9.95945175E-06,-4.68E-06,-1.55E-05,-1.30E-05,9.81180648E-08,-1.74E-06,-1.79E-05,-2.26E-05,-1.41E-05,-6.15E-06,-1.79E-05,-2.28E-05,-1.60E-05,-9.17E-06,-3.08E-05,-2.81E-05,-1.86E-05,-3.47E-05,-3.38E-05,-4.15E-05,-3.74E-05,-4.23E-05,-4.14E-05,-5.56E-05,-3.60E-05,8.96001438E-06,6.77921053E-05,1.86766978E-04,4.01182158E-04,7.29826279E-04,1.31920527E-03,2.07697204E-03,3.21088731E-03,4.69371630E-03,6.86776591E-03,9.17156320E-03,1.20794550E-02,1.53197506E-02,1.92004703E-02,2.31616050E-02,2.72171516E-02,3.11561115E-02,3.57524119E-02,3.96928005E-02,4.32695113E-02,4.63339277E-02,4.89759743E-02,5.08337133E-02,5.24798036E-02,5.40142804E-02,5.54566942E-02,5.70348762E-02,5.83351552E-02,5.98162711E-02,6.14194162E-02,6.28803521E-02,6.40352741E-02,6.50707036E-02,6.58484027E-02,6.61092550E-02,6.60532340E-02,6.52979463E-02,6.40194863E-02,6.23419620E-02,6.04865216E-02,5.87443933E-02,5.70639744E-02,5.58105595E-02,5.41993380E-02,5.28399795E-02,5.15366457E-02,4.99046631E-02,4.78299446E-02,4.53434214E-02,4.23633568E-02,3.89984660E-02,3.54487598E-02,3.16504277E-02,2.80246399E-02,2.45286897E-02,2.12621577E-02,1.82683486E-02,1.57694351E-02,1.36746587E-02,1.16711259E-02,9.81040392E-03,7.97150284E-03,6.44025672E-03,5.12100151E-03,4.02308116E-03,3.14124394E-03,2.51836632E-03,2.08393391E-03,1.76487246E-03,1.53575232E-03,1.38157897E-03,1.29260228E-03,1.24649948E-03,1.19873858E-03,1.18100154E-03,1.17464177E-03,1.15981884E-03,1.15519552E-03,1.14606682E-03,1.12699019E-03,1.11689477E-03,1.10308453E-03,1.08208426E-03,1.08172256E-03,1.04072294E-03,1.03331858E-03,1.01078441E-03,9.96657414E-04,9.77900694E-04,9.58902703E-04,9.51044203E-04,9.54554765E-04,9.80907469E-04,9.97068943E-04,1.03330542E-03,1.06796564E-03,1.09572860E-03,1.13139686E-03,1.18023064E-03,1.22617872E-03,1.29959814E-03,1.36003247E-03,1.41598587E-03,1.48435880E-03,1.56814477E-03,1.63080462E-03,1.63913774E-03,1.59978319E-03,1.55475258E-03,1.53396034E-03,1.55483221E-03,1.61354465E-03,1.64114183E-03,1.64454430E-03,1.63408578E-03,1.59554917E-03,1.53817679E-03,1.45940797E-03,1.40457030E-03,1.35060376E-03,1.29025453E-03,1.23075745E-03,1.19295821E-03,1.15889439E-03,1.12529320E-03,1.10676431E-03,1.09720859E-03,1.07125542E-03,1.05902902E-03,1.06572662E-03,1.08726555E-03,1.11903611E-03,1.13833405E-03,1.17628032E-03,1.20541349E-03,1.23317190E-03,1.26131915E-03,1.25533331E-03,1.24111481E-03,1.21024845E-03,1.19093584E-03,1.13993115E-03,1.09945785E-03,1.03473885E-03,9.78587079E-04,9.10710718E-04,8.42561712E-04,7.77190318E-04,6.97766198E-04,6.24275941E-04,5.49521996E-04,4.85033350E-04,4.07799263E-04,3.39314749E-04,2.84500537E-04,2.31941827E-04,1.86313831E-04,1.53860325E-04,1.21966339E-04,9.85904335E-05,7.53258064E-05,6.32177835E-05,5.30608850E-05,4.83580770E-05,4.38526076E-05,3.69770933E-05,3.60887534E-05,3.63591716E-05,3.43090251E-05,3.65123415E-05,3.14437675E-05,3.37996280E-05,3.47657187E-05,3.10936521E-05,3.15988073E-05,3.25555775E-05,2.67412543E-05,3.21822044E-05,3.61583370E-05,3.31961382E-05,3.12790326E-05,2.94749116E-05,3.44728178E-05,3.16766345E-05,3.15094840E-05,2.81189186E-05,3.07880255E-05,3.07106202E-05,2.35270036E-05,2.96334329E-05,2.78245097E-05,2.41674861E-05,2.29250654E-05,2.32049842E-05,1.97696227E-05,2.09158352E-05,1.98832458E-05,2.27159708E-05,2.27736291E-05,1.58700004E-05,2.24184751E-05,2.21445898E-05,2.08194779E-05,1.89344573E-05,1.87635469E-05,2.00783270E-05,2.45462725E-05,2.87865951E-05,2.45699048E-05,1.99295991E-05,2.46514046E-05,1.83639240E-05,2.13674211E-05,2.47112948E-05,2.48298456E-05,2.35687457E-05,2.81685188E-05,2.50692883E-05,2.10892758E-05,2.70462078E-05,3.32864074E-05,2.77926647E-05,2.34113431E-05,3.08112576E-05,3.01334676E-05,3.33505559E-05,2.37050099E-05,2.57902047E-05,2.63547499E-05,2.30567694E-05,1.97272930E-05,2.02851661E-05,2.13764488E-05,1.81752439E-05,1.30353728E-05,9.43270879E-06,9.28750978E-06,1.31543547E-05,1.12462885E-05,1.30295084E-05,9.49664536E-06,1.13823780E-05,1.22017664E-05,7.85327302E-06,4.54833389E-06,9.65031541E-06,7.84335316E-06,1.40008851E-05,5.64841685E-06,1.05981708E-05,6.56277825E-06,7.37120354E-06,5.18173238E-06,8.84975725E-06,1.89791135E-05,1.09877337E-05,3.42884300E-06,8.91176660E-06,6.00441763E-06,7.31455020E-06,7.64821471E-06,1.02013255E-05,1.56615970E-05,5.86241822E-06,9.31597788E-06,6.01023203E-06,7.61762294E-06,7.91640923E-06,2.45722258E-05,1.65783022E-05,1.01136193E-05,8.15639669E-06,1.95193043E-05,1.01235437E-05,5.90869604E-06,1.23822365E-05,1.32242303E-05,1.85055360E-05,1.38263194E-05,2.76631654E-05,-5.67E-06,3.75934314E-06,1.36353883E-05,9.21783794E-06,1.78768423E-05,2.63385100E-05,1.37943171E-05,2.17227844E-05,2.66740935E-05,2.36443211E-05,2.41866492E-05,2.20508919E-05,2.69317006E-05,3.33934004E-05,4.08450505E-05,2.29343641E-05,2.88373376E-05,2.60222878E-05,2.55468149E-05,2.16156768E-05,2.16205462E-05,1.62700308E-05,1.27625490E-05,2.37310524E-05,1.88201811E-05,2.07210906E-05,1.37384932E-05,1.50954056E-05,2.25413169E-05,2.32918410E-05,1.79828730E-05,2.66510615E-05,1.61449789E-05,2.34847103E-05,2.02366591E-05,2.76040046E-05,5.94411085E-06,9.49119294E-06,3.03493471E-05,4.88086662E-05,-2.09E-05,-1.57E-05,1.92678108E-05,1.29312994E-05,-1.52E-06,-6.24E-06,1.61223888E-05,5.66141580E-06,2.17993784E-05,1.66974496E-05,5.60029639E-06,3.54716167E-06,-2.09E-05,3.33295975E-05,1.20570951E-06,2.32130951E-05,3.11041549E-05,4.55904228E-06,3.37138499E-06,-1.16E-05,5.18176239E-06,9.58935198E-06,INT SYNC:059.94[Hz],DOUBLE FRAME,NORMAL,STANDARD DARK,ONE,CIE1931 (2°),1°,100,0.33333333,0.33333333,NONE,1,33367,762242,OFF,TRUE,2024/03/25,16:54:37,OK00,----,----,----,CS-3000HDR,3001075,1.00.0008
139,2.92956933E+02,2.45944785E+02,1.70627085E+03,2.45944785E+02,0.13048304,0.10954382,0.12875896,0.24321694,----,----,474.966846,90.7061935,140.580327,40.5215805,-244.92178,2.36377705E+00,473,-1.02E-05,9.78972457E-06,-2.75E-06,3.86205647E-06,1.12733942E-05,4.13926682E-06,1.63354821E-06,-1.87E-06,1.48111258E-05,4.00459612E-06,-8.56E-06,1.46070452E-05,-1.48E-06,5.83652991E-06,-2.53E-06,-7.47E-06,1.68419979E-06,2.21277696E-05,2.31501326E-06,6.67842357E-07,1.31208908E-05,2.06366549E-05,-1.23E-06,-4.20E-06,3.42467047E-06,3.86551710E-06,1.15106241E-06,-4.02E-06,1.31068191E-06,-1.04E-05,1.05487015E-06,-2.51E-06,-1.23E-05,-4.24E-06,-5.88E-07,-5.05E-06,-1.60E-05,-1.33E-05,-9.03E-06,-1.78E-05,-1.55E-05,-1.58E-05,-3.91E-06,-2.68E-05,-2.55E-05,-2.84E-05,-2.40E-05,-1.64E-05,-2.73E-05,-2.06E-05,-1.45E-05,-2.94E-05,-4.19E-05,-4.55E-05,-3.50E-05,-3.61E-05,-3.99E-05,-4.08E-05,-2.33E-05,-2.24E-06,6.59629877E-05,1.98321635E-04,3.85766412E-04,7.17784336E-04,1.27302983E-03,2.03368487E-03,3.13200243E-03,4.58132941E-03,6.69418182E-03,8.99913162E-03,1.18057048E-02,1.50247049E-02,1.89741366E-02,2.28674449E-02,2.68391818E-02,3.08479443E-02,3.53953205E-02,3.93647254E-02,4.28724252E-02,4.58728485E-02,4.86687198E-02,5.06064780E-02,5.21629155E-02,5.37013076E-02,5.51705025E-02,5.65867648E-02,5.81237264E-02,5.97140417E-02,6.11730106E-02,6.26375154E-02,6.38395026E-02,6.48190528E-02,6.57412931E-02,6.59500808E-02,6.58748597E-02,6.52172789E-02,6.39177114E-02,6.23450615E-02,6.01582490E-02,5.86159229E-02,5.69773987E-02,5.57030886E-02,5.40790111E-02,5.27814403E-02,5.14751934E-02,4.98407893E-02,4.77685407E-02,4.52197306E-02,4.22903486E-02,3.89202349E-02,3.53678465E-02,3.15322913E-02,2.79182326E-02,2.44179871E-02,2.11173035E-02,1.81373768E-02,1.57133155E-02,1.35542480E-02,1.15820076E-02,9.66341887E-03,7.85581395E-03,6.31472282E-03,5.03021153E-03,3.93427676E-03,3.04483878E-03,2.45351391E-03,2.00021616E-03,1.69897999E-03,1.46338914E-03,1.32380333E-03,1.23403757E-03,1.17939000E-03,1.13360153E-03,1.11162069E-03,1.10751076E-03,1.09495653E-03,1.09190855E-03,1.07451144E-03,1.07802521E-03,1.05499697E-03,1.03447761E-03,1.01426989E-03,1.01089664E-03,9.96247749E-04,9.73903749E-04,9.51642345E-04,9.31620656E-04,9.03719803E-04,8.82748049E-04,8.84332578E-04,8.90364172E-04,8.95558624E-04,9.02402739E-04,9.42847866E-04,9.73736285E-04,9.98206087E-04,1.04004866E-03,1.07133226E-03,1.12807052E-03,1.18730718E-03,1.24967261E-03,1.29201973E-03,1.35965319E-03,1.42980600E-03,1.50041853E-03,1.51509896E-03,1.48333982E-03,1.43302057E-03,1.40209461E-03,1.43499556E-03,1.47523568E-03,1.49062485E-03,1.50314672E-03,1.49352534E-03,1.45550689E-03,1.39275007E-03,1.33883522E-03,1.28170382E-03,1.23982586E-03,1.17772119E-03,1.11779443E-03,1.08879677E-03,1.05762878E-03,1.03128026E-03,1.00264477E-03,9.97680007E-04,9.78985685E-04,9.67827043E-04,9.79003613E-04,9.86392144E-04,1.01031153E-03,1.04562321E-03,1.06175954E-03,1.10103784E-03,1.13999448E-03,1.15844398E-03,1.15986192E-03,1.16104679E-03,1.15384033E-03,1.14569045E-03,1.12213555E-03,1.09302404E-03,1.06922234E-03,1.04689400E-03,1.00635621E-03,9.74987575E-04,9.30857612E-04,8.90982512E-04,8.52355268E-04,8.18335742E-04,7.73171487E-04,7.23876117E-04,6.84867031E-04,6.44658867E-04,6.02480955E-04,5.55568433E-04,5.17528737E-04,4.86909237E-04,4.52935346E-04,4.24797938E-04,3.98758508E-04,3.75899515E-04,3.56548262E-04,3.33122676E-04,3.25337867E-04,3.06308473E-04,2.90339754E-04,2.81261979E-04,2.72420235E-04,2.59696943E-04,2.48771306E-04,2.51613586E-04,2.30602527E-04,2.26339544E-04,2.19076057E-04,2.15895736E-04,2.12839572E-04,2.09364749E-04,2.07971680E-04,2.03317497E-04,2.03333111E-04,1.99195274E-04,2.01281262E-04,2.00908733E-04,1.97084330E-04,1.98704729E-04,2.00392518E-04,1.99653514E-04,1.98963011E-04,1.96881359E-04,1.95971079E-04,1.98631969E-04,1.97328627E-04,1.99305447E-04,1.91612882E-04,1.95407119E-04,2.01214949E-04,1.93373126E-04,1.89586848E-04,1.89516781E-04,1.88655613E-04,1.85591518E-04,1.84917357E-04,1.90404535E-04,1.90143735E-04,1.91391737E-04,1.79994269E-04,1.81321841E-04,1.88698963E-04,1.86457444E-04,1.91802654E-04,1.77181733E-04,1.90737395E-04,1.99377857E-04,1.93351632E-04,1.97170448E-04,1.96010122E-04,1.99617236E-04,2.00626688E-04,1.91289408E-04,1.91023442E-04,1.92368985E-04,1.91387342E-04,1.84598204E-04,1.72987435E-04,1.62933327E-04,1.53666930E-04,1.34107337E-04,1.20096251E-04,1.02737686E-04,8.26190444E-05,7.63691787E-05,6.62694292E-05,5.16771979E-05,4.61034833E-05,3.82662765E-05,2.45655374E-05,2.76782775E-05,2.88703122E-05,1.95289740E-05,1.43054503E-05,1.45561771E-05,1.64234789E-05,9.74844261E-06,9.39713846E-06,5.01061459E-06,1.32758259E-05,1.00134102E-05,1.31777369E-05,1.48700076E-06,7.18567753E-06,6.30942395E-06,1.88627164E-05,1.53222936E-05,4.59268995E-06,5.33121056E-06,8.41018755E-06,5.17333183E-06,1.28296879E-05,1.38619635E-05,1.89003295E-05,6.83370945E-06,1.80011266E-05,1.33908488E-05,1.01833284E-05,1.68037768E-05,9.42021506E-06,5.14935073E-06,1.07912228E-05,9.68959921E-06,1.06581247E-05,1.18337221E-05,1.25692168E-05,1.29602849E-05,1.93232045E-05,3.11158237E-06,2.40865211E-05,6.94374239E-06,2.34681975E-05,1.60163509E-05,1.69657815E-05,2.16932294E-05,8.97463087E-06,2.07751800E-05,3.15978687E-05,2.05410870E-05,1.47132923E-05,1.26113309E-05,2.92638542E-05,1.78857117E-05,1.92528096E-05,2.10993694E-05,8.97512382E-06,1.25958686E-05,2.56351414E-05,1.50315091E-05,1.55672060E-05,3.02233475E-05,1.68862389E-05,2.03354593E-05,1.56981587E-05,2.06271197E-05,1.31202123E-05,1.77920374E-05,1.71963620E-05,1.92560583E-05,4.15804425E-06,-7.03E-06,1.01135684E-05,-4.16E-07,8.08797540E-06,1.84762193E-05,2.69740503E-05,4.53546818E-06,-2.73E-06,3.27098824E-05,4.86014642E-06,1.39137192E-05,1.90844275E-05,1.19583037E-05,-7.83E-06,2.09682526E-06,7.00278360E-06,-1.03E-05,-8.85E-06,-2.77E-07,2.26514703E-06,-1.01E-06,2.19270187E-05,6.92944514E-06,-5.39E-06,-1.52E-05,-2.74E-05,1.22729716E-05,1.46549764E-05,1.16202291E-05,1.31838988E-06,-1.22E-05,1.98140660E-05,3.26922564E-05,9.24236792E-06,INT SYNC:059.94[Hz],DOUBLE FRAME,NORMAL,STANDARD DARK,ONE,CIE1931 (2°),1°,100,0.33333333,0.33333333,NONE,1,33367,761016,OFF,TRUE,2024/03/25,16:54:41,OK00,----,----,----,CS-3000HDR,3001075,1.00.0008
140,2.83253372E+02,2.41060612E+02,1.70388121E+03,2.41060612E+02,0.12712233,0.10818649,0.12573941,0.24077152,----,----,475.193962,91.8981183,139.536889,37.0312079,-246.480332,2.34467834E+00,473,-6.49E-06,2.17446404E-06,1.70150488E-05,2.33040032E-06,5.57572730E-06,1.08412087E-05,-3.93E-06,9.96985727E-06,3.40184033E-06,8.98002509E-06,3.94972722E-06,3.64740549E-06,1.04891742E-05,7.75961723E-07,8.33014656E-06,-5.97E-06,1.31733050E-05,1.70086041E-05,2.99262538E-05,8.62548586E-06,2.89518766E-07,-9.17E-06,2.04712087E-05,-1.40E-06,5.32635977E-06,2.70477881E-06,1.36605740E-06,-1.96E-06,-8.92E-06,-2.12E-07,-6.91E-06,-5.40E-06,-1.09E-05,-1.24E-05,-6.23E-07,6.46969909E-07,-3.79E-06,-2.17E-05,-2.06E-05,-1.33E-05,-1.80E-05,-1.83E-05,-9.69E-06,-2.15E-05,-1.95E-05,-2.79E-05,-1.63E-05,-2.26E-05,-2.53E-05,-1.03E-05,-2.81E-05,-1.85E-05,-3.54E-05,-4.40E-05,-3.95E-05,-3.55E-05,-4.14E-05,-4.28E-05,-2.80E-05,-1.28E-06,6.16112302E-05,1.77774680E-04,3.93863476E-04,7.12028064E-04,1.23720989E-03,1.99291506E-03,3.05593503E-03,4.51422064E-03,6.61621056E-03,8.88402015E-03,1.17145730E-02,1.48774004E-02,1.87941883E-02,2.26372518E-02,2.66395248E-02,3.07345968E-02,3.52998711E-02,3.91690731E-02,4.26935330E-02,4.58422936E-02,4.84750420E-02,5.05093895E-02,5.20317554E-02,5.35811782E-02,5.51224016E-02,5.66575490E-02,5.81413768E-02,5.96782044E-02,6.12292364E-02,6.26769215E-02,6.37461618E-02,6.48769215E-02,6.56490028E-02,6.60756156E-02,6.59683421E-02,6.52863532E-02,6.38924614E-02,6.23708889E-02,6.03265427E-02,5.85816205E-02,5.70180975E-02,5.56786880E-02,5.40140606E-02,5.28040938E-02,5.14710695E-02,4.98699322E-02,4.78303097E-02,4.52689826E-02,4.22649346E-02,3.89701240E-02,3.54665257E-02,3.15546654E-02,2.79637072E-02,2.44120955E-02,2.12392975E-02,1.82110257E-02,1.57543179E-02,1.35728335E-02,1.15917046E-02,9.66844056E-03,7.88471196E-03,6.35864446E-03,5.03172912E-03,3.93233448E-03,3.09088198E-03,2.46780529E-03,2.00429582E-03,1.69271743E-03,1.47094484E-03,1.32077490E-03,1.23549532E-03,1.18097186E-03,1.15956122E-03,1.12771825E-03,1.11889071E-03,1.10684079E-03,1.09542918E-03,1.09586725E-03,1.07305171E-03,1.05709245E-03,1.04177033E-03,1.03528285E-03,1.01572613E-03,9.88195068E-04,9.80862649E-04,9.55151394E-04,9.33255767E-04,9.16978926E-04,8.97487800E-04,8.99229082E-04,8.99070234E-04,9.11028648E-04,9.16844292E-04,9.51125578E-04,9.75515519E-04,1.00738904E-03,1.04058802E-03,1.09221146E-03,1.14645693E-03,1.19612552E-03,1.25735672E-03,1.32063753E-03,1.37469184E-03,1.44801836E-03,1.50842394E-03,1.52254303E-03,1.49560499E-03,1.43414293E-03,1.42481225E-03,1.44748355E-03,1.47299631E-03,1.52167957E-03,1.53822359E-03,1.50687422E-03,1.46293908E-03,1.41781324E-03,1.36186660E-03,1.29850197E-03,1.23407796E-03,1.18266779E-03,1.14374585E-03,1.11298379E-03,1.08022965E-03,1.03229831E-03,1.01725315E-03,1.00303325E-03,9.86204832E-04,9.87377600E-04,9.86434403E-04,9.96495248E-04,1.01139373E-03,1.04939577E-03,1.07376347E-03,1.10428210E-03,1.13344379E-03,1.16086449E-03,1.15110178E-03,1.14242779E-03,1.12746272E-03,1.09121774E-03,1.05572748E-03,1.01802568E-03,9.63254657E-04,9.05903406E-04,8.42089183E-04,7.87249359E-04,7.24350335E-04,6.57464378E-04,5.89522824E-04,5.17105218E-04,4.50677646E-04,3.82594793E-04,3.21863918E-04,2.70936318E-04,2.20574380E-04,1.72502492E-04,1.38135962E-04,1.16449904E-04,8.65666807E-05,7.23104895E-05,6.08055270E-05,4.86489262E-05,4.38713359E-05,4.28799904E-05,3.69073532E-05,3.97842705E-05,3.65623746E-05,3.35175391E-05,3.77323813E-05,3.75376258E-05,3.30348448E-05,2.98623690E-05,3.44327163E-05,3.55997690E-05,3.13509263E-05,3.57778372E-05,3.35233490E-05,3.14103818E-05,2.99082822E-05,3.23868662E-05,3.55150005E-05,3.67415996E-05,2.91248089E-05,3.46679881E-05,2.83535919E-05,2.48421711E-05,2.77078307E-05,2.87305829E-05,2.97312145E-05,2.77725267E-05,2.82013661E-05,2.91786910E-05,2.84838388E-05,2.69068714E-05,2.35726657E-05,2.31924769E-05,1.94952863E-05,2.49614786E-05,1.78615901E-05,1.77186921E-05,2.21436585E-05,2.20357051E-05,2.08852380E-05,2.06397253E-05,2.40548252E-05,1.66305636E-05,2.01995335E-05,2.03654363E-05,2.18755249E-05,1.77425172E-05,2.41621874E-05,2.10146172E-05,2.07098074E-05,2.35184380E-05,2.27473920E-05,2.81967677E-05,2.39071505E-05,2.85378064E-05,2.62594494E-05,2.93240482E-05,2.34380641E-05,2.42743026E-05,3.21716325E-05,3.37374768E-05,2.77575637E-05,2.54893857E-05,2.41443104E-05,2.79079577E-05,2.25583244E-05,2.03658074E-05,2.24928754E-05,2.36002543E-05,1.49593388E-05,2.07743069E-05,1.29019045E-05,1.46400753E-05,1.15009761E-05,1.04830333E-05,1.80155512E-05,1.35184182E-05,7.16041586E-06,1.01983760E-05,1.16355923E-05,8.94777895E-06,9.69461325E-06,3.79567109E-06,5.05145999E-06,1.03722596E-05,1.04505480E-05,6.92396816E-06,5.42342650E-06,9.71292320E-06,2.62425885E-07,1.34894772E-05,1.03082793E-05,7.16935438E-06,1.19370707E-05,3.77719130E-06,3.93275423E-06,1.05678009E-05,8.00357520E-06,1.89677085E-05,8.75908790E-06,1.51799186E-05,8.30230420E-06,4.89743434E-06,4.24206155E-06,1.41987985E-05,9.87289422E-06,2.45922793E-09,7.70139377E-06,3.51755921E-06,2.05459564E-05,2.06933801E-05,1.83026114E-05,2.27896908E-05,1.67507678E-05,1.02374752E-05,6.40333610E-06,7.85064822E-06,6.97821770E-06,1.21826934E-05,7.77095829E-06,1.31010129E-05,1.32351461E-05,1.14539725E-05,3.20054132E-05,-6.21E-07,9.33937554E-06,1.97675290E-05,3.29458562E-05,2.44628372E-05,2.28025838E-05,2.92787881E-05,2.10669114E-05,4.42729870E-05,1.25357292E-05,3.16738769E-05,3.15983816E-05,1.81950800E-05,4.53147841E-05,3.84304185E-05,1.91246763E-05,9.45968895E-06,1.95511966E-05,1.42660838E-05,3.44664950E-05,1.66270656E-05,3.00752890E-06,4.05838955E-06,2.31766116E-05,3.56843811E-05,1.58829844E-05,-1.29E-05,-1.41E-06,2.14600618E-06,1.92927109E-05,3.52712027E-06,3.35140794E-06,-1.02E-06,1.87502555E-05,1.13503381E-06,-1.01E-05,-5.97E-06,9.85989936E-06,3.02298504E-05,1.73721719E-06,2.33533483E-05,-3.41E-05,1.19550941E-05,4.74965418E-06,1.72244017E-05,4.21726736E-06,1.25159386E-05,-7.30E-06,-2.19E-06,1.50632368E-05,4.38804454E-06,1.33377780E-05,4.08680262E-06,1.80437110E-06,INT SYNC:059.94[Hz],DOUBLE FRAME,NORMAL,STANDARD DARK,ONE,CIE1931 (2°),1°,100,0.33333333,0.33333333,NONE,1,33367,764670,OFF,TRUE,2024/03/25,16:54:44,OK00,----,----,----,CS-3000HDR,3001075,1.00.0008
141,2.87503089E+02,2.40604146E+02,1.69990695E+03,2.40604146E+02,0.12904006,0.1079904,0.1278319,0.24070347,----,----,474.970912,91.3461925,139.438653,40.9750958,-246.249257,2.34753161E+00,473,3.91220374E-06,1.00478946E-05,2.15805467E-05,3.67757343E-06,-1.56E-05,-2.62E-07,7.13455483E-06,-7.32E-06,-5.47E-06,-8.73E-06,-5.22E-06,1.56933511E-05,2.12313589E-05,2.85677788E-06,-6.37E-06,5.07791992E-06,9.27592464E-06,6.21918161E-06,1.54217082E-06,-5.02E-06,-4.06E-06,4.39367841E-06,1.25164297E-05,7.59510658E-06,3.12400653E-06,3.91641424E-06,5.96320115E-06,-9.56E-06,-3.32E-06,-7.76E-06,5.68208770E-06,-4.89E-06,-8.29E-06,-9.03E-06,-3.63E-06,-7.88E-06,-1.29E-05,-1.40E-05,1.52224698E-06,-1.88E-05,-1.47E-05,-2.74E-05,-1.60E-05,-1.37E-05,-1.93E-05,-2.24E-05,-1.64E-05,-2.61E-05,-3.23E-05,-2.76E-05,-3.94E-05,-1.97E-05,-2.68E-05,-3.99E-05,-3.09E-05,-3.46E-05,-5.15E-05,-4.98E-05,-3.07E-05,6.27619420E-06,6.35231845E-05,1.70759886E-04,3.85665073E-04,6.70362439E-04,1.23266643E-03,1.95757300E-03,3.03786667E-03,4.47970675E-03,6.48495881E-03,8.79272260E-03,1.15640545E-02,1.47438049E-02,1.85831264E-02,2.24801991E-02,2.63733696E-02,3.04381885E-02,3.51037234E-02,3.89441513E-02,4.26465720E-02,4.57268693E-02,4.83911857E-02,5.02900407E-02,5.18997572E-02,5.35786040E-02,5.50362132E-02,5.65875582E-02,5.80902472E-02,5.96143752E-02,6.12154901E-02,6.25093952E-02,6.38004467E-02,6.48048297E-02,6.57037497E-02,6.60825893E-02,6.59480095E-02,6.52361438E-02,6.38837293E-02,6.22848347E-02,6.03171624E-02,5.86194173E-02,5.70872165E-02,5.56480587E-02,5.41291684E-02,5.27311862E-02,5.14077768E-02,4.98484336E-02,4.76984344E-02,4.52481098E-02,4.23160791E-02,3.89617048E-02,3.54086906E-02,3.15627865E-02,2.78756227E-02,2.44129803E-02,2.11974066E-02,1.81403793E-02,1.56561397E-02,1.34935835E-02,1.15351649E-02,9.65263881E-03,7.78723089E-03,6.28035329E-03,4.95644100E-03,3.88062489E-03,3.00833094E-03,2.40477780E-03,1.94592751E-03,1.63093908E-03,1.41979451E-03,1.26999174E-03,1.17101241E-03,1.12441194E-03,1.07577629E-03,1.07454462E-03,1.07260782E-03,1.05423480E-03,1.03700231E-03,1.03210553E-03,1.01861870E-03,1.01127976E-03,9.85613675E-04,9.73556074E-04,9.60520876E-04,9.37190314E-04,9.26336856E-04,9.02729109E-04,8.92624375E-04,8.63472349E-04,8.44089722E-04,8.41797737E-04,8.37091531E-04,8.42860725E-04,8.50713230E-04,8.76905164E-04,9.06590431E-04,9.27484652E-04,9.61919606E-04,1.01153553E-03,1.05500384E-03,1.10014505E-03,1.15666550E-03,1.19637977E-03,1.26726169E-03,1.33492541E-03,1.37561851E-03,1.39683764E-03,1.37802435E-03,1.33545010E-03,1.30004180E-03,1.32516411E-03,1.34881749E-03,1.38887332E-03,1.39143073E-03,1.38083985E-03,1.35247177E-03,1.28863461E-03,1.23830733E-03,1.18092273E-03,1.12524559E-03,1.08210323E-03,1.04516069E-03,9.99567332E-04,9.73573187E-04,9.55243013E-04,9.29480768E-04,9.11140523E-04,9.04169574E-04,9.03902575E-04,9.04264336E-04,9.12314164E-04,9.26175853E-04,9.54398885E-04,9.82328318E-04,1.01155776E-03,1.04803604E-03,1.07341481E-03,1.07168267E-03,1.06138340E-03,1.06030714E-03,1.04130188E-03,1.01689156E-03,1.00586051E-03,9.51769296E-04,9.33027826E-04,9.00168612E-04,8.69677984E-04,8.41486093E-04,7.94920954E-04,7.58322480E-04,7.16448354E-04,6.72866357E-04,6.35319098E-04,5.81247965E-04,5.39423083E-04,4.97717585E-04,4.61427873E-04,4.27168619E-04,3.89818597E-04,3.62276012E-04,3.37737583E-04,3.16384452E-04,3.02920263E-04,2.83452595E-04,2.70205172E-04,2.59760069E-04,2.43301256E-04,2.34107458E-04,2.23512761E-04,2.16001979E-04,2.04447351E-04,2.01601244E-04,1.96547087E-04,1.86813573E-04,1.79823895E-04,1.71562584E-04,1.67877428E-04,1.74582354E-04,1.68674436E-04,1.57820657E-04,1.57015747E-04,1.60470256E-04,1.61405216E-04,1.58370618E-04,1.58327835E-04,1.55323287E-04,1.56093171E-04,1.51655142E-04,1.62577780E-04,1.51206259E-04,1.51958462E-04,1.56186725E-04,1.49658110E-04,1.51631932E-04,1.51808854E-04,1.52195091E-04,1.51263666E-04,1.55448157E-04,1.48074570E-04,1.45508049E-04,1.52261084E-04,1.51401357E-04,1.49637257E-04,1.45129190E-04,1.48220686E-04,1.51307322E-04,1.49011539E-04,1.55315240E-04,1.51192551E-04,1.46518287E-04,1.51842585E-04,1.47111219E-04,1.52777240E-04,1.54400608E-04,1.54410664E-04,1.66343962E-04,1.52778652E-04,1.55503774E-04,1.54240173E-04,1.60619864E-04,1.64816462E-04,1.58094539E-04,1.58025578E-04,1.61334377E-04,1.56131384E-04,1.41825672E-04,1.41103214E-04,1.28303538E-04,1.17399177E-04,1.02508908E-04,9.05313136E-05,8.03372532E-05,6.82404207E-05,5.31485712E-05,3.80189194E-05,3.20077306E-05,3.07342489E-05,2.72528796E-05,1.65111323E-05,1.55638299E-05,1.01570577E-05,1.25975921E-05,1.52634057E-05,8.61110220E-06,1.03583625E-05,1.02928161E-05,7.61749152E-06,8.69723226E-06,1.20958055E-06,6.71355201E-06,1.69562572E-05,1.70865187E-05,5.26547865E-06,1.92828816E-06,5.41904001E-06,5.00894066E-06,1.24671760E-05,1.08189779E-05,1.23711243E-05,1.00141151E-05,7.11351322E-06,1.30016406E-05,9.95311711E-06,1.16078636E-05,1.51128224E-05,6.13553993E-06,6.65984180E-06,1.39712229E-05,1.36680492E-05,2.01303260E-06,6.52107701E-06,5.10765494E-06,4.80833432E-06,1.69396135E-05,1.17336531E-05,1.39576096E-05,8.79640174E-06,2.14895317E-05,1.46630864E-05,1.94218810E-05,7.93298295E-06,9.26223220E-06,1.56304923E-05,1.62551041E-05,7.99970803E-06,1.67940289E-05,1.07584810E-05,1.33551130E-05,1.23842738E-05,3.28403912E-05,3.94813651E-05,8.04983029E-06,2.92830882E-05,3.22484811E-05,1.30830067E-05,1.08079121E-05,1.79150156E-05,3.23143868E-05,2.07092744E-05,3.19250394E-05,1.56990227E-05,9.86253053E-06,1.42698491E-05,2.59019962E-05,1.13446304E-05,1.78686751E-05,1.53124638E-05,3.57561066E-06,2.90674889E-05,2.38217599E-05,1.41876098E-05,-2.55E-06,1.87466994E-05,5.12896941E-06,-7.86E-06,1.22995507E-05,8.77593175E-06,3.24600878E-05,5.28886130E-06,-1.15E-05,4.78573384E-06,-1.15E-06,1.15898338E-05,2.24556607E-05,1.91692325E-05,9.15534929E-06,7.57490625E-06,-1.41E-05,2.78504303E-05,1.16230112E-05,-3.83E-06,2.46077052E-05,-1.32E-05,-1.60E-05,-8.42E-06,1.48833833E-05,1.95305911E-05,3.69205253E-07,-3.80E-06,2.84545276E-05,-4.65E-06,-2.33E-05,INT SYNC:059.94[Hz],DOUBLE FRAME,NORMAL,STANDARD DARK,ONE,CIE1931 (2°),1°,100,0.33333333,0.33333333,NONE,1,33367,763158,OFF,TRUE,2024/03/25,16:54:48,OK00,----,----,----,CS-3000HDR,3001075,1.00.0008
142,2.79855186E+02,2.37174603E+02,1.69464276E+03,2.37174603E+02,0.12653554,0.10723767,0.12547587,0.23926411,----,----,475.164531,92.2001942,138.696581,37.8127494,-246.997311,2.32989193E+00,473,-6.68E-06,7.15201941E-06,3.82619055E-06,5.92347305E-06,4.87547777E-06,-2.30E-06,-1.76E-05,1.74807046E-05,-9.43E-06,1.23227974E-05,2.91012469E-07,3.86684587E-06,-1.24E-07,1.00348689E-05,1.39828553E-05,-4.35E-06,1.25543611E-05,4.78341190E-06,-7.26E-06,-7.63E-06,6.04308468E-07,-1.93E-06,1.28305110E-05,-6.56E-06,-7.44E-06,-1.39E-05,-2.21E-06,-1.31E-05,3.33190474E-06,-4.51E-06,-5.76E-06,4.66056554E-06,1.03778541E-06,-1.13E-05,-6.94E-06,-1.35E-05,-1.20E-05,-1.03E-05,-1.22E-06,-1.16E-05,-1.43E-06,-8.74E-06,-8.90E-06,-1.57E-05,-2.73E-05,-3.45E-05,-2.53E-05,-2.13E-05,-1.37E-05,-3.03E-05,-2.48E-05,-3.13E-05,-2.91E-05,-3.85E-05,-4.84E-05,-2.53E-05,-4.05E-05,-5.57E-05,-1.75E-05,5.49470951E-06,5.21373913E-05,1.62004857E-04,3.64904437E-04,6.50678936E-04,1.18912221E-03,1.92907162E-03,2.96250661E-03,4.39836597E-03,6.40992261E-03,8.67884886E-03,1.14411442E-02,1.45904608E-02,1.84895322E-02,2.22224109E-02,2.62063891E-02,3.03755775E-02,3.48115228E-02,3.87859233E-02,4.23483700E-02,4.53408025E-02,4.81100678E-02,5.01814224E-02,5.17854802E-02,5.33436872E-02,5.49151227E-02,5.64759299E-02,5.78737855E-02,5.94998933E-02,6.11316003E-02,6.24542870E-02,6.37038574E-02,6.47360682E-02,6.55350760E-02,6.58961311E-02,6.58220351E-02,6.50740117E-02,6.38768673E-02,6.21599816E-02,6.02433048E-02,5.86169548E-02,5.70020042E-02,5.57150766E-02,5.40262051E-02,5.28333336E-02,5.14760651E-02,4.97917607E-02,4.77456376E-02,4.52220812E-02,4.23095822E-02,3.88543084E-02,3.53265256E-02,3.14765982E-02,2.79159918E-02,2.44114809E-02,2.11254749E-02,1.81030557E-02,1.56655461E-02,1.35192843E-02,1.15308566E-02,9.60685685E-03,7.82734063E-03,6.29763072E-03,4.97126626E-03,3.89771746E-03,3.01896036E-03,2.41903123E-03,1.97817199E-03,1.66146026E-03,1.43712503E-03,1.28610502E-03,1.19192514E-03,1.13762030E-03,1.11286377E-03,1.08599162E-03,1.06543722E-03,1.06595096E-03,1.06178131E-03,1.05983415E-03,1.03558775E-03,1.02273154E-03,1.00381032E-03,9.88002983E-04,9.74864466E-04,9.55050986E-04,9.30315058E-04,9.17156518E-04,8.98183149E-04,8.59531749E-04,8.55740276E-04,8.57652631E-04,8.49493430E-04,8.50970740E-04,8.73140467E-04,8.91706150E-04,9.16985155E-04,9.49753565E-04,9.78014781E-04,1.03429204E-03,1.06072053E-03,1.12102018E-03,1.18608028E-03,1.24226871E-03,1.28588954E-03,1.35979673E-03,1.41485431E-03,1.42322562E-03,1.40646589E-03,1.36090722E-03,1.34785997E-03,1.36253610E-03,1.39353203E-03,1.40986498E-03,1.44324731E-03,1.41041412E-03,1.37046317E-03,1.33146497E-03,1.26265862E-03,1.20991294E-03,1.15457689E-03,1.10477849E-03,1.05719082E-03,1.02229661E-03,1.00115745E-03,9.69362154E-04,9.44450090E-04,9.36571159E-04,9.25736211E-04,9.21289669E-04,9.17902275E-04,9.15187178E-04,9.38902784E-04,9.73122253E-04,1.01463671E-03,1.02843682E-03,1.05991482E-03,1.08718884E-03,1.06927205E-03,1.06052950E-03,1.05360954E-03,1.01903605E-03,9.88689600E-04,9.30919196E-04,8.95776378E-04,8.45454691E-04,7.80536036E-04,7.39114068E-04,6.76459807E-04,6.14160264E-04,5.48839860E-04,4.93549567E-04,4.23949125E-04,3.67284520E-04,3.11305659E-04,2.55284074E-04,2.10157305E-04,1.69406063E-04,1.36602961E-04,1.10933222E-04,8.56164552E-05,7.10860259E-05,6.02171676E-05,5.09856945E-05,4.50742700E-05,3.74812917E-05,3.85488311E-05,3.47701825E-05,3.55135417E-05,3.41410268E-05,3.42502390E-05,3.76761454E-05,3.32552336E-05,3.23440909E-05,3.47899368E-05,3.50594855E-05,3.28004935E-05,3.46665802E-05,3.51367162E-05,3.59902224E-05,3.54952172E-05,3.04002024E-05,3.71623537E-05,2.79211945E-05,3.31793526E-05,3.11554504E-05,2.63526290E-05,3.07826122E-05,2.48252436E-05,2.93294961E-05,2.73616188E-05,2.99938802E-05,2.74547347E-05,2.33221508E-05,2.51340316E-05,2.32677485E-05,2.51426318E-05,2.38130360E-05,2.31269551E-05,2.56160747E-05,2.32033926E-05,1.34486118E-05,2.08932488E-05,1.80153020E-05,1.92704210E-05,2.19884223E-05,2.38607900E-05,2.53513099E-05,2.24079995E-05,1.99555852E-05,1.97816571E-05,2.77122581E-05,2.06446421E-05,2.69485863E-05,2.28119879E-05,2.35919633E-05,2.02279552E-05,2.24208943E-05,2.26900265E-05,2.11621791E-05,2.60933921E-05,2.75595412E-05,2.91780634E-05,2.42490369E-05,3.39500875E-05,3.28229980E-05,2.79811266E-05,2.13892436E-05,2.89182753E-05,2.23730949E-05,1.78574592E-05,1.51368886E-05,2.19932335E-05,1.73629578E-05,1.59052361E-05,6.20779610E-06,1.60620475E-05,1.77503607E-05,6.85967825E-06,5.93803088E-06,1.11517857E-05,1.02411259E-05,1.40478687E-05,1.23807240E-05,9.55901578E-06,8.53538404E-06,1.23103891E-05,1.06488651E-05,9.49285550E-06,5.79886682E-06,6.33315949E-06,1.21339972E-05,7.42870952E-06,3.50119740E-06,4.66665460E-06,1.37256575E-05,1.71461561E-05,4.41651036E-06,4.56813905E-06,5.15736383E-06,1.29753989E-05,6.66826054E-06,1.31642710E-05,4.61675245E-06,1.40120364E-05,1.34850598E-05,1.47659566E-05,1.55007310E-05,5.41925419E-06,1.97210443E-06,4.86649060E-06,1.04329056E-05,1.34601642E-05,8.38060805E-06,6.05836885E-06,2.96948292E-06,2.01568582E-05,1.28148467E-05,9.86752366E-06,1.40794409E-05,1.90534101E-05,2.06851055E-05,1.27905460E-05,1.56740734E-05,1.52652919E-05,2.02206957E-05,2.06556579E-05,2.21666892E-06,4.97359406E-06,1.65235833E-05,2.48445431E-05,1.61567314E-05,1.74003690E-05,2.53094331E-05,2.87656785E-05,3.46286724E-05,3.82521393E-05,2.17725574E-05,2.71242243E-05,1.60043401E-05,4.91004321E-05,2.53199760E-05,2.05940723E-05,3.48510221E-05,2.10852140E-05,3.41587111E-05,1.22641995E-05,1.25378010E-05,1.04033297E-05,2.36618507E-05,3.60565673E-06,-1.74E-06,5.03372166E-06,2.13380481E-05,1.14417362E-05,2.52785776E-05,1.42864719E-05,2.45046504E-05,3.10343712E-05,-3.19E-06,1.16206411E-05,-2.38E-05,1.41622604E-05,1.67533708E-05,-6.80E-07,-5.51E-06,1.51827062E-05,-9.12E-06,-2.59E-05,3.14001627E-05,1.18072703E-05,1.53802921E-05,1.54585468E-05,6.58502540E-06,-4.69E-06,3.27509770E-05,1.36798362E-05,3.13038981E-05,2.18146870E-05,-2.67E-05,1.61832249E-05,4.38930438E-05,2.74857994E-05,INT SYNC:059.94[Hz],DOUBLE FRAME,NORMAL,STANDARD DARK,ONE,CIE1931 (2°),1°,100,0.33333333,0.33333333,NONE,1,33367,761070,OFF,TRUE,2024/03/25,16:54:51,OK00,----,----,----,CS-3000HDR,3001075,1.00.0008
143,2.81635829E+02,2.34962007E+02,1.69128889E+03,2.34962007E+02,0.127559,0.10641941,0.12686395,0.23813898,----,----,474.977483,91.9998953,138.214024,41.3839891,-247.490183,2.32856493E+00,474,1.84258752E-05,3.44837048E-07,6.41258475E-06,-1.19E-07,-2.13E-05,6.64002482E-06,1.13064516E-05,1.14379272E-05,5.86245233E-06,1.60822547E-05,1.23210039E-05,1.43880834E-05,-5.71E-06,-1.30E-05,-3.08E-06,2.51591027E-05,5.37279857E-06,7.43261307E-06,-1.78E-06,1.08622789E-05,2.67101404E-06,1.49112634E-06,4.01202124E-06,-4.25E-07,4.92235176E-06,9.66217704E-06,-1.05E-05,-1.25E-05,-7.83E-06,-2.50E-05,2.36328833E-06,-4.00E-06,-7.56E-06,-7.05E-06,-1.79E-05,-4.91E-07,-1.64E-06,-4.66E-06,-7.42E-06,-4.46E-06,-9.40E-06,-1.95E-05,-1.33E-05,-4.41E-06,-6.43E-06,-1.82E-05,-2.18E-05,-2.27E-05,-2.72E-05,-1.78E-05,-2.90E-05,-2.06E-05,-2.73E-05,-3.82E-05,-3.40E-05,-4.33E-05,-4.85E-05,-4.53E-05,-2.56E-05,-5.15E-06,4.96464745E-05,1.65333098E-04,3.54508811E-04,6.62839971E-04,1.16650749E-03,1.87882013E-03,2.88881338E-03,4.30439366E-03,6.29788078E-03,8.58992990E-03,1.12880524E-02,1.44614186E-02,1.82524119E-02,2.21021641E-02,2.60600634E-02,3.01151499E-02,3.46819721E-02,3.85966860E-02,4.21595648E-02,4.52520326E-02,4.79987748E-02,5.00124060E-02,5.16485944E-02,5.33021949E-02,5.48402071E-02,5.64403720E-02,5.79078533E-02,5.93961701E-02,6.09925464E-02,6.25165626E-02,6.36276081E-02,6.46866262E-02,6.55487031E-02,6.59403503E-02,6.59750924E-02,6.51408136E-02,6.39364719E-02,6.23370372E-02,6.02887720E-02,5.85557632E-02,5.70014827E-02,5.55769652E-02,5.40298857E-02,5.28191701E-02,5.14558665E-02,4.98977862E-02,4.77596782E-02,4.52189147E-02,4.22385037E-02,3.88650931E-02,3.53514068E-02,3.14943455E-02,2.78339405E-02,2.43597142E-02,2.10908093E-02,1.80952698E-02,1.56378876E-02,1.34617640E-02,1.14545291E-02,9.58646461E-03,7.74773443E-03,6.21689344E-03,4.90951911E-03,3.84494825E-03,2.95297871E-03,2.35292804E-03,1.91771076E-03,1.58403080E-03,1.37728313E-03,1.21963967E-03,1.13626663E-03,1.07903325E-03,1.03813875E-03,1.02838571E-03,1.02186203E-03,9.96405492E-04,9.89252236E-04,9.77385091E-04,9.70857218E-04,9.50556947E-04,9.30475246E-04,9.21545434E-04,9.14840086E-04,8.92279553E-04,8.76057835E-04,8.52379075E-04,8.30920588E-04,8.06662021E-04,7.87007913E-04,7.73676438E-04,7.67863763E-04,7.88575213E-04,8.01171002E-04,8.24556802E-04,8.49315024E-04,8.48731084E-04,8.79445055E-04,9.30616923E-04,9.66253807E-04,1.01870997E-03,1.05392258E-03,1.11729919E-03,1.15917856E-03,1.22324808E-03,1.27142132E-03,1.28983334E-03,1.26114197E-03,1.21454359E-03,1.20141171E-03,1.22040755E-03,1.25560153E-03,1.27696141E-03,1.28617347E-03,1.26661651E-03,1.24531402E-03,1.18770578E-03,1.13456685E-03,1.08750304E-03,1.04134763E-03,9.94345639E-04,9.64184001E-04,9.16149642E-04,8.87488713E-04,8.68651667E-04,8.50077544E-04,8.36588326E-04,8.30978272E-04,8.21397465E-04,8.24394519E-04,8.23766168E-04,8.40441964E-04,8.78357969E-04,8.99418315E-04,9.30378679E-04,9.54278803E-04,9.64091567E-04,9.73734015E-04,9.79584758E-04,9.69541259E-04,9.47076827E-04,9.25812405E-04,9.06062720E-04,8.60245258E-04,8.35133949E-04,8.03266652E-04,7.70058192E-04,7.26341968E-04,6.83865102E-04,6.54003758E-04,6.08996721E-04,5.62030822E-04,5.17093809E-04,4.75849054E-04,4.39663389E-04,3.96643532E-04,3.58764635E-04,3.31041228E-04,3.00733693E-04,2.76095088E-04,2.57995300E-04,2.37454893E-04,2.26209289E-04,2.06838740E-04,2.01729170E-04,1.89152561E-04,1.75918933E-04,1.72332511E-04,1.62190088E-04,1.54465815E-04,1.52050154E-04,1.46497347E-04,1.39212774E-04,1.34807880E-04,1.31617999E-04,1.31676992E-04,1.30559405E-04,1.25034232E-04,1.22663405E-04,1.18144795E-04,1.15996285E-04,1.20418525E-04,1.17525597E-04,1.09231405E-04,1.11457062E-04,1.09486544E-04,1.09242901E-04,1.19440643E-04,1.10935325E-04,1.10855930E-04,1.07229782E-04,1.09997178E-04,1.09691202E-04,1.08773929E-04,1.10758068E-04,1.08313245E-04,1.09127672E-04,1.04791463E-04,1.09738939E-04,1.04545761E-04,1.10769906E-04,1.05660751E-04,1.07146414E-04,1.10812238E-04,1.07462685E-04,1.03294376E-04,1.12990929E-04,1.12954534E-04,1.09774213E-04,1.11793663E-04,1.16038573E-04,1.10052330E-04,1.15263210E-04,1.16868730E-04,1.14841037E-04,1.16461772E-04,1.11607376E-04,1.15990537E-04,1.22406593E-04,1.17455151E-04,1.26531624E-04,1.22939964E-04,1.25318184E-04,1.21063633E-04,1.20924895E-04,1.16310192E-04,1.10259323E-04,1.00258934E-04,8.78142382E-05,8.10681522E-05,6.70700829E-05,5.29901226E-05,4.93787047E-05,3.81621976E-05,3.30961630E-05,3.32611125E-05,2.56721069E-05,1.79349663E-05,1.09990269E-05,2.23314892E-05,1.15738476E-05,1.01987262E-05,1.56857732E-05,1.27035837E-05,7.62428863E-06,1.34700331E-05,1.04250994E-05,1.61432272E-05,3.63875688E-06,9.58921373E-06,6.65726475E-06,1.01845180E-05,7.74039745E-06,1.17809777E-05,1.07275473E-05,4.06650770E-06,5.03478714E-06,2.12373902E-06,9.05289835E-06,5.35241406E-06,7.02420721E-06,-2.34E-06,7.32093122E-06,6.63974106E-06,9.86343184E-06,3.33895082E-06,3.03660954E-06,8.13808219E-06,1.59781375E-05,2.37070799E-06,1.70588628E-05,9.50607046E-06,1.04158544E-05,1.56063106E-05,1.61786575E-05,1.48301469E-05,1.57190243E-05,7.71061968E-06,2.15687778E-05,1.46835910E-05,1.74316356E-05,2.02955453E-05,4.72263673E-06,1.17871359E-05,1.28076508E-05,9.27327710E-06,1.15260981E-07,1.27778594E-05,1.33922167E-05,2.99473068E-05,3.96781616E-05,3.18153252E-05,2.44922740E-05,3.40077931E-05,3.32082018E-05,2.37746408E-05,1.85798071E-05,4.27225350E-05,4.18523014E-05,2.40293884E-05,2.08050697E-05,2.44944586E-05,1.71672564E-05,7.89050046E-06,1.11949403E-05,2.28758199E-05,4.23921074E-06,8.91806758E-06,2.96960407E-05,3.52915449E-05,2.70317032E-05,2.33935334E-05,2.13450239E-05,2.97789156E-05,9.99336226E-06,-8.54E-06,1.11958952E-05,9.58514920E-06,-4.49E-06,4.02611840E-06,-6.11E-07,6.43087560E-06,1.73048375E-05,7.10454515E-06,-8.17E-06,2.32896673E-05,8.47641786E-06,-8.46E-06,7.86837427E-06,-1.29E-06,1.55960843E-05,5.87346494E-06,-7.98E-07,-4.88E-06,6.39260179E-06,4.56670241E-05,2.85467777E-05,1.94554796E-05,4.31376793E-06,2.11487186E-05,4.06242616E-05,-4.74E-06,INT SYNC:059.94[Hz],DOUBLE FRAME,NORMAL,STANDARD DARK,ONE,CIE1931 (2°),1°,100,0.33333333,0.33333333,NONE,1,33367,765443,OFF,TRUE,2024/03/25,16:54:55,OK00,----,----,----,CS-3000HDR,3001075,1.00.0008
144,2.77156566E+02,2.34141407E+02,1.68793027E+03,2.34141407E+02,0.12602447,0.10646526,0.12522509,0.23802738,----,----,475.144204,92.4561849,138.034285,38.3953292,-247.460027,2.31937023E+00,473,-1.33E-05,2.90569375E-07,1.74666195E-06,2.59743319E-05,4.28715020E-06,1.35061191E-05,1.13240121E-05,-1.96E-05,1.90693368E-06,1.41321448E-06,7.65270033E-06,2.13011044E-05,3.19120545E-06,1.30127569E-06,1.59386436E-05,-4.96E-06,5.51254016E-06,1.93431674E-06,-2.55E-06,1.51372649E-06,-1.09E-07,6.99293287E-06,-9.14E-06,-1.97E-07,5.28686201E-07,5.10209793E-06,-6.22E-06,2.26725660E-06,5.02784542E-06,-3.75E-06,1.02475369E-05,-1.03E-05,-1.15E-05,4.93189964E-06,-1.04E-05,-1.07E-05,-8.42E-06,-5.98E-06,-2.10E-06,-1.63E-05,-2.53E-05,-1.79E-05,-1.57E-05,-1.19E-05,-2.39E-05,-1.85E-05,-1.87E-05,-2.08E-05,-2.76E-05,-1.85E-05,-2.01E-05,-2.67E-05,-3.92E-05,-3.44E-05,-2.66E-05,-3.58E-05,-4.44E-05,-4.17E-05,-3.34E-05,2.10903113E-06,4.56234993E-05,1.47079030E-04,3.43964435E-04,6.32978510E-04,1.15170819E-03,1.84672617E-03,2.88311066E-03,4.23167599E-03,6.27182005E-03,8.43208283E-03,1.11754984E-02,1.43470559E-02,1.80469658E-02,2.18553357E-02,2.58763935E-02,2.99752094E-02,3.44808362E-02,3.84281054E-02,4.19929810E-02,4.51073088E-02,4.78536636E-02,4.98091243E-02,5.16046658E-02,5.32031879E-02,5.47521636E-02,5.63428886E-02,5.77628948E-02,5.94489574E-02,6.10305630E-02,6.23508841E-02,6.36832193E-02,6.47481307E-02,6.55480251E-02,6.59808889E-02,6.58743605E-02,6.50958046E-02,6.37879223E-02,6.22480996E-02,6.03105836E-02,5.85718378E-02,5.69198839E-02,5.55090681E-02,5.41300848E-02,5.28252162E-02,5.14498241E-02,4.98342663E-02,4.77934740E-02,4.52891998E-02,4.22859937E-02,3.89120840E-02,3.54166105E-02,3.14825736E-02,2.79157013E-02,2.43557803E-02,2.11310871E-02,1.81038268E-02,1.56272408E-02,1.35140102E-02,1.14980880E-02,9.60386824E-03,7.77426548E-03,6.24287035E-03,4.91476338E-03,3.85990180E-03,2.97741638E-03,2.36550788E-03,1.93648739E-03,1.61456072E-03,1.39656872E-03,1.25056866E-03,1.14268891E-03,1.11184455E-03,1.06248423E-03,1.04742835E-03,1.03374629E-03,1.03391032E-03,1.02492329E-03,1.00166420E-03,9.94204776E-04,9.88920685E-04,9.70315596E-04,9.50955204E-04,9.41392791E-04,9.18498030E-04,9.01447784E-04,8.85418092E-04,8.59139138E-04,8.39440734E-04,8.14154744E-04,8.13882914E-04,8.09749356E-04,8.08446552E-04,8.27376323E-04,8.54954123E-04,8.80299194E-04,8.96131329E-04,9.37780191E-04,9.64694773E-04,1.01389934E-03,1.06531254E-03,1.10460864E-03,1.17639860E-03,1.21267594E-03,1.28331152E-03,1.33569608E-03,1.35963736E-03,1.32241880E-03,1.27402693E-03,1.25097076E-03,1.27420470E-03,1.31438323E-03,1.33512309E-03,1.34515855E-03,1.31841318E-03,1.30448199E-03,1.24316057E-03,1.20016583E-03,1.14033581E-03,1.09825819E-03,1.05148798E-03,9.99387819E-04,9.62191843E-04,9.43646708E-04,9.06013593E-04,8.83528439E-04,8.78006220E-04,8.72718811E-04,8.70012038E-04,8.70022166E-04,8.76257662E-04,8.90122843E-04,9.16750752E-04,9.34008218E-04,9.70499997E-04,9.95393610E-04,1.01072283E-03,1.01496081E-03,1.00543222E-03,9.86653962E-04,9.53272043E-04,9.26240406E-04,8.95095989E-04,8.45104747E-04,7.94602849E-04,7.53052125E-04,7.04046921E-04,6.39629434E-04,5.94076235E-04,5.21819922E-04,4.58310067E-04,3.94667673E-04,3.51421360E-04,2.96751590E-04,2.40809240E-04,1.92013249E-04,1.59434436E-04,1.33277877E-04,1.06851687E-04,8.82308450E-05,6.56948687E-05,5.72936697E-05,5.30886646E-05,4.74647568E-05,4.19499665E-05,3.81361933E-05,3.79519479E-05,3.83588813E-05,3.27725211E-05,3.14477220E-05,3.13697637E-05,3.72903087E-05,2.89823183E-05,2.77370254E-05,2.99455805E-05,2.99580242E-05,3.35633958E-05,3.60388367E-05,3.49151524E-05,3.29080103E-05,2.68747135E-05,3.26474219E-05,2.78186799E-05,3.05256435E-05,2.94236652E-05,2.97983224E-05,2.49019613E-05,2.63936981E-05,3.11315707E-05,2.83828685E-05,2.65482522E-05,2.56924541E-05,2.50342346E-05,2.54430870E-05,2.24167161E-05,2.53414764E-05,1.98689650E-05,2.27527435E-05,1.88195336E-05,1.97313911E-05,2.02561314E-05,2.66395582E-05,2.09236823E-05,1.99356491E-05,2.33557621E-05,1.71955926E-05,2.54763982E-05,2.13969215E-05,2.66965435E-05,2.58874461E-05,2.03016989E-05,2.28149165E-05,2.34245235E-05,2.24732721E-05,2.38249995E-05,2.20410911E-05,2.63866932E-05,2.33917835E-05,3.42342319E-05,2.03678264E-05,2.98743471E-05,3.23417007E-05,2.31390932E-05,2.92225868E-05,3.39920298E-05,2.59115131E-05,2.91688393E-05,3.01076143E-05,2.13622552E-05,2.58712771E-05,2.45815936E-05,1.69610666E-05,1.08341346E-05,1.73183980E-05,1.42974195E-05,1.06638981E-05,1.40705906E-05,1.34791180E-05,1.33045814E-05,6.97521045E-06,9.76253978E-06,9.56841632E-06,6.07804350E-06,1.28440952E-05,5.32820286E-06,2.14411648E-06,1.01729283E-05,9.48096931E-06,1.96313135E-06,1.98105818E-06,9.32676903E-06,9.23066000E-06,2.48832725E-06,1.17235613E-05,8.69084124E-06,1.43138914E-05,3.62433252E-06,7.83511859E-06,6.48967307E-06,1.26076820E-05,1.18972594E-05,5.65815981E-06,1.61260832E-05,6.18123659E-06,1.21801359E-05,8.74189118E-06,3.91026606E-06,1.43510961E-05,8.60468845E-06,5.13377518E-06,7.20777416E-06,1.04982855E-05,-3.14E-06,1.17528853E-05,2.00498926E-05,1.10550254E-05,6.44419242E-06,6.81546544E-06,1.79290910E-05,1.56406295E-05,1.93338747E-05,6.08927940E-06,1.38927899E-05,1.79778981E-05,3.11318618E-05,2.34892195E-05,1.05789622E-05,-2.77E-06,1.31182169E-05,2.55150153E-05,1.21261091E-05,2.41611488E-05,3.91614085E-05,4.73709733E-05,2.85241094E-05,3.82849285E-05,3.66427266E-05,2.84690359E-05,2.58709715E-05,2.09899572E-05,1.64403809E-05,1.97046811E-05,2.34578984E-05,2.16244025E-05,1.66459395E-05,2.66298521E-05,2.23056759E-05,1.60778673E-05,1.80413572E-05,2.92787281E-05,8.47720639E-06,9.47489025E-06,1.41978853E-05,6.59647094E-06,1.11217123E-05,7.07164736E-06,2.70696746E-05,1.08651484E-05,2.32732109E-05,4.70838177E-06,-1.84E-06,-4.66E-06,8.88824090E-08,-2.14E-06,-5.05E-06,7.38315430E-06,1.86372768E-06,3.21925181E-05,1.24399003E-05,-3.85E-05,2.29163179E-05,6.27649615E-06,6.19351340E-06,-1.30E-05,3.78001350E-05,2.76595456E-05,3.32587842E-05,1.68249892E-06,-3.46E-05,1.40574650E-06,2.76194969E-05,2.29367342E-05,INT SYNC:059.94[Hz],DOUBLE FRAME,NORMAL,STANDARD DARK,ONE,CIE1931 (2°),1°,100,0.33333333,0.33333333,NONE,1,33367,764527,OFF,TRUE,2024/03/25,16:54:58,OK00,----,----,----,CS-3000HDR,3001075,1.00.0008
145,2.76974436E+02,2.30445347E+02,1.68446983E+03,2.30445347E+02,0.12636331,0.10513547,0.12608281,0.2360297,----,----,474.98109,92.5297719,137.219475,41.7535634,-248.514038,2.31330578E+00,473,5.28427017E-06,3.82996914E-05,1.74004817E-05,-7.12E-06,2.48732158E-05,-1.22E-05,-3.34E-07,-7.68E-07,-1.20E-05,-2.06E-06,1.41410828E-05,-1.95E-06,-6.44E-06,5.32874537E-06,1.46957382E-05,-7.50E-06,-1.72E-05,1.24443241E-05,7.63599746E-06,4.90613365E-06,4.13267981E-06,7.76769957E-06,-4.75E-06,1.29281289E-05,-3.83E-06,-1.25E-05,2.60000138E-06,-2.86E-06,5.00443457E-06,-5.12E-06,2.54450470E-06,-2.78E-06,-1.04E-05,-1.33E-05,-6.08E-06,-8.45E-06,-1.95E-05,-1.95E-05,-6.67E-06,-1.43E-05,-8.29E-06,-6.83E-06,-1.79E-05,-2.33E-05,-9.80E-06,-2.09E-05,-1.20E-05,-2.19E-05,-2.71E-05,-2.42E-05,-1.88E-05,-3.13E-05,-2.20E-05,-3.13E-05,-4.03E-05,-3.07E-05,-3.96E-05,-4.98E-05,-2.95E-05,-1.06E-05,4.20305041E-05,1.52150606E-04,3.36619531E-04,6.27985573E-04,1.12285209E-03,1.82765815E-03,2.82012066E-03,4.21624538E-03,6.17493596E-03,8.36757850E-03,1.11072389E-02,1.41354324E-02,1.79720633E-02,2.17977818E-02,2.57496014E-02,2.98344344E-02,3.43247093E-02,3.82665284E-02,4.18109260E-02,4.48977314E-02,4.77672890E-02,4.96887900E-02,5.14806621E-02,5.30577861E-02,5.46519011E-02,5.62079363E-02,5.77207245E-02,5.93199730E-02,6.09161481E-02,6.24006391E-02,6.37304261E-02,6.47184849E-02,6.55476227E-02,6.59120157E-02,6.58634156E-02,6.50767162E-02,6.38111010E-02,6.22371659E-02,6.02404028E-02,5.85453771E-02,5.69698252E-02,5.56040406E-02,5.40955961E-02,5.28207831E-02,5.14717624E-02,4.97994795E-02,4.77509536E-02,4.53594550E-02,4.22764905E-02,3.88969183E-02,3.53499465E-02,3.14714499E-02,2.78553851E-02,2.42917500E-02,2.10826714E-02,1.80186387E-02,1.55794909E-02,1.34313460E-02,1.14037069E-02,9.52506065E-03,7.71296676E-03,6.16501411E-03,4.84581059E-03,3.78666981E-03,2.90602655E-03,2.30812421E-03,1.85940473E-03,1.54092582E-03,1.32195267E-03,1.19974127E-03,1.10099686E-03,1.02920213E-03,1.00475678E-03,9.75901668E-04,9.76564712E-04,9.57842974E-04,9.41363338E-04,9.40272352E-04,9.25517059E-04,9.15574143E-04,8.98179365E-04,8.91519187E-04,8.92619370E-04,8.44685535E-04,8.35671613E-04,8.10150697E-04,7.96874228E-04,7.59413699E-04,7.50588544E-04,7.38134375E-04,7.28107581E-04,7.31516106E-04,7.48685037E-04,7.59656366E-04,7.75777560E-04,7.99983623E-04,8.28034012E-04,8.56702507E-04,9.01742314E-04,9.43103572E-04,9.96678369E-04,1.03012659E-03,1.09191856E-03,1.14476273E-03,1.18279678E-03,1.20615808E-03,1.16261968E-03,1.14028843E-03,1.11674995E-03,1.13046996E-03,1.15749286E-03,1.18312566E-03,1.19223597E-03,1.17078854E-03,1.14755577E-03,1.10122655E-03,1.04703952E-03,1.00524339E-03,9.62329272E-04,9.18832608E-04,8.76812788E-04,8.60187109E-04,8.18419619E-04,8.02199880E-04,7.77901674E-04,7.67144666E-04,7.59717252E-04,7.60031631E-04,7.56707508E-04,7.76200963E-04,7.80074508E-04,8.03722534E-04,8.33701110E-04,8.56176892E-04,8.78951454E-04,8.96172482E-04,9.01943597E-04,8.93813267E-04,8.90268013E-04,8.72402918E-04,8.47671996E-04,8.25834635E-04,7.81189476E-04,7.54063309E-04,7.23537989E-04,6.89582608E-04,6.51742332E-04,5.99788094E-04,5.59841457E-04,5.21874405E-04,4.72742395E-04,4.36114118E-04,3.91595677E-04,3.49231443E-04,3.23676912E-04,2.83897156E-04,2.60733766E-04,2.36304215E-04,2.10544604E-04,1.89164522E-04,1.77764552E-04,1.63762481E-04,1.50370412E-04,1.52594366E-04,1.39593991E-04,1.29722990E-04,1.23330159E-04,1.26101630E-04,1.16124043E-04,1.10923669E-04,1.06667940E-04,1.04249535E-04,1.01775477E-04,9.49733512E-05,9.66659645E-05,9.06580899E-05,8.63376699E-05,8.48399941E-05,8.64075555E-05,8.27037220E-05,8.26381802E-05,7.99638219E-05,8.31541838E-05,8.01231072E-05,7.92686915E-05,7.60252879E-05,7.40845571E-05,7.39155221E-05,7.28429950E-05,7.80325936E-05,7.40210526E-05,7.02570323E-05,7.75402150E-05,7.60432449E-05,7.96204549E-05,7.92450010E-05,7.70625848E-05,7.54658977E-05,7.40422693E-05,7.37592345E-05,7.67303354E-05,7.88721445E-05,7.27295919E-05,7.73911597E-05,7.04221529E-05,7.89295227E-05,7.46730439E-05,7.29274980E-05,8.05940799E-05,8.53465899E-05,7.89575497E-05,8.40833818E-05,8.03801668E-05,9.00868254E-05,8.77893035E-05,9.09874507E-05,8.44929455E-05,8.97684513E-05,9.07786598E-05,9.02661704E-05,9.86722807E-05,9.48950546E-05,9.28369336E-05,8.66575865E-05,8.81336964E-05,7.76726374E-05,7.19418167E-05,6.96587376E-05,6.27835325E-05,5.25366959E-05,3.93322662E-05,3.91901413E-05,3.38132595E-05,2.26753637E-05,2.26127486E-05,2.50193370E-05,1.70399635E-05,4.45239812E-06,2.22539402E-05,1.23626332E-05,9.54257030E-06,1.09895500E-05,1.10162218E-05,9.50565754E-06,1.68463100E-06,1.68105253E-05,1.65601523E-05,5.93000550E-06,3.04493255E-06,1.06260168E-05,8.60602631E-06,-2.56E-06,1.11370673E-05,8.48775289E-06,7.86605142E-06,6.56579368E-06,1.32777150E-05,1.07939950E-05,5.99879786E-06,1.01524583E-05,5.94505673E-06,1.04115707E-05,1.94517870E-05,2.15780692E-05,9.70567635E-06,3.98756038E-06,1.06702928E-05,1.64169505E-05,1.91458657E-05,7.00409373E-06,5.71736473E-06,3.94236679E-07,1.84824075E-05,1.17034951E-05,2.09703430E-05,1.40472803E-05,1.38976156E-05,3.64542211E-05,1.13444894E-05,1.49402313E-05,9.10443941E-06,2.42170390E-05,1.59801712E-05,6.15711087E-06,1.82256372E-05,1.53617748E-05,2.30473961E-05,2.21330010E-05,1.63809309E-05,3.10962896E-05,2.34178860E-05,2.89785894E-05,2.43327813E-05,2.62606591E-05,3.68070505E-05,1.61860280E-05,4.35933071E-05,2.70802466E-05,2.84603193E-05,1.05105000E-05,2.49682071E-05,3.79584235E-05,1.36565741E-05,2.62171561E-05,1.80248353E-05,-2.73E-06,9.47904573E-06,1.16500032E-05,5.45998091E-06,1.66768768E-05,1.16105184E-05,-9.91E-06,6.79498498E-06,-2.30E-06,2.22485824E-06,-1.72E-06,-1.90E-06,2.37753793E-05,1.24774187E-05,5.45465628E-06,1.37946654E-06,-8.70E-07,-1.93E-06,1.20090017E-05,-5.80E-07,2.48127926E-05,-1.32E-06,-1.21E-05,2.26036300E-05,1.83045613E-05,1.67375256E-05,1.79892741E-05,-9.24E-06,-1.42E-06,6.62030834E-06,1.44018395E-05,-9.97E-07,2.24777632E-05,2.24328978E-05,1.11267946E-05,3.11364374E-07,INT SYNC:059.94[Hz],DOUBLE FRAME,NORMAL,STANDARD DARK,ONE,CIE1931 (2°),1°,100,0.33333333,0.33333333,NONE,1,33367,762520,OFF,TRUE,2024/03/25,16:55:01,OK00,----,----,----,CS-3000HDR,3001075,1.00.0008
146,2.74626912E+02,2.30477434E+02,1.68615023E+03,2.30477434E+02,0.12532862,0.10518058,0.12496903,0.2359773,----,----,475.094676,92.835405,137.226586,39.7334757,-248.672203,2.31302975E+00,474,5.32210606E-06,1.40557404E-05,1.05692152E-05,1.80711424E-06,-1.80E-06,8.56723318E-07,4.99945963E-06,1.20586774E-05,-4.48E-07,1.11815120E-06,7.74290947E-06,8.30015779E-06,1.04124911E-06,1.34895372E-05,2.95759173E-06,2.02105584E-05,9.66603511E-06,4.18008722E-06,-2.08E-06,-1.82E-05,6.42758550E-06,4.28953263E-06,8.38272899E-06,9.17299894E-06,2.78345425E-07,-1.35E-06,-1.41E-06,5.56515488E-06,3.59281967E-06,-1.27E-05,-5.22E-06,-2.43E-06,1.78581615E-06,-1.22E-05,1.54000509E-06,-1.33E-05,-5.67E-06,-7.19E-07,-1.27E-05,-1.71E-05,-1.17E-05,-1.98E-05,-1.13E-05,-1.06E-05,-1.44E-05,-3.04E-05,-1.01E-05,-1.37E-05,-2.38E-05,-2.73E-05,-2.64E-05,-1.80E-05,-2.69E-05,-3.61E-05,-4.33E-05,-3.04E-05,-3.62E-05,-4.29E-05,-2.75E-05,-1.69E-05,3.92562943E-05,1.41186989E-04,3.35637073E-04,6.34315948E-04,1.14098820E-03,1.81195477E-03,2.78651784E-03,4.15528193E-03,6.09056931E-03,8.29312205E-03,1.09852226E-02,1.41030485E-02,1.78960394E-02,2.16803104E-02,2.56599560E-02,2.96513401E-02,3.42379361E-02,3.81389558E-02,4.17317338E-02,4.49268632E-02,4.77638431E-02,4.97252569E-02,5.14318496E-02,5.30998372E-02,5.46818152E-02,5.63219190E-02,5.78863509E-02,5.94728552E-02,6.11329116E-02,6.25516325E-02,6.37606680E-02,6.48483336E-02,6.57010153E-02,6.60353079E-02,6.60430342E-02,6.53951541E-02,6.40943870E-02,6.24233149E-02,6.05303571E-02,5.87508753E-02,5.71999028E-02,5.57341687E-02,5.42435199E-02,5.30484430E-02,5.16061150E-02,4.98912148E-02,4.78976034E-02,4.54357825E-02,4.24306355E-02,3.89792509E-02,3.54332067E-02,3.15510482E-02,2.79337000E-02,2.43817065E-02,2.11485270E-02,1.80609021E-02,1.56662539E-02,1.34362131E-02,1.14793880E-02,9.51618794E-03,7.72166019E-03,6.19174913E-03,4.89398045E-03,3.79552785E-03,2.92662368E-03,2.31202669E-03,1.86939619E-03,1.55453675E-03,1.34373340E-03,1.21419085E-03,1.11958757E-03,1.05081243E-03,1.03070447E-03,1.00962259E-03,9.91533743E-04,9.85185616E-04,9.82739381E-04,9.71011235E-04,9.60309117E-04,9.36469296E-04,9.15859360E-04,9.19100479E-04,9.08752379E-04,8.62431072E-04,8.42238311E-04,8.29772966E-04,8.13593448E-04,7.81476090E-04,7.67057645E-04,7.59248098E-04,7.55249057E-04,7.57665839E-04,7.81229581E-04,7.82322953E-04,8.13246297E-04,8.28806078E-04,8.63324734E-04,8.83325236E-04,9.29726579E-04,9.79087199E-04,1.01930066E-03,1.06252206E-03,1.11897546E-03,1.18381332E-03,1.22036471E-03,1.24454894E-03,1.21125835E-03,1.17051473E-03,1.15284731E-03,1.16961496E-03,1.19519641E-03,1.23462465E-03,1.23917696E-03,1.21373788E-03,1.18561764E-03,1.14742527E-03,1.08930946E-03,1.02924742E-03,1.00021553E-03,9.58385994E-04,9.25617525E-04,8.86332826E-04,8.52854806E-04,8.35803454E-04,8.15147301E-04,7.99225119E-04,7.82368763E-04,7.88187783E-04,7.89027603E-04,7.95876957E-04,8.09859484E-04,8.29283439E-04,8.65064620E-04,8.94169847E-04,9.14297940E-04,9.21082450E-04,9.21233150E-04,9.30846785E-04,9.11038194E-04,8.81280925E-04,8.47250689E-04,8.13000544E-04,7.74562999E-04,7.31429143E-04,6.89773937E-04,6.40797545E-04,5.93503064E-04,5.38343273E-04,4.80193354E-04,4.21963981E-04,3.73768824E-04,3.15561047E-04,2.69964075E-04,2.25031879E-04,1.91396350E-04,1.54097259E-04,1.25453691E-04,1.00233468E-04,7.79991678E-05,6.99649827E-05,5.93282748E-05,4.51752785E-05,3.88448316E-05,4.48212850E-05,3.45755398E-05,3.20589206E-05,3.14777790E-05,3.25310211E-05,3.11062431E-05,2.92245895E-05,2.78593252E-05,3.44393229E-05,2.80446056E-05,3.19992214E-05,3.04962959E-05,3.31725423E-05,3.26013251E-05,3.71195747E-05,3.19522696E-05,3.14321223E-05,2.89385916E-05,2.82855417E-05,2.94278088E-05,3.04820423E-05,2.95546415E-05,2.57629363E-05,2.81777648E-05,2.34167692E-05,2.38238317E-05,2.11949227E-05,2.68320073E-05,2.18931782E-05,2.04762637E-05,2.14029351E-05,1.76542653E-05,2.36822871E-05,2.31899539E-05,2.49348286E-05,2.34055115E-05,1.85750087E-05,1.74278684E-05,1.97286681E-05,1.96760957E-05,1.93951673E-05,1.69787399E-05,2.09679110E-05,2.25764470E-05,2.26722623E-05,2.26452212E-05,2.45543124E-05,1.87058304E-05,1.60857453E-05,2.07630583E-05,2.64652044E-05,2.48262586E-05,1.83660231E-05,1.91080999E-05,2.84516755E-05,3.31092888E-05,2.66087118E-05,2.75081402E-05,3.23705644E-05,3.34509459E-05,3.12737684E-05,3.38864302E-05,2.03345844E-05,2.29242760E-05,2.24509004E-05,1.97354384E-05,1.72076179E-05,1.67763974E-05,2.23138286E-05,1.83556585E-05,1.45682025E-05,1.37429151E-05,8.04970205E-06,5.27828070E-06,1.09990515E-05,4.83762096E-06,1.90077644E-05,9.90042463E-06,8.96055008E-06,2.45805859E-06,1.01546430E-05,1.33085014E-05,8.53813799E-06,1.22101410E-05,1.39375461E-05,1.07389087E-05,5.75325203E-06,7.70969200E-06,1.34176807E-05,8.27799613E-06,1.11649460E-05,8.58498152E-06,8.18471290E-06,6.22760808E-06,5.88739613E-06,4.64964523E-06,8.96765778E-06,1.39588174E-05,1.04837236E-05,1.53259462E-05,7.73613192E-06,1.74439156E-05,1.38342402E-05,1.84911587E-05,6.33520722E-06,4.91169340E-06,7.03685055E-06,7.88318266E-06,8.50169999E-06,1.14160848E-05,1.51491513E-05,7.81731069E-06,7.04737158E-06,3.70449993E-06,1.01651121E-05,3.16927435E-06,2.32584698E-05,2.77578420E-06,1.08054310E-05,1.59051633E-05,1.88152953E-05,1.59896445E-05,5.08962148E-06,9.03816726E-06,2.75043767E-05,1.35456148E-05,2.71577464E-05,2.92992790E-05,2.25730328E-05,2.94028468E-05,2.92463519E-05,1.26658106E-05,1.91377021E-05,2.69458014E-05,1.71519005E-05,3.67319008E-05,1.05497793E-05,2.94192778E-05,3.05444373E-05,1.66690716E-05,1.40112152E-05,1.26798341E-05,7.92259107E-06,2.14430675E-05,1.80275765E-05,2.05223132E-05,7.59303157E-06,1.65987185E-05,4.83092117E-06,1.27194780E-05,1.08582080E-05,-4.77E-06,4.83080885E-06,2.13148978E-05,4.85837518E-06,-1.01E-05,-8.30E-06,1.79922208E-05,1.13676897E-05,-7.67E-06,3.15610396E-06,-2.32E-06,8.70359236E-06,1.18206326E-05,-1.21E-05,1.28422225E-05,-6.86E-07,6.61150216E-06,7.85158500E-06,-9.86E-06,1.29012387E-05,2.15623495E-05,2.82014444E-05,-8.12E-06,1.45699578E-05,2.52449790E-05,3.57755162E-05,1.98342677E-05,INT SYNC:059.94[Hz],DOUBLE FRAME,NORMAL,STANDARD DARK,ONE,CIE1931 (2°),1°,100,0.33333333,0.33333333,NONE,1,33367,760393,OFF,TRUE,2024/03/25,16:55:04,OK00,----,----,----,CS-3000HDR,3001075,1.00.0008
147,2.72957929E+02,2.26402127E+02,1.67688407E+03,2.26402127E+02,0.12542615,0.10403342,0.12550306,0.23421873,----,----,474.973952,92.9581034,136.318092,42.2280962,-249.297388,2.29817884E+00,473,-3.18E-06,1.29914379E-05,1.95966259E-05,-1.96E-05,-7.49E-06,-2.67E-06,-1.83E-06,5.39565235E-06,-7.34E-07,-1.82E-05,-3.88E-06,1.09458006E-05,8.71609791E-06,5.23950121E-07,1.97191275E-05,-1.31E-06,5.96245172E-07,1.19616852E-05,1.77055445E-05,8.13696352E-06,-9.32E-06,1.13503711E-05,1.36560072E-06,-1.22E-05,4.09410802E-07,-2.17E-06,-5.01E-06,-1.11E-05,-1.51E-05,-3.64E-07,2.97810243E-06,-1.41E-05,-1.90E-06,-1.28E-05,9.77593118E-06,-6.13E-06,-7.96E-06,-1.53E-05,-1.69E-05,-1.23E-06,-7.23E-06,-1.95E-05,-1.20E-05,-4.31E-06,-6.76E-06,-2.50E-05,-1.37E-05,-2.15E-05,-1.51E-05,-2.24E-05,-2.75E-05,-2.97E-05,-3.44E-05,-3.13E-05,-4.19E-05,-3.75E-05,-4.80E-05,-4.45E-05,-2.25E-05,-1.70E-05,4.54373985E-05,1.35648341E-04,3.21428059E-04,5.93582576E-04,1.09534757E-03,1.78470602E-03,2.76705250E-03,4.08918923E-03,6.05231524E-03,8.21499806E-03,1.09083029E-02,1.39493998E-02,1.77600719E-02,2.14545019E-02,2.53216363E-02,2.94735283E-02,3.39308381E-02,3.79166380E-02,4.14892845E-02,4.46668267E-02,4.75122966E-02,4.95457426E-02,5.12210503E-02,5.27816415E-02,5.44304028E-02,5.61318323E-02,5.75828664E-02,5.91657273E-02,6.07674383E-02,6.21668957E-02,6.35601282E-02,6.45328239E-02,6.53969944E-02,6.58189282E-02,6.57085925E-02,6.50854483E-02,6.37726262E-02,6.20608740E-02,6.01392947E-02,5.85439652E-02,5.69421612E-02,5.55968620E-02,5.40310293E-02,5.27329147E-02,5.14359958E-02,4.98075746E-02,4.77326214E-02,4.52663116E-02,4.22285125E-02,3.88010107E-02,3.53032015E-02,3.13913971E-02,2.77436785E-02,2.42872462E-02,2.10443735E-02,1.80047825E-02,1.55591723E-02,1.33709908E-02,1.13504529E-02,9.48227942E-03,7.66483461E-03,6.09912397E-03,4.80131712E-03,3.74432444E-03,2.86062667E-03,2.28621229E-03,1.81893248E-03,1.49656541E-03,1.29670498E-03,1.14172476E-03,1.05142337E-03,1.00718369E-03,9.56879521E-04,9.51745722E-04,9.41843842E-04,9.23364423E-04,9.13334661E-04,8.93353776E-04,8.99954757E-04,8.79659841E-04,8.57380102E-04,8.53586535E-04,8.36093561E-04,8.16698885E-04,7.91381346E-04,7.75408000E-04,7.42645119E-04,7.43829820E-04,7.05260027E-04,6.93132519E-04,6.91296125E-04,6.92074420E-04,6.98386109E-04,7.18703261E-04,7.28874933E-04,7.58368347E-04,7.69915117E-04,8.00401205E-04,8.42024747E-04,8.81208514E-04,9.24525666E-04,9.57078475E-04,1.01149012E-03,1.05370895E-03,1.10116776E-03,1.10995222E-03,1.08528917E-03,1.04404381E-03,1.03623327E-03,1.05276261E-03,1.07234914E-03,1.09546946E-03,1.10405020E-03,1.09090260E-03,1.06086326E-03,1.02844939E-03,9.79947625E-04,9.26958746E-04,8.90130177E-04,8.54403188E-04,8.17911641E-04,7.90197984E-04,7.62989279E-04,7.43510725E-04,7.23982288E-04,7.10151624E-04,7.07853294E-04,7.01853249E-04,6.97736628E-04,7.02394464E-04,7.25187361E-04,7.53107481E-04,7.68092286E-04,7.95794651E-04,8.10506812E-04,8.31466343E-04,8.39041837E-04,8.32399295E-04,8.17316293E-04,7.96466542E-04,7.81792041E-04,7.62572803E-04,7.13682384E-04,6.86045561E-04,6.60370046E-04,6.20436389E-04,5.82473876E-04,5.44144306E-04,5.02154289E-04,4.57233109E-04,4.09226923E-04,3.75000294E-04,3.33891890E-04,2.97003688E-04,2.63108901E-04,2.32762221E-04,2.03458636E-04,1.90048217E-04,1.60444164E-04,1.44476944E-04,1.33242036E-04,1.25971361E-04,1.16602940E-04,1.11693349E-04,1.03731567E-04,1.00530560E-04,9.35760690E-05,9.07614376E-05,8.07507968E-05,8.30998106E-05,7.77693276E-05,7.60903713E-05,6.94680784E-05,7.28909145E-05,7.29040185E-05,7.03107289E-05,6.24097593E-05,6.35548349E-05,6.12467848E-05,5.88147232E-05,5.91832104E-05,5.84104710E-05,5.93708974E-05,5.97036596E-05,5.37246633E-05,4.77742542E-05,5.94020967E-05,5.02175426E-05,5.38501154E-05,5.21573056E-05,5.25031064E-05,4.68442886E-05,5.93840196E-05,5.50654186E-05,5.26008480E-05,5.24624484E-05,4.99794551E-05,5.10961254E-05,5.20080321E-05,5.56743908E-05,5.27728444E-05,5.21956135E-05,6.23078813E-05,6.19709972E-05,5.62343557E-05,5.45258663E-05,5.76959610E-05,5.76856000E-05,5.63077301E-05,6.50756774E-05,6.45627952E-05,6.02152941E-05,6.21849686E-05,6.66181659E-05,6.86278800E-05,6.73712711E-05,7.06733699E-05,7.27047009E-05,7.54334615E-05,7.23886769E-05,7.42011180E-05,7.03889018E-05,7.12498659E-05,7.15815331E-05,6.79562436E-05,6.77502030E-05,5.86355964E-05,4.83938093E-05,4.93718544E-05,4.26342122E-05,2.65655890E-05,3.71509741E-05,2.93194298E-05,2.55997584E-05,1.87469395E-05,2.02873634E-05,1.25039924E-05,6.43877320E-06,1.35826267E-05,9.13375879E-06,1.27104695E-05,1.44108835E-05,9.85335919E-06,9.52962819E-06,6.55065469E-06,3.61101297E-06,9.52293703E-06,5.22963455E-06,1.08713621E-05,1.44378746E-05,9.95316532E-06,6.40546432E-06,2.74927856E-06,1.36548197E-05,1.62871370E-08,1.38633754E-06,1.03421107E-05,1.31184952E-05,5.35973641E-06,7.31461932E-06,6.78638514E-07,7.72267140E-06,8.68742700E-06,1.02492995E-05,8.47939464E-06,1.09832072E-05,9.60573107E-06,8.89005514E-06,1.59993851E-05,1.42670278E-05,7.70536190E-06,1.05700910E-05,7.88959642E-06,1.36057042E-05,2.02175452E-05,2.28178542E-05,1.67153103E-05,3.14527351E-05,1.49170955E-05,8.24979725E-06,1.49114894E-05,6.68843541E-06,4.46800868E-06,5.65594019E-06,2.79771921E-05,1.06132711E-05,-3.84E-06,3.10117866E-05,2.61065506E-05,2.35580774E-05,2.07451340E-05,1.48478857E-05,2.23676780E-05,1.88633257E-05,1.01543546E-05,2.43077666E-05,4.39928626E-05,2.54997321E-05,2.32155635E-05,1.86879861E-05,1.98780745E-05,2.10713606E-05,3.00235297E-05,2.32205930E-05,2.17353791E-05,3.23513850E-05,1.16808133E-05,6.21933805E-06,3.01414684E-06,7.50396657E-06,2.24316991E-05,4.78553511E-06,1.31160959E-05,4.94608503E-06,9.21845913E-06,1.10130804E-05,2.23188927E-05,-2.30E-05,4.78963329E-06,-9.89E-06,-1.08E-05,1.93705673E-05,1.65459351E-05,5.85405587E-06,4.60354329E-07,1.96052479E-05,2.00463346E-05,1.11989748E-05,1.83705979E-05,-3.14E-08,-1.27E-05,-1.15E-06,-2.65E-05,-1.13E-05,2.92520508E-06,-1.99E-06,-2.35E-05,1.17726461E-06,2.53377675E-05,-2.35E-05,8.26675114E-06,INT SYNC:059.94[Hz],DOUBLE FRAME,NORMAL,STANDARD DARK,ONE,CIE1931 (2°),1°,100,0.33333333,0.33333333,NONE,1,33367,759257,OFF,TRUE,2024/03/25,16:55:08,OK00,----,----,----,CS-3000HDR,3001075,1.00.0008
148,2.72995245E+02,2.28995322E+02,1.68104006E+03,2.28995322E+02,0.12505333,0.1048979,0.12478292,0.23550991,----,----,475.096496,92.9557344,136.897433,39.7627785,-248.721086,2.30627224E+00,474,2.05777233E-05,-2.18E-05,-1.64E-06,3.62100263E-06,5.84158988E-06,-1.34E-05,-1.87E-05,1.11088466E-05,6.62970660E-06,2.65135054E-06,-7.64E-06,-8.23E-06,1.81842722E-06,-7.07E-06,5.05669595E-06,6.03039962E-06,8.95735593E-06,4.22754965E-06,7.65742789E-06,9.42102724E-06,-1.32E-06,6.38015990E-06,-3.98E-06,1.57738141E-05,-1.63E-06,9.18862497E-07,-5.46E-06,2.85566011E-06,3.71766509E-06,-5.96E-06,-8.90E-06,-1.19E-05,-1.18E-05,-5.03E-06,-1.74E-06,-8.74E-06,-1.37E-05,-1.61E-05,-1.05E-05,-9.83E-06,-1.07E-05,-8.51E-06,3.37181655E-06,-1.99E-05,-8.25E-06,-2.31E-05,-1.53E-05,-1.33E-05,-2.25E-05,-1.59E-05,-3.68E-05,-2.23E-05,-2.99E-05,-4.39E-05,-3.31E-05,-2.92E-05,-5.31E-05,-5.16E-05,-2.52E-05,7.80315702E-07,4.96156135E-05,1.41490164E-04,3.24259658E-04,6.05914975E-04,1.08414248E-03,1.75248447E-03,2.74490658E-03,4.09220392E-03,6.03595423E-03,8.15910380E-03,1.08133266E-02,1.38621964E-02,1.76854171E-02,2.14378294E-02,2.52976399E-02,2.93630455E-02,3.38406339E-02,3.79166305E-02,4.16019522E-02,4.47375588E-02,4.74860594E-02,4.95359115E-02,5.13527468E-02,5.29356040E-02,5.45873120E-02,5.62258810E-02,5.77889457E-02,5.93388453E-02,6.10429719E-02,6.25057220E-02,6.37134016E-02,6.48377240E-02,6.57080933E-02,6.60352409E-02,6.60427660E-02,6.52607903E-02,6.39479756E-02,6.24644421E-02,6.04756847E-02,5.86869046E-02,5.71717210E-02,5.58152273E-02,5.42167276E-02,5.29744811E-02,5.16103096E-02,5.00537418E-02,4.78342213E-02,4.53487672E-02,4.23959345E-02,3.90158929E-02,3.54879685E-02,3.16043347E-02,2.79550310E-02,2.43979748E-02,2.11814642E-02,1.80759076E-02,1.55924140E-02,1.34647591E-02,1.14454096E-02,9.55411233E-03,7.72711402E-03,6.15734886E-03,4.83793160E-03,3.78466793E-03,2.92973872E-03,2.31321296E-03,1.85379619E-03,1.54619827E-03,1.34670699E-03,1.18115882E-03,1.10126985E-03,1.04754232E-03,1.00947206E-03,9.92252841E-04,9.84167913E-04,9.72282782E-04,9.69404646E-04,9.29291768E-04,9.40222060E-04,9.22157895E-04,9.13456141E-04,8.83701898E-04,8.84336070E-04,8.54899117E-04,8.41222587E-04,8.24219431E-04,7.95641216E-04,7.77230016E-04,7.53863947E-04,7.44726392E-04,7.46065576E-04,7.35706592E-04,7.68246420E-04,7.75921973E-04,7.89296697E-04,8.11514852E-04,8.33886210E-04,8.64991453E-04,9.04216955E-04,9.47458437E-04,9.78349242E-04,1.02317985E-03,1.07867713E-03,1.14414131E-03,1.19212049E-03,1.19878422E-03,1.18125160E-03,1.12836005E-03,1.12495432E-03,1.13958365E-03,1.16404623E-03,1.18178211E-03,1.19063526E-03,1.17669755E-03,1.15321670E-03,1.10637129E-03,1.06217177E-03,1.00906682E-03,9.63398663E-04,9.19293205E-04,8.86038353E-04,8.52598576E-04,8.32841499E-04,8.04736221E-04,7.77811860E-04,7.72735802E-04,7.69518665E-04,7.63705408E-04,7.62612093E-04,7.67746882E-04,7.84430013E-04,8.01587477E-04,8.32854421E-04,8.45785311E-04,8.78621475E-04,8.94057855E-04,8.99543054E-04,8.86980502E-04,8.75507656E-04,8.46155803E-04,8.26021773E-04,7.97501183E-04,7.47248763E-04,7.11237139E-04,6.65557222E-04,6.24104170E-04,5.74551173E-04,5.12455532E-04,4.68339771E-04,4.11551649E-04,3.62640974E-04,3.11654119E-04,2.66161980E-04,2.16410452E-04,1.76501562E-04,1.44139762E-04,1.24007129E-04,9.67842789E-05,7.68835525E-05,6.66573615E-05,5.46049414E-05,4.56104099E-05,3.98090197E-05,4.34674548E-05,3.91370813E-05,3.44619548E-05,3.29694703E-05,3.44050677E-05,2.85672268E-05,3.43420652E-05,3.33455064E-05,3.05388858E-05,3.18941529E-05,3.44899636E-05,3.06203729E-05,3.31895390E-05,2.92847981E-05,3.11170552E-05,3.12777483E-05,2.89313048E-05,3.16286714E-05,3.12189622E-05,3.06451329E-05,2.79292199E-05,2.91177766E-05,2.49058630E-05,2.51701749E-05,2.52701248E-05,2.64873397E-05,2.85613078E-05,2.97116694E-05,2.46180334E-05,2.21489445E-05,2.70497476E-05,2.13833355E-05,2.61723872E-05,2.62002231E-05,2.17837714E-05,2.32084585E-05,2.17720990E-05,1.90238316E-05,1.71697775E-05,2.22503331E-05,1.74677298E-05,1.54829377E-05,2.03620457E-05,1.66083228E-05,1.54148347E-05,2.26852844E-05,2.28486788E-05,2.21032096E-05,1.96233941E-05,1.91918298E-05,2.33722112E-05,2.67698633E-05,2.42478018E-05,2.37157474E-05,2.70450837E-05,3.18016391E-05,2.72844027E-05,2.85015321E-05,2.91945798E-05,3.25480505E-05,2.53482631E-05,2.58896453E-05,2.72730449E-05,2.34993167E-05,2.24613141E-05,2.52449281E-05,2.01237544E-05,1.00239467E-05,2.00193317E-05,1.52418725E-05,9.46810360E-06,1.10516130E-05,1.46792308E-05,8.73064346E-06,1.06730286E-05,9.20565981E-06,1.45874392E-05,5.18038314E-06,5.20515596E-06,1.14516570E-05,1.12001380E-05,1.21879411E-05,1.53590099E-05,9.60254147E-06,8.26813357E-06,9.96723247E-06,4.36268147E-06,1.00006464E-05,9.86772920E-06,7.84149779E-06,8.54143309E-06,1.24458509E-07,6.36726008E-06,8.68461393E-06,8.19522211E-06,2.69672091E-06,2.46168770E-06,7.95890446E-06,7.67835172E-06,6.61192644E-06,1.60721556E-05,1.44397354E-05,3.57451449E-06,1.36936624E-05,1.18140961E-05,5.42058297E-06,1.73290173E-05,6.13838847E-06,7.17496141E-06,1.32090363E-05,5.29483214E-06,1.38206351E-05,2.20900656E-05,9.02781176E-06,1.41091132E-05,1.53405654E-05,1.65401761E-05,6.62555749E-06,1.21345029E-05,1.11341387E-05,1.82967469E-05,2.72775578E-05,1.60433979E-06,-4.51E-06,1.79610124E-05,1.53973469E-05,1.03486536E-05,1.46167695E-05,1.47157816E-05,2.59169447E-05,2.83334721E-05,2.66900133E-05,2.53036960E-05,3.88804729E-05,2.70695400E-05,2.47838780E-05,6.59335274E-06,2.26005395E-05,2.94728798E-05,-7.27E-06,1.60467789E-05,3.32307645E-05,1.81947908E-05,1.66046229E-05,2.98442210E-05,1.88814938E-05,2.02074007E-05,1.69125196E-05,1.73620792E-05,6.76500849E-06,4.26173301E-06,1.92042739E-06,1.85795659E-06,6.09586596E-06,3.09498391E-05,1.28177444E-05,-8.20E-06,8.13017323E-06,1.11228537E-05,-2.51E-06,-5.63E-06,1.72367763E-05,2.48639481E-05,1.50178471E-06,8.56562201E-06,-8.46E-06,6.18255262E-06,3.66843851E-05,-8.65E-08,1.44077740E-05,-4.89E-06,8.42466397E-06,2.68528838E-05,2.15710097E-05,2.65494364E-05,2.11347706E-05,-1.24E-05,-9.21E-06,INT SYNC:059.94[Hz],DOUBLE FRAME,NORMAL,STANDARD DARK,ONE,CIE1931 (2°),1°,100,0.33333333,0.33333333,NONE,1,33367,762407,OFF,TRUE,2024/03/25,16:55:11,OK00,----,----,----,CS-3000HDR,3001075,1.00.0008
149,2.68972338E+02,2.21539250E+02,1.67130175E+03,2.21539250E+02,0.12441978,0.10247844,0.12501668,0.23168267,----,----,474.928034,93.4686209,135.219646,43.5450537,-250.622577,2.28444753E+00,473,1.54457866E-05,3.91373419E-07,1.55240741E-05,8.37484004E-06,2.94304264E-05,1.44547275E-05,4.48328319E-06,-1.92E-05,1.08057566E-05,1.01379883E-05,2.78930156E-06,1.30480175E-05,1.80251925E-06,6.35624883E-06,1.39417853E-06,6.91916875E-06,1.51947997E-05,6.19278353E-06,2.27913642E-05,7.94289735E-06,1.50541864E-05,3.04126047E-07,9.76054343E-06,8.97607379E-07,-2.45E-06,-8.06E-06,-3.95E-07,-4.25E-06,-3.62E-06,-1.07E-05,-4.36E-07,-7.54E-06,-6.49E-06,-1.16E-05,-1.25E-05,-3.76E-07,-5.49E-06,-1.18E-05,-2.17E-05,-1.24E-05,-2.27E-05,-1.75E-05,-9.59E-06,-2.22E-05,-1.28E-05,-2.48E-05,-2.06E-05,-1.09E-05,-2.77E-05,-1.33E-05,-1.43E-05,-2.10E-05,-2.48E-05,-3.55E-05,-3.78E-05,-3.84E-05,-3.79E-05,-4.33E-05,-3.01E-05,-2.55E-06,4.65386838E-05,1.32791465E-04,3.20524123E-04,5.93711389E-04,1.08003570E-03,1.73912896E-03,2.72944523E-03,4.03641723E-03,5.92130749E-03,8.02571420E-03,1.07126450E-02,1.37497550E-02,1.74306557E-02,2.12374926E-02,2.51856018E-02,2.92124357E-02,3.36547047E-02,3.76468003E-02,4.11815941E-02,4.43983003E-02,4.71850261E-02,4.92751598E-02,5.10771684E-02,5.26480153E-02,5.43175004E-02,5.59811927E-02,5.74118905E-02,5.91052622E-02,6.08104393E-02,6.21892326E-02,6.34614229E-02,6.44365251E-02,6.53464794E-02,6.58599734E-02,6.57653362E-02,6.49821460E-02,6.36519790E-02,6.22085705E-02,6.01712838E-02,5.84578551E-02,5.68558164E-02,5.55013381E-02,5.41054383E-02,5.27467765E-02,5.14330715E-02,4.97741513E-02,4.75771874E-02,4.52055819E-02,4.22039703E-02,3.88017297E-02,3.52728516E-02,3.14055383E-02,2.77366675E-02,2.43105665E-02,2.10097563E-02,1.79087222E-02,1.54666519E-02,1.32819153E-02,1.12888077E-02,9.38678812E-03,7.62586715E-03,6.05090521E-03,4.73595085E-03,3.66932573E-03,2.79445550E-03,2.20915256E-03,1.75812107E-03,1.43601641E-03,1.23288436E-03,1.10146613E-03,1.00514304E-03,9.52123024E-04,9.07357084E-04,9.03352920E-04,8.83186120E-04,8.72118340E-04,8.55052203E-04,8.53890670E-04,8.34296749E-04,8.27086798E-04,8.05647753E-04,7.96809909E-04,7.79474271E-04,7.62280077E-04,7.47520884E-04,7.21840246E-04,6.95446448E-04,6.80414669E-04,6.45685534E-04,6.31906616E-04,6.28020964E-04,6.31589559E-04,6.39184960E-04,6.48973742E-04,6.56423974E-04,6.82427897E-04,6.85017905E-04,7.34156754E-04,7.46987527E-04,7.97293847E-04,8.28919001E-04,8.73727549E-04,9.00375191E-04,9.63582715E-04,9.89489723E-04,1.00198353E-03,9.78186261E-04,9.38985730E-04,9.30923445E-04,9.52021102E-04,9.68618435E-04,9.89415916E-04,9.86424624E-04,9.70176945E-04,9.43706604E-04,9.08881368E-04,8.72129749E-04,8.38946085E-04,8.02267692E-04,7.59479881E-04,7.38178263E-04,7.05185928E-04,6.78592245E-04,6.59772952E-04,6.46483037E-04,6.36292738E-04,6.22318126E-04,6.30142575E-04,6.22895546E-04,6.26784458E-04,6.40625309E-04,6.58919860E-04,6.78415177E-04,7.03812926E-04,7.23333389E-04,7.34723115E-04,7.44070625E-04,7.42767530E-04,7.20918528E-04,7.13384245E-04,6.92580768E-04,6.64033403E-04,6.32282346E-04,6.08959584E-04,5.79104235E-04,5.50131954E-04,5.14251355E-04,4.70755593E-04,4.35711991E-04,3.95369454E-04,3.50273011E-04,3.05894966E-04,2.74443039E-04,2.40648151E-04,2.10230501E-04,1.80939984E-04,1.63651857E-04,1.43706784E-04,1.16931762E-04,1.01333586E-04,9.72754497E-05,9.40239697E-05,8.71841694E-05,7.43907949E-05,7.78395697E-05,6.97681680E-05,6.54354444E-05,6.41549486E-05,6.08351802E-05,5.99842169E-05,5.99753475E-05,5.46453630E-05,5.48098578E-05,5.08634366E-05,5.16829095E-05,4.31072767E-05,4.87780671E-05,4.88463520E-05,4.84322481E-05,4.50448060E-05,4.55696209E-05,4.47818711E-05,4.19864555E-05,4.54268084E-05,4.44652796E-05,3.71896567E-05,4.22475932E-05,3.96267897E-05,4.22214835E-05,3.94593262E-05,3.80612437E-05,4.10738176E-05,4.19450698E-05,4.00108693E-05,3.46996931E-05,4.02931582E-05,4.23538841E-05,4.01629077E-05,4.04139428E-05,3.65895139E-05,4.23220481E-05,4.45404621E-05,3.86883730E-05,4.41936172E-05,4.56928683E-05,3.99786259E-05,4.19429925E-05,4.57299539E-05,4.43181780E-05,4.88091391E-05,4.94665655E-05,4.22871635E-05,5.24987117E-05,4.85692617E-05,5.04121272E-05,5.38361455E-05,5.43611641E-05,4.83341173E-05,5.05744065E-05,5.96075515E-05,5.51904195E-05,5.28472156E-05,5.35574254E-05,5.37874075E-05,5.00288370E-05,4.49605323E-05,4.69666957E-05,4.33132518E-05,3.88072003E-05,3.69903137E-05,2.86915692E-05,2.88621341E-05,2.79743235E-05,2.01076891E-05,2.08427373E-05,1.88541671E-05,1.51534086E-05,9.39165329E-06,9.25691529E-06,1.29987047E-05,9.07614594E-06,1.30518520E-05,1.00126408E-05,6.31376452E-06,1.72071941E-05,9.34023319E-06,2.72190664E-06,2.73579371E-06,6.32625597E-06,6.22648940E-06,1.01402056E-05,7.99332065E-06,5.33909315E-06,8.88151044E-06,9.79825018E-06,5.05804746E-06,1.22999954E-05,1.29447935E-05,1.03319480E-05,1.31163260E-05,6.20763467E-06,2.23603183E-05,1.08831164E-05,1.63774075E-05,7.83957148E-06,9.23437437E-06,1.78905921E-05,8.91672789E-06,1.84789478E-05,1.37902962E-05,-2.55E-06,1.00480584E-05,1.51870572E-05,1.51310715E-05,1.51701925E-05,1.54136433E-05,2.03367308E-05,7.69902817E-06,7.59391878E-06,1.99454662E-05,6.28402677E-06,1.63771638E-05,1.92482748E-05,2.07886260E-05,1.46724087E-05,2.15808323E-05,7.50555046E-06,2.28431454E-05,9.68467157E-06,2.10058770E-05,2.35982152E-05,2.03439122E-05,2.38410848E-05,3.09374336E-05,2.30260484E-05,3.09278512E-05,3.94480230E-05,3.27908638E-05,3.57141907E-05,1.72736127E-05,3.14460558E-05,3.31954616E-05,2.16804092E-05,2.20964885E-05,2.33598439E-05,2.20188758E-05,-2.97E-07,1.84460259E-05,1.15415523E-05,1.18234193E-05,1.15230059E-05,1.87810929E-05,2.71141039E-06,-8.82E-06,-5.16E-06,1.25220658E-05,9.13096937E-06,3.13197088E-05,1.33871827E-05,6.25037046E-06,1.35817186E-06,1.10021592E-05,1.15111889E-05,1.80762822E-06,4.25413373E-06,3.85992280E-06,-5.79E-06,7.86806231E-06,3.55557750E-05,1.09220609E-05,-1.23E-05,7.78620063E-07,9.72290491E-06,9.65131403E-06,6.61161130E-06,3.80223742E-06,-7.92E-06,6.68949951E-07,-3.15E-05,-1.10E-05,4.97482176E-07,INT SYNC:059.94[Hz],DOUBLE FRAME,NORMAL,STANDARD DARK,ONE,CIE1931 (2°),1°,100,0.33333333,0.33333333,NONE,1,33367,761296,OFF,TRUE,2024/03/25,16:55:13,OK00,----,----,----,CS-3000HDR,3001075,1.00.0008
150,2.69959629E+02,2.25777925E+02,1.66929336E+03,2.25777925E+02,0.12469089,0.10428393,0.12462779,0.23452009,----,----,475.076102,93.1459914,136.17798,40.2640534,-248.765368,2.28905671E+00,473,-7.87E-07,7.26863254E-06,-1.05E-05,-2.47E-06,-1.21E-06,-5.78E-07,9.57506745E-06,6.19110870E-06,-1.08E-05,9.52112805E-06,1.41061437E-05,3.81945165E-06,1.53975100E-06,-2.57E-06,-2.61E-06,2.05653978E-05,-1.41E-06,1.25082524E-05,4.35919264E-06,-8.54E-06,3.53407586E-06,8.44092483E-06,1.42484023E-05,1.41161490E-06,-3.37E-06,5.24278175E-06,-8.90E-06,1.92450557E-06,4.25462349E-06,-6.92E-06,-1.17E-05,1.28110978E-05,1.27771750E-06,2.02403044E-06,-1.24E-05,-1.00E-05,-1.65E-05,-1.12E-05,-1.31E-05,-6.76E-06,-1.07E-05,-2.50E-05,-7.64E-06,-1.88E-05,-1.54E-05,-3.39E-05,-2.78E-06,-2.08E-05,-2.28E-05,-2.84E-05,-2.90E-05,-1.96E-05,-2.17E-05,-4.22E-05,-3.79E-05,-3.20E-05,-4.98E-05,-4.47E-05,-2.84E-05,-2.01E-06,4.51341184E-05,1.39993848E-04,3.13392287E-04,5.76859980E-04,1.05639070E-03,1.70958566E-03,2.66266172E-03,3.96656850E-03,5.90524869E-03,8.00101180E-03,1.06502604E-02,1.36724208E-02,1.73711833E-02,2.10843999E-02,2.49919537E-02,2.91379448E-02,3.36032324E-02,3.74795608E-02,4.11271527E-02,4.43300866E-02,4.71254364E-02,4.91088666E-02,5.08528017E-02,5.25919534E-02,5.41886240E-02,5.58584817E-02,5.74972853E-02,5.90257458E-02,6.07684217E-02,6.21204302E-02,6.34367317E-02,6.44456223E-02,6.53547347E-02,6.58688769E-02,6.56529963E-02,6.49318397E-02,6.37018979E-02,6.21189550E-02,6.02228232E-02,5.85260577E-02,5.69199771E-02,5.55197261E-02,5.39940558E-02,5.27140833E-02,5.14617115E-02,4.97547016E-02,4.77044024E-02,4.52458560E-02,4.22328450E-02,3.88966464E-02,3.52939852E-02,3.14755775E-02,2.78182533E-02,2.42837444E-02,2.10804101E-02,1.79683249E-02,1.55451028E-02,1.33792209E-02,1.13627147E-02,9.53092426E-03,7.66296312E-03,6.13530679E-03,4.81063640E-03,3.74526344E-03,2.87928828E-03,2.27542710E-03,1.81921234E-03,1.50566280E-03,1.30126358E-03,1.15718739E-03,1.06809312E-03,1.00241497E-03,9.73000017E-04,9.45744105E-04,9.37061035E-04,9.22715757E-04,9.21976171E-04,9.14484262E-04,9.14383971E-04,8.96925107E-04,8.64023459E-04,8.60256143E-04,8.36491527E-04,8.18120490E-04,7.97985820E-04,7.83739262E-04,7.57236732E-04,7.42216071E-04,7.14343740E-04,7.07091705E-04,7.05237500E-04,6.95967057E-04,7.20539014E-04,7.40295625E-04,7.47763726E-04,7.52621214E-04,7.94205000E-04,8.18245928E-04,8.59943102E-04,9.05127439E-04,9.36927041E-04,9.76686482E-04,1.02412701E-03,1.06736342E-03,1.13076379E-03,1.14717742E-03,1.12459809E-03,1.08083291E-03,1.06395886E-03,1.07871706E-03,1.09527004E-03,1.12837495E-03,1.12571917E-03,1.12470821E-03,1.08303316E-03,1.04399293E-03,1.00129296E-03,9.55458614E-04,9.08369373E-04,8.67015042E-04,8.42068519E-04,8.03437957E-04,7.84731179E-04,7.64300057E-04,7.44914636E-04,7.27862353E-04,7.24015466E-04,7.30003987E-04,7.16068374E-04,7.21814984E-04,7.41673866E-04,7.58876326E-04,7.85945333E-04,8.06346943E-04,8.22105445E-04,8.39988119E-04,8.55813792E-04,8.38749809E-04,8.29614990E-04,8.05428950E-04,7.80761649E-04,7.59894785E-04,7.06188439E-04,6.70165988E-04,6.35538949E-04,5.85689966E-04,5.49100514E-04,4.88089456E-04,4.46510880E-04,3.95742099E-04,3.44301807E-04,2.95354723E-04,2.51114019E-04,2.10834638E-04,1.73450986E-04,1.37089315E-04,1.16299234E-04,9.48212255E-05,7.71349805E-05,6.36436453E-05,5.09162492E-05,4.75025845E-05,4.55157933E-05,3.98377124E-05,3.38496829E-05,3.55681805E-05,3.00373140E-05,3.14565550E-05,3.77795332E-05,3.01736836E-05,3.60534905E-05,3.42656895E-05,3.20827094E-05,2.81452776E-05,3.15326542E-05,3.23746535E-05,3.49262009E-05,3.47227724E-05,3.11146723E-05,2.93280918E-05,2.74716440E-05,2.78294410E-05,2.61385230E-05,2.99169988E-05,3.11794356E-05,2.96671769E-05,2.20735292E-05,1.98778725E-05,2.60355246E-05,2.45597694E-05,2.32280945E-05,2.32937164E-05,2.55584710E-05,2.47234948E-05,2.38585762E-05,2.15737127E-05,2.23358074E-05,2.33713563E-05,1.98101716E-05,2.07102203E-05,2.22926938E-05,2.09912359E-05,1.36143362E-05,2.43320828E-05,1.83624215E-05,1.72410346E-05,2.20397724E-05,2.37881068E-05,1.81549149E-05,2.73477490E-05,2.14097636E-05,2.04173848E-05,2.64479968E-05,2.63972543E-05,2.64415557E-05,2.64067694E-05,2.34251220E-05,2.70443397E-05,2.58104592E-05,2.75691036E-05,3.17627491E-05,2.77287672E-05,2.49646419E-05,2.89777981E-05,2.62019948E-05,2.83408117E-05,2.40274658E-05,2.25046806E-05,2.03876098E-05,1.71183492E-05,1.88272370E-05,1.39079057E-05,1.51112372E-05,1.62032520E-05,1.29622786E-05,1.18075222E-05,9.48040361E-06,1.72168839E-05,1.15511666E-05,9.90252647E-06,3.34424590E-06,1.43556990E-05,1.24301696E-05,6.96243342E-06,5.99289888E-06,1.26994082E-05,1.41809896E-05,6.45547061E-06,1.47841592E-05,1.00535126E-05,6.79207096E-06,1.27332223E-05,1.63920740E-05,8.78564242E-06,9.51730181E-06,1.56132755E-05,5.13074019E-06,1.13753940E-05,3.00459965E-06,3.45819944E-06,5.75336662E-06,1.35788277E-05,1.28775619E-05,1.99878086E-05,1.90869287E-05,8.19792058E-06,1.33164813E-05,1.48879008E-05,-5.59E-07,1.75556288E-05,9.19006470E-06,1.78013415E-05,1.21081648E-05,1.34756783E-05,9.90946501E-06,9.80235563E-06,1.65349047E-05,1.15369276E-05,-7.83E-07,1.61140524E-05,1.10500469E-05,8.31043599E-06,1.48479212E-05,1.35370110E-05,1.27828425E-05,1.44533587E-05,6.73844943E-06,1.31569341E-05,4.18999916E-05,2.12054838E-05,1.31138377E-05,2.42979095E-05,3.18209604E-05,4.60332303E-05,2.57634129E-05,2.92802761E-05,3.87878754E-05,2.76556057E-05,4.76179557E-05,2.81926605E-05,2.86500981E-05,1.34009142E-05,2.47054923E-05,1.36899016E-05,1.65464971E-05,-7.98E-08,-1.39E-06,1.28036399E-05,2.90164608E-05,3.24285538E-05,1.44572259E-05,1.44704009E-05,4.00961198E-06,-1.12E-05,3.63156073E-06,4.48428727E-06,1.33863732E-05,1.87060596E-05,5.67820780E-06,7.96005679E-06,1.11464014E-05,5.48489061E-06,3.34779929E-06,-2.79E-06,-2.16E-06,9.80915502E-06,2.93208882E-06,-1.59E-05,2.26199572E-05,1.09323692E-05,-1.17E-05,3.03351408E-05,4.52014956E-06,-8.37E-06,7.64031120E-06,3.54858748E-05,2.33618048E-05,1.15327257E-05,9.93442791E-06,3.22598717E-05,-3.83E-05,INT SYNC:059.94[Hz],DOUBLE FRAME,NORMAL,STANDARD DARK,ONE,CIE1931 (2°),1°,100,0.33333333,0.33333333,NONE,1,33367,764244,OFF,TRUE,2024/03/25,16:55:16,OK00,----,----,----,CS-3000HDR,3001075,1.00.0008
151,2.66221897E+02,2.18364667E+02,1.66862996E+03,2.18364667E+02,0.12363917,0.10141324,0.12458349,0.22992257,----,----,474.907241,93.8454346,134.493859,44.2951502,-251.601304,2.27685980E+00,473,6.45304954E-06,1.63812801E-05,7.85261909E-06,-1.22E-05,1.41563396E-05,6.19348884E-06,4.10144094E-06,-1.34E-05,-1.12E-05,1.61724565E-05,2.05657325E-05,1.28865950E-05,-1.19E-05,-8.14E-07,-2.68E-06,6.27565714E-06,8.24797917E-06,1.33012445E-05,1.35453538E-05,-2.71E-06,-8.78E-07,1.15428065E-05,1.24320889E-06,-6.16E-07,-6.15E-06,5.41392819E-06,-9.23E-06,8.92724347E-06,-1.20E-05,-8.52E-06,-5.98E-08,-4.15E-07,-6.63E-06,-8.99E-06,3.17913305E-06,1.90381627E-06,-1.13E-05,-1.42E-05,4.04663858E-08,-4.96E-06,-1.67E-05,-1.54E-05,-1.80E-06,-8.98E-06,-1.76E-05,-2.12E-05,-1.83E-05,-9.29E-06,-1.90E-05,-2.92E-05,-1.78E-05,-3.01E-05,-2.79E-05,-3.40E-05,-3.36E-05,-4.04E-05,-4.35E-05,-4.50E-05,-2.59E-05,4.51516598E-06,3.57285644E-05,1.25615363E-04,3.15155135E-04,5.88708906E-04,1.03718683E-03,1.69926765E-03,2.66727200E-03,3.94978700E-03,5.84525010E-03,7.93327857E-03,1.05252676E-02,1.36163654E-02,1.72731746E-02,2.09988393E-02,2.49520019E-02,2.89795306E-02,3.34573835E-02,3.74415703E-02,4.10497077E-02,4.42350991E-02,4.71047200E-02,4.92066108E-02,5.09361252E-02,5.26246913E-02,5.42270578E-02,5.59754930E-02,5.75007834E-02,5.91456629E-02,6.08141311E-02,6.22314140E-02,6.34146854E-02,6.44999295E-02,6.54147342E-02,6.57706112E-02,6.57441914E-02,6.50049075E-02,6.38078079E-02,6.22452535E-02,6.00520335E-02,5.85895218E-02,5.69800548E-02,5.56002073E-02,5.40845878E-02,5.27844131E-02,5.14750034E-02,4.98663336E-02,4.77150194E-02,4.52187285E-02,4.23040129E-02,3.88824418E-02,3.53150107E-02,3.14529091E-02,2.77198516E-02,2.42674891E-02,2.09946167E-02,1.79483853E-02,1.54876448E-02,1.32795060E-02,1.12932222E-02,9.41675249E-03,7.54808122E-03,6.02947176E-03,4.71969508E-03,3.63692525E-03,2.77322042E-03,2.17504636E-03,1.72410312E-03,1.39407278E-03,1.21207430E-03,1.05985207E-03,9.67434375E-04,9.02547326E-04,8.77964543E-04,8.69294105E-04,8.58822488E-04,8.35141109E-04,8.27623182E-04,8.10053316E-04,7.97090004E-04,7.87648198E-04,7.85701443E-04,7.64654076E-04,7.51207815E-04,7.23399397E-04,7.02340039E-04,6.78342883E-04,6.67441695E-04,6.44134649E-04,6.21803047E-04,6.01149222E-04,6.00899395E-04,5.94592886E-04,5.98018465E-04,6.03264139E-04,6.08031405E-04,6.15963596E-04,6.31089497E-04,6.63143350E-04,6.93138689E-04,7.26177648E-04,7.63738295E-04,7.92410225E-04,8.33631901E-04,8.83352535E-04,9.10820498E-04,9.30823095E-04,9.07110109E-04,8.71784636E-04,8.53860111E-04,8.73108162E-04,8.92798416E-04,9.11213399E-04,9.10029223E-04,9.01446852E-04,8.67298571E-04,8.39803077E-04,8.03202856E-04,7.55441084E-04,7.27844075E-04,6.99570461E-04,6.77508942E-04,6.45279069E-04,6.23138680E-04,6.04795292E-04,5.92010096E-04,5.76529244E-04,5.76689665E-04,5.66859148E-04,5.67869167E-04,5.70384087E-04,5.84687223E-04,5.96543017E-04,6.19068218E-04,6.37241232E-04,6.56369317E-04,6.68941357E-04,6.70512556E-04,6.67968532E-04,6.63597952E-04,6.50725327E-04,6.33672928E-04,6.10569085E-04,5.85105270E-04,5.51226025E-04,5.21004491E-04,4.87284677E-04,4.47609258E-04,4.14860988E-04,3.81824648E-04,3.44149972E-04,3.00570915E-04,2.69349985E-04,2.32544597E-04,1.90107021E-04,1.70038780E-04,1.45469559E-04,1.24106082E-04,1.06127518E-04,9.07827416E-05,7.86228848E-05,7.21965916E-05,6.02816981E-05,5.67916468E-05,5.93540062E-05,5.34099017E-05,4.72041174E-05,4.82002870E-05,4.79363553E-05,3.91840622E-05,4.49204999E-05,3.97062686E-05,4.33252899E-05,3.64375883E-05,3.77978431E-05,3.83549013E-05,4.01508114E-05,3.88126573E-05,3.58493817E-05,3.43228276E-05,3.22090855E-05,2.93789581E-05,2.97100414E-05,3.44401378E-05,3.03671313E-05,3.18388666E-05,3.21856860E-05,2.86858376E-05,2.87064886E-05,2.58280270E-05,2.70920900E-05,2.97644765E-05,2.44901348E-05,2.41755970E-05,3.08614726E-05,2.46642066E-05,2.74222184E-05,2.49722907E-05,2.60284723E-05,3.03701891E-05,2.37918994E-05,2.97030710E-05,2.67751602E-05,2.72991874E-05,3.05068297E-05,2.51477795E-05,3.44054133E-05,3.46733541E-05,2.59966619E-05,3.15010730E-05,3.34072065E-05,3.13392520E-05,3.50503651E-05,3.58061334E-05,3.28080423E-05,3.41592277E-05,3.74270385E-05,3.77769757E-05,3.71611386E-05,3.51007402E-05,4.35199690E-05,3.94626113E-05,3.53825708E-05,3.99922683E-05,3.65232881E-05,4.01276629E-05,3.38857280E-05,3.44989166E-05,3.90869391E-05,3.45162989E-05,2.49791938E-05,1.91305353E-05,2.48152483E-05,1.95736393E-05,1.79731560E-05,1.77431139E-05,1.60435302E-05,1.20057502E-05,1.49716034E-05,9.44329531E-06,1.53137335E-05,8.35650735E-06,1.06569087E-05,9.15604323E-06,7.05446928E-06,1.02723061E-05,8.81592587E-06,5.35458366E-06,6.25509892E-06,1.61805008E-06,-7.51E-07,1.39148988E-05,1.20279310E-05,7.86191322E-06,1.13854976E-05,5.04886748E-06,1.05640847E-05,7.68598875E-06,7.33324396E-06,6.83357803E-06,1.11799427E-05,-3.95E-06,5.13821624E-06,1.53033416E-05,1.51404647E-05,1.22830807E-05,6.04803745E-06,8.55519556E-06,1.70739204E-05,3.16504179E-06,1.79816525E-05,1.96529145E-05,7.35698541E-06,2.12273317E-05,1.70381009E-05,9.12504674E-06,1.19685446E-05,7.60419243E-06,2.79915730E-05,1.13222623E-05,1.99569258E-05,2.27559376E-05,9.04000535E-06,2.00538234E-05,1.18301732E-05,1.57544855E-05,2.16385397E-05,2.51661440E-05,9.63861930E-06,1.61690787E-05,3.87007021E-05,1.06397210E-05,2.35079242E-05,3.64631233E-05,3.54625299E-05,2.08756464E-05,1.11646784E-06,2.16522385E-05,2.73419973E-05,4.15108625E-05,3.32728378E-05,3.20521285E-05,2.68148415E-05,2.20488346E-05,1.21531175E-05,4.80594008E-06,1.91592026E-05,1.15355433E-05,6.93335278E-06,1.56757487E-05,8.93118158E-06,2.04958305E-05,1.30533290E-05,1.60369200E-05,1.06430552E-05,1.78253714E-07,2.71228892E-05,1.94206914E-05,1.13089545E-05,5.93722734E-06,1.63939803E-05,2.26031862E-05,6.78345623E-06,2.10198068E-05,1.21553176E-05,-4.11E-06,1.50370270E-05,8.62859179E-06,4.36338232E-05,6.31332978E-06,1.68571150E-05,1.79766721E-05,-1.21E-06,-1.88E-05,4.08152800E-06,4.09675386E-06,3.78996447E-05,8.24666404E-06,-3.12E-07,1.58937801E-05,-6.83E-06,1.68445949E-05,INT SYNC:059.94[Hz],DOUBLE FRAME,NORMAL,STANDARD DARK,ONE,CIE1931 (2°),1°,100,0.33333333,0.33333333,NONE,1,33367,763618,OFF,TRUE,2024/03/25,16:55:19,OK00,----,----,----,CS-3000HDR,3001075,1.00.0008
152,2.67759684E+02,2.23119925E+02,1.66351686E+03,2.23119925E+02,0.12428524,0.10356493,0.12446544,0.23335896,----,----,475.050397,93.3631214,135.578443,40.9519461,-249.20878,2.27920450E+00,473,1.58674183E-07,3.15537036E-05,3.37625420E-06,-2.03E-06,-1.43E-05,-2.06E-05,-5.38E-06,-6.35E-06,-3.10E-06,1.63720415E-05,-8.24E-06,-9.34E-07,1.17223917E-05,8.47124102E-06,1.25904462E-05,1.49393536E-05,-8.16E-06,1.26591494E-05,-9.31E-06,-3.36E-06,-1.10E-05,-1.21E-05,8.39103279E-07,9.33142928E-06,-3.91E-06,-2.29E-06,2.23171426E-07,-8.46E-06,-3.65E-06,-4.50E-06,-7.51E-06,-2.22E-06,-1.87E-06,-4.92E-06,1.12237440E-05,-9.67E-06,-1.25E-05,1.89359707E-06,-1.65E-05,-7.40E-06,-1.42E-05,-2.64E-05,-1.61E-05,-1.44E-05,-1.76E-05,-2.45E-05,-1.76E-05,-2.23E-05,-2.00E-05,-2.04E-05,-1.51E-05,-2.97E-05,-3.59E-05,-4.24E-05,-4.18E-05,-2.94E-05,-3.79E-05,-4.25E-05,-3.03E-05,-8.55E-06,4.35306392E-05,1.25789549E-04,2.99726351E-04,5.76729537E-04,1.02627790E-03,1.67154579E-03,2.64389021E-03,3.90549586E-03,5.75222913E-03,7.87761528E-03,1.05266487E-02,1.34932054E-02,1.71689428E-02,2.08520815E-02,2.47434024E-02,2.88476292E-02,3.32904458E-02,3.72539610E-02,4.08998765E-02,4.40316424E-02,4.69541326E-02,4.89749759E-02,5.07392064E-02,5.24236225E-02,5.40698022E-02,5.58685288E-02,5.72772473E-02,5.89701459E-02,6.05428033E-02,6.20173328E-02,6.32395074E-02,6.43677115E-02,6.52281940E-02,6.57831356E-02,6.55218512E-02,6.48860559E-02,6.36528134E-02,6.20829910E-02,6.01031892E-02,5.85247688E-02,5.68793863E-02,5.54226339E-02,5.39840646E-02,5.27322628E-02,5.13838567E-02,4.97905016E-02,4.76642735E-02,4.51800823E-02,4.21532355E-02,3.87303978E-02,3.53247002E-02,3.13867442E-02,2.78150812E-02,2.42613144E-02,2.09655687E-02,1.79590825E-02,1.55112818E-02,1.33677898E-02,1.13300001E-02,9.41889267E-03,7.62576563E-03,6.08948898E-03,4.79175849E-03,3.72064626E-03,2.82857521E-03,2.23180046E-03,1.79354148E-03,1.47352554E-03,1.26928510E-03,1.11863541E-03,1.03223289E-03,9.71342030E-04,9.36895492E-04,9.36073950E-04,9.20748629E-04,9.07075126E-04,8.95719277E-04,8.74540594E-04,8.78207327E-04,8.63870664E-04,8.29779427E-04,8.25725205E-04,8.14988452E-04,7.97881105E-04,7.71944004E-04,7.50987965E-04,7.36312475E-04,7.05702580E-04,6.91513298E-04,6.79744873E-04,6.73511240E-04,6.70517853E-04,6.81876205E-04,6.93766691E-04,7.17638526E-04,7.23509525E-04,7.49659375E-04,7.69415288E-04,8.14262545E-04,8.52725992E-04,8.86285503E-04,9.25332773E-04,9.79673117E-04,1.01181108E-03,1.05646893E-03,1.09013962E-03,1.07489887E-03,1.00806332E-03,9.94992675E-04,1.00674492E-03,1.04067416E-03,1.05213432E-03,1.06546655E-03,1.03533850E-03,1.01767015E-03,9.83967795E-04,9.38668963E-04,8.90881522E-04,8.53710924E-04,8.17760592E-04,7.91249622E-04,7.54265056E-04,7.31511158E-04,7.14963186E-04,6.94237708E-04,6.83286344E-04,6.78295037E-04,6.72853086E-04,6.80590689E-04,6.81621081E-04,6.90738729E-04,7.11710600E-04,7.36076792E-04,7.63662043E-04,7.74101529E-04,7.91219994E-04,7.95699831E-04,7.87577650E-04,7.71527295E-04,7.57324044E-04,7.35441106E-04,7.06803752E-04,6.65009895E-04,6.33806863E-04,5.99560328E-04,5.61231573E-04,5.11711638E-04,4.73309861E-04,4.13982780E-04,3.76006035E-04,3.24319990E-04,2.79303349E-04,2.36149746E-04,1.95185421E-04,1.66000900E-04,1.36473711E-04,1.07046719E-04,9.08830116E-05,7.26449653E-05,6.19059938E-05,5.29973586E-05,4.44436373E-05,4.12567497E-05,4.40749682E-05,3.28594106E-05,3.45648405E-05,3.78470468E-05,3.31087795E-05,3.22451306E-05,3.13873607E-05,2.89178170E-05,3.25725123E-05,3.28890310E-05,3.20227737E-05,2.93515968E-05,3.10783653E-05,3.38270074E-05,3.63316358E-05,3.33728894E-05,3.18562270E-05,3.50520822E-05,2.81844223E-05,3.25479559E-05,3.34188589E-05,3.04506448E-05,2.84222278E-05,2.21594073E-05,2.72061825E-05,2.47814514E-05,2.34752188E-05,2.61624755E-05,2.13305339E-05,2.39073397E-05,2.01733055E-05,1.96759902E-05,2.08107576E-05,2.43082650E-05,2.04692897E-05,2.01359853E-05,2.28222398E-05,1.99802089E-05,2.06638742E-05,1.95801131E-05,1.64340818E-05,1.55987236E-05,2.10092530E-05,2.06805798E-05,2.14139527E-05,2.01679795E-05,2.25008243E-05,2.06672485E-05,2.35907173E-05,2.19274025E-05,2.97272873E-05,2.78051957E-05,2.01241764E-05,1.83746197E-05,2.85890237E-05,2.61228615E-05,2.84626258E-05,3.14725585E-05,2.96031776E-05,3.00139145E-05,3.37253805E-05,2.62267986E-05,2.97034585E-05,2.44016373E-05,2.95891641E-05,2.41426496E-05,1.79191175E-05,1.29386326E-05,1.76667363E-05,1.61947082E-05,1.47600167E-05,1.77075144E-05,1.60154414E-05,1.56247461E-05,1.18001890E-05,1.37338711E-05,7.87396220E-06,9.10197923E-06,6.52123754E-06,9.61494879E-06,9.97743791E-06,6.45998125E-06,1.30150929E-05,1.22253696E-05,3.92103311E-06,4.02263186E-06,1.64479698E-05,1.53106630E-05,1.00826819E-05,1.28171487E-05,8.94031291E-06,9.07841968E-06,8.11667451E-06,1.04149412E-05,1.11917361E-05,1.44568548E-05,5.39016764E-06,2.69435964E-06,1.08483428E-05,4.47006005E-06,1.22901074E-05,1.36735816E-05,1.36641365E-05,5.95662641E-06,9.57378506E-06,-3.52E-06,1.09533403E-05,7.76502930E-06,1.18586868E-05,1.17361151E-05,2.33518876E-05,1.87370952E-05,2.12384348E-05,1.42075960E-05,1.47872379E-05,1.56599417E-05,1.36682102E-05,8.92339085E-06,1.16115225E-05,1.22038409E-05,1.13827882E-05,8.66444861E-06,2.47082990E-05,2.13960557E-05,1.44036903E-05,2.08098099E-05,2.21956998E-05,3.14904100E-05,1.34043394E-05,2.96362068E-05,2.65710078E-05,2.54518909E-05,3.18943021E-05,7.75530862E-06,3.79023586E-05,2.56275016E-05,2.16048575E-05,2.51245347E-05,1.71987904E-05,2.62125250E-05,2.13663570E-05,1.37717907E-05,4.45340083E-06,-1.13E-06,3.18563689E-05,1.90872197E-06,1.77075126E-05,6.31915327E-06,2.86408681E-06,1.33398762E-05,5.61324987E-06,2.95267491E-05,1.28058355E-05,-6.39E-06,1.68127171E-05,6.19407547E-06,6.97509449E-06,-1.73E-06,1.47810733E-05,1.15794855E-05,-1.37E-05,6.14315013E-06,2.93199446E-06,1.50193819E-05,3.24373032E-05,2.61301489E-06,2.72269299E-05,8.48382570E-06,2.12546820E-05,1.89314287E-05,3.03432153E-05,2.87626299E-05,-3.00E-06,-2.02E-05,-8.64E-06,3.37688107E-05,-3.46E-06,2.37116219E-05,INT SYNC:059.94[Hz],DOUBLE FRAME,NORMAL,STANDARD DARK,ONE,CIE1931 (2°),1°,100,0.33333333,0.33333333,NONE,1,33367,761871,OFF,TRUE,2024/03/25,16:55:22,OK00,----,----,----,CS-3000HDR,3001075,1.00.0008
153,2.65018459E+02,2.18049811E+02,1.66243887E+03,2.18049811E+02,0.12352252,0.10163089,0.12437682,0.23025101,----,----,474.942811,93.8504703,134.421493,43.5613142,-251.093215,2.27020971E+00,473,5.80446476E-06,-6.28E-06,4.89557306E-06,6.16059242E-06,2.15805855E-07,1.40567672E-05,1.70411731E-05,2.38694241E-07,-8.69E-06,4.22636640E-06,-4.29E-06,-1.49E-06,3.18687694E-06,5.06798460E-06,1.04125238E-05,9.35277239E-06,-5.86E-06,9.61959176E-06,9.08090351E-06,-1.48E-05,-1.80E-05,-5.76E-06,1.14450813E-06,1.09306575E-06,-3.61E-06,-4.90E-07,-2.15E-05,-6.83E-07,-9.14E-06,-6.84E-06,1.62881570E-05,-4.35E-06,-1.62E-05,-7.42E-06,-7.81E-06,-7.13E-06,-1.60E-05,-1.56E-05,-1.15E-05,-9.20E-06,-4.57E-06,-2.34E-05,-9.46E-06,-6.39E-06,-1.38E-05,-2.87E-05,-1.51E-05,-1.08E-05,-8.60E-06,-2.20E-05,-3.03E-05,-2.87E-05,-3.29E-05,-2.89E-05,-4.17E-05,-3.83E-05,-4.68E-05,-4.68E-05,-3.11E-05,-1.07E-05,4.67160426E-05,1.27019535E-04,3.05603084E-04,5.76238148E-04,1.02172885E-03,1.66097854E-03,2.59102415E-03,3.91545938E-03,5.72077790E-03,7.83087593E-03,1.03969211E-02,1.34021258E-02,1.70676820E-02,2.07923986E-02,2.46793367E-02,2.87248995E-02,3.32321301E-02,3.72013934E-02,4.07829955E-02,4.39551398E-02,4.68711369E-02,4.89811637E-02,5.07658906E-02,5.24710491E-02,5.39747328E-02,5.58324233E-02,5.72985150E-02,5.89067377E-02,6.07072413E-02,6.19951412E-02,6.33249506E-02,6.43286780E-02,6.52310029E-02,6.57427236E-02,6.56505972E-02,6.49687350E-02,6.37053177E-02,6.22114837E-02,6.01374656E-02,5.84185421E-02,5.67930900E-02,5.55934571E-02,5.40195741E-02,5.27772121E-02,5.15340082E-02,4.97906096E-02,4.76476774E-02,4.51902561E-02,4.22140732E-02,3.88669521E-02,3.53308357E-02,3.13862711E-02,2.77611353E-02,2.42695790E-02,2.09517274E-02,1.79447234E-02,1.54546928E-02,1.32706407E-02,1.12917200E-02,9.39260516E-03,7.55532412E-03,6.03283476E-03,4.71712323E-03,3.65020591E-03,2.77174520E-03,2.17217486E-03,1.71740120E-03,1.41460740E-03,1.20419194E-03,1.05554040E-03,9.67055035E-04,8.99834500E-04,8.71494994E-04,8.56460596E-04,8.44237104E-04,8.36739608E-04,8.22464062E-04,8.21723545E-04,8.13812483E-04,7.90209277E-04,7.76421570E-04,7.59810384E-04,7.49753264E-04,7.22619705E-04,7.06821738E-04,6.88544416E-04,6.62029837E-04,6.36353914E-04,6.27443194E-04,6.01459004E-04,5.93166042E-04,5.93624194E-04,5.97085978E-04,6.06574526E-04,6.13629352E-04,6.32001902E-04,6.45028020E-04,6.77598116E-04,6.92665693E-04,7.34521949E-04,7.70890678E-04,7.98307941E-04,8.37182859E-04,8.75686994E-04,9.11552925E-04,9.29667847E-04,9.13238386E-04,8.82287335E-04,8.71752272E-04,8.72306118E-04,8.92621931E-04,9.05082503E-04,9.07796202E-04,8.99282983E-04,8.78640509E-04,8.37974192E-04,8.14102706E-04,7.70565937E-04,7.33896159E-04,7.03412981E-04,6.78543875E-04,6.41922234E-04,6.23923086E-04,6.20072940E-04,5.93362784E-04,5.81976841E-04,5.72573685E-04,5.71564422E-04,5.74684644E-04,5.70115633E-04,5.84701600E-04,6.11925265E-04,6.15593861E-04,6.35726494E-04,6.56481076E-04,6.84269995E-04,6.78151206E-04,6.71421934E-04,6.67713524E-04,6.46466971E-04,6.34109310E-04,6.08020695E-04,5.73183235E-04,5.49894234E-04,5.20473754E-04,4.89299768E-04,4.38703602E-04,4.17669624E-04,3.72015755E-04,3.36663041E-04,2.94847676E-04,2.62966263E-04,2.28215897E-04,1.91564075E-04,1.55444388E-04,1.34155896E-04,1.15198898E-04,9.92375208E-05,7.93563740E-05,6.95277631E-05,6.12088843E-05,5.38593486E-05,4.65298872E-05,5.31990263E-05,4.26155821E-05,4.17467782E-05,3.84454288E-05,3.49378934E-05,3.51565250E-05,3.75001364E-05,3.25512847E-05,3.17425220E-05,3.53975302E-05,3.22876949E-05,3.07261471E-05,3.33277458E-05,3.61009334E-05,3.26217523E-05,3.42759959E-05,3.12755037E-05,3.35916593E-05,3.20100517E-05,3.42074854E-05,3.24849498E-05,2.99646435E-05,2.61875757E-05,3.01507189E-05,2.41386915E-05,2.53242997E-05,2.39081655E-05,2.24452087E-05,2.46652999E-05,2.43129180E-05,2.38853008E-05,2.35963071E-05,2.08541369E-05,2.29762973E-05,2.21761620E-05,1.87591340E-05,2.04205553E-05,2.39742894E-05,2.54169554E-05,2.33794690E-05,2.70824330E-05,2.66579609E-05,2.77526888E-05,2.42755123E-05,2.21148275E-05,2.57960601E-05,2.96823364E-05,2.28017616E-05,2.77430263E-05,2.61213427E-05,2.87709627E-05,2.85357328E-05,3.07157134E-05,3.18014754E-05,3.32517739E-05,3.46615852E-05,3.57995887E-05,2.99723324E-05,3.24981738E-05,3.35681761E-05,3.53986652E-05,3.63263862E-05,3.40786428E-05,2.84813050E-05,2.69520297E-05,2.75519051E-05,2.31497415E-05,2.35694024E-05,1.40565380E-05,1.96105120E-05,1.04097389E-05,1.33028043E-05,1.31492088E-05,1.19764063E-05,9.30557781E-06,1.37792013E-05,1.15781777E-05,1.26629366E-05,1.58992771E-05,9.49236801E-06,1.26026662E-05,1.19809993E-05,6.37996345E-06,1.44750893E-05,4.22826542E-06,4.92459867E-06,9.29524049E-06,1.53884557E-05,4.16041075E-06,7.28841042E-06,8.94484310E-06,4.48747596E-06,1.28338411E-06,5.40804876E-06,1.34769980E-05,8.63745481E-06,8.48646596E-06,1.15551693E-05,5.19021842E-06,7.38389690E-06,1.24749258E-05,1.06080815E-05,1.02552631E-05,1.32309460E-05,1.96273322E-05,2.33148603E-05,4.40721897E-06,2.22310482E-05,7.45689840E-06,-4.39E-06,3.92815218E-06,1.03681741E-05,1.22638767E-05,4.74582248E-06,1.46030334E-05,7.51757443E-06,8.41476594E-06,1.47814774E-06,9.40079553E-06,1.25059805E-05,9.88974534E-06,2.79705018E-05,1.79871822E-05,1.94852364E-05,2.40341124E-05,2.23998013E-05,2.38541579E-05,2.44424409E-05,2.32036655E-05,3.91687463E-05,2.10794587E-05,2.81975717E-05,2.72257312E-05,3.31443698E-05,4.28121784E-05,3.30044750E-05,2.52348418E-05,2.99505900E-05,2.49364512E-05,1.38392488E-05,1.75009409E-05,1.40753818E-05,9.60851958E-06,5.69061240E-06,-1.06E-05,1.27779622E-05,2.16083140E-06,7.03124624E-06,2.24984615E-05,1.97142417E-05,2.19862181E-06,5.53817154E-06,4.14097622E-06,2.05297711E-05,1.33919366E-05,-1.62E-05,-2.93E-06,-3.41E-05,6.66333244E-06,2.19966460E-05,1.20494324E-05,3.36688777E-06,4.39839187E-09,1.30902890E-06,2.73968944E-05,2.11689567E-05,1.89830625E-05,1.82922377E-05,1.44079911E-06,7.20067555E-06,1.28342492E-06,2.48089636E-05,1.78013943E-05,-9.72E-06,1.98140988E-05,3.30288858E-05,2.65360291E-06,8.44513670E-06,INT SYNC:059.94[Hz],DOUBLE FRAME,NORMAL,STANDARD DARK,ONE,CIE1931 (2°),1°,100,0.33333333,0.33333333,NONE,1,33367,765423,OFF,TRUE,2024/03/25,16:55:24,OK00,----,----,----,CS-3000HDR,3001075,1.00.0008
154,2.66427694E+02,2.22051023E+02,1.65885235E+03,2.22051023E+02,0.12407388,0.10340791,0.12429926,0.23309044,----,----,475.057458,93.4476045,135.335999,40.8437531,-249.149142,2.27379500E+00,474,8.49682351E-07,9.58468445E-06,-2.72E-06,-1.15E-05,5.58110423E-06,-1.90E-05,-7.52E-06,2.49512123E-05,-2.84E-06,-1.08E-05,8.85695329E-07,1.07269407E-05,1.89726088E-05,8.60286036E-06,4.26881024E-06,7.91563434E-06,1.77115235E-05,1.10089377E-06,1.32739015E-05,-1.97E-06,-2.33E-06,-5.75E-06,9.74490740E-06,-1.58E-07,1.22560150E-05,1.08764816E-05,-7.96E-06,1.83367365E-06,7.41916938E-06,4.92964182E-06,-1.11E-05,-2.10E-06,7.08037135E-07,-9.59E-06,1.15008561E-05,-1.38E-06,-4.77E-06,-8.73E-06,-1.52E-05,-2.70E-05,-9.97E-06,-2.11E-05,-1.77E-05,-2.82E-06,-1.37E-05,-1.91E-05,-2.56E-05,-1.10E-05,-1.80E-05,-2.03E-05,-3.29E-05,-1.97E-05,-2.33E-05,-3.96E-05,-4.51E-05,-3.10E-05,-4.46E-05,-5.14E-05,-3.32E-05,-1.28E-05,4.19949720E-05,1.22300262E-04,2.91187433E-04,5.55911218E-04,9.79070552E-04,1.65423693E-03,2.58881063E-03,3.83327925E-03,5.65177621E-03,7.76811410E-03,1.03448508E-02,1.33447144E-02,1.69978440E-02,2.06280574E-02,2.45387945E-02,2.85656899E-02,3.30209173E-02,3.70686799E-02,4.07444648E-02,4.38950546E-02,4.68158275E-02,4.87058572E-02,5.05580753E-02,5.23042120E-02,5.39665855E-02,5.56625985E-02,5.71481884E-02,5.88412769E-02,6.04886711E-02,6.19818233E-02,6.31644875E-02,6.43804222E-02,6.51972145E-02,6.56427294E-02,6.56560287E-02,6.47835657E-02,6.35562763E-02,6.21031485E-02,5.99880069E-02,5.83870225E-02,5.68789132E-02,5.54694384E-02,5.40088005E-02,5.26607633E-02,5.14326543E-02,4.97841835E-02,4.76795435E-02,4.51303534E-02,4.21701334E-02,3.87942530E-02,3.53122763E-02,3.14112566E-02,2.77978797E-02,2.42826194E-02,2.09927317E-02,1.79652814E-02,1.55041534E-02,1.33274905E-02,1.13504622E-02,9.48075578E-03,7.64074642E-03,6.07214449E-03,4.76177689E-03,3.71511234E-03,2.82611675E-03,2.21932423E-03,1.77344854E-03,1.46225595E-03,1.24733592E-03,1.11238693E-03,1.03596936E-03,9.75445204E-04,9.43902531E-04,9.21681174E-04,9.11236915E-04,8.96710437E-04,8.89192452E-04,8.84632231E-04,8.64169386E-04,8.45236646E-04,8.28183198E-04,8.08885961E-04,8.00894806E-04,7.75263004E-04,7.65892619E-04,7.44902762E-04,7.15323782E-04,6.90101355E-04,6.73090864E-04,6.63633691E-04,6.60191872E-04,6.75563409E-04,6.60109916E-04,6.88975211E-04,6.89872482E-04,7.13064102E-04,7.22303579E-04,7.51600252E-04,7.78112095E-04,8.27798329E-04,8.54014419E-04,8.98862083E-04,9.42997285E-04,9.92830493E-04,1.04639155E-03,1.05592038E-03,1.02052221E-03,9.98108648E-04,9.81862773E-04,9.91927227E-04,1.01163727E-03,1.04107079E-03,1.04244228E-03,1.02546322E-03,9.99497250E-04,9.54178628E-04,9.15573328E-04,8.76512029E-04,8.31934158E-04,8.01147951E-04,7.63029268E-04,7.40124728E-04,7.12164037E-04,6.94118848E-04,6.77395845E-04,6.63586077E-04,6.58525387E-04,6.51593960E-04,6.54431351E-04,6.60652178E-04,6.69214991E-04,6.87924679E-04,7.21507007E-04,7.40301271E-04,7.50444888E-04,7.58168113E-04,7.71637773E-04,7.75169814E-04,7.55509245E-04,7.41428288E-04,7.11295696E-04,6.85313833E-04,6.56023913E-04,6.15558180E-04,5.88442024E-04,5.41980553E-04,5.03837946E-04,4.66655561E-04,4.00238700E-04,3.61573097E-04,3.21343599E-04,2.74333783E-04,2.27992365E-04,1.92152758E-04,1.58488328E-04,1.33014211E-04,1.09948101E-04,8.86787457E-05,7.61197807E-05,6.47801571E-05,5.28633354E-05,4.13618727E-05,4.00081044E-05,4.12699701E-05,3.86275424E-05,3.31555930E-05,3.40241022E-05,3.17958111E-05,3.35870645E-05,2.86935538E-05,3.09115385E-05,3.09254428E-05,2.91232773E-05,3.19566352E-05,2.94641632E-05,3.09072966E-05,2.93774447E-05,2.96091930E-05,3.33374373E-05,2.75761486E-05,3.16767400E-05,3.00893371E-05,3.12809243E-05,3.23901913E-05,3.14029385E-05,2.91243614E-05,2.86038776E-05,2.47138778E-05,2.36588185E-05,2.84736561E-05,2.41906728E-05,2.00167560E-05,2.56473249E-05,2.10086691E-05,2.43359045E-05,2.47378721E-05,2.03933814E-05,1.73333592E-05,2.16468106E-05,1.90109276E-05,1.60785130E-05,1.98839207E-05,2.01890398E-05,1.87898459E-05,1.94720196E-05,1.79624894E-05,2.13351304E-05,1.62261713E-05,1.78454447E-05,1.77438433E-05,1.79702729E-05,2.19649282E-05,2.48268370E-05,2.79020005E-05,2.43577742E-05,2.23411389E-05,2.83083355E-05,2.56360327E-05,2.90083171E-05,3.18458697E-05,2.71677163E-05,2.44536895E-05,2.81106459E-05,3.40731094E-05,2.19320173E-05,2.70233886E-05,2.65487470E-05,2.08892488E-05,2.48924644E-05,2.77957533E-05,1.81285850E-05,1.57142367E-05,1.84026831E-05,1.37986472E-05,1.13444703E-05,1.51801451E-05,9.45223383E-06,1.26914802E-05,2.07589201E-05,1.74820707E-05,1.11882518E-05,1.67053804E-05,1.22940837E-05,7.50779418E-06,4.25486178E-07,5.60845319E-06,1.45895683E-05,5.34909987E-06,5.38578570E-06,1.07631868E-05,1.36753715E-05,1.21154844E-05,1.79648596E-05,1.44487049E-05,1.41005603E-05,1.97629652E-06,9.63469483E-06,9.74009981E-06,1.63741970E-05,1.05335848E-05,8.77446837E-06,5.25242785E-06,1.26651876E-05,6.67645054E-06,1.23955551E-05,1.67279286E-05,8.73509634E-06,1.76001377E-05,9.93946469E-06,2.16676854E-05,1.29186910E-05,6.24440054E-06,6.22904145E-06,1.47771198E-05,1.16123165E-05,1.58838102E-05,2.43733884E-05,3.67840876E-05,3.65478377E-06,3.09318748E-05,3.07055016E-05,1.36007911E-05,2.47481398E-06,2.48511668E-07,1.97261434E-05,1.05547888E-05,1.71374006E-06,9.25797667E-06,2.05774977E-05,3.31918454E-05,3.32597228E-05,3.42458006E-05,2.92379882E-05,2.86689337E-05,1.04388037E-05,1.98452890E-05,1.29030695E-05,4.83896547E-05,2.08459733E-05,1.69888790E-05,2.11132337E-05,2.58155687E-05,2.36039577E-05,1.34249976E-05,2.66856987E-05,2.25152580E-05,1.22701304E-05,1.85699100E-05,4.50171819E-06,2.59394874E-05,2.60039196E-05,1.99723272E-05,2.32577258E-05,1.79048930E-05,7.12295559E-06,4.08807427E-05,2.09465634E-05,3.94199233E-05,3.72713766E-05,7.95431242E-06,1.01547557E-05,2.60256711E-05,9.89079922E-07,-1.23E-05,-5.63E-06,-2.45E-06,-2.36E-05,2.59988574E-05,3.33150383E-05,-8.25E-06,8.58972999E-06,-8.59E-06,-8.74E-06,2.18108676E-06,2.46626114E-05,9.07816229E-06,5.80695041E-06,3.93523123E-06,3.82317594E-05,6.92867752E-06,1.83092052E-05,INT SYNC:059.94[Hz],DOUBLE FRAME,NORMAL,STANDARD DARK,ONE,CIE1931 (2°),1°,100,0.33333333,0.33333333,NONE,1,33367,763168,OFF,TRUE,2024/03/25,16:55:27,OK00,----,----,----,CS-3000HDR,3001075,1.00.0008
155,2.64967512E+02,2.19839372E+02,1.65606527E+03,2.19839372E+02,0.12376615,0.10268683,0.12424108,0.23193195,----,----,475.02162,93.635447,134.831881,41.7480574,-249.732489,2.26729846E+00,473,6.11560290E-06,4.36651544E-06,1.42148056E-05,-1.17E-05,1.35427654E-05,-6.43E-06,1.62575725E-05,7.42375687E-06,-3.07E-05,-1.35E-06,1.35158516E-05,-1.91E-06,-4.08E-06,-3.09E-06,5.35680238E-06,1.81648659E-07,-2.09E-06,1.34848324E-05,6.78573542E-07,-6.28E-07,3.81634300E-06,-1.01E-06,2.05826450E-06,-7.87E-06,2.22318340E-06,9.39064739E-06,-3.91E-06,-5.00E-06,-6.57E-06,4.26149472E-06,4.74074704E-06,2.50329845E-06,-3.87E-06,-1.34E-05,-3.43E-06,-1.33E-05,-1.29E-05,-1.63E-05,-7.93E-06,-2.14E-05,-1.52E-05,-2.08E-05,-1.04E-05,-1.03E-05,-2.01E-05,-2.75E-05,-8.07E-06,-1.17E-05,-2.51E-05,-2.34E-05,-1.60E-05,-1.82E-05,-4.62E-05,-4.28E-05,-4.43E-05,-2.38E-05,-4.60E-05,-4.60E-05,-2.42E-05,7.78821629E-07,2.18720925E-05,1.19691795E-04,2.86177936E-04,5.45993040E-04,9.93435853E-04,1.64515793E-03,2.56187911E-03,3.80815170E-03,5.65843144E-03,7.70382397E-03,1.02617880E-02,1.32473568E-02,1.69353355E-02,2.06112023E-02,2.43872274E-02,2.84557436E-02,3.29910517E-02,3.68995294E-02,4.05923761E-02,4.37180884E-02,4.65826653E-02,4.87402901E-02,5.05235568E-02,5.21954745E-02,5.38352281E-02,5.56137301E-02,5.72052412E-02,5.86886741E-02,6.03132099E-02,6.19682707E-02,6.32438362E-02,6.42060712E-02,6.51004389E-02,6.56186119E-02,6.55123070E-02,6.48129433E-02,6.36537224E-02,6.20617755E-02,6.00137226E-02,5.84440753E-02,5.68641275E-02,5.54044619E-02,5.38987517E-02,5.27265407E-02,5.13305292E-02,4.97079641E-02,4.76521514E-02,4.51183319E-02,4.22095507E-02,3.87866981E-02,3.52822505E-02,3.14169079E-02,2.77171675E-02,2.42062137E-02,2.09283773E-02,1.79542471E-02,1.54584646E-02,1.32950926E-02,1.12595977E-02,9.38075874E-03,7.58695835E-03,6.06100215E-03,4.73603047E-03,3.67134344E-03,2.81323562E-03,2.20195367E-03,1.75212219E-03,1.41625991E-03,1.23067014E-03,1.08529162E-03,1.00985751E-03,9.44362953E-04,9.21274710E-04,8.76783859E-04,8.79259373E-04,8.61259643E-04,8.67982162E-04,8.47074727E-04,8.34294828E-04,8.19278415E-04,8.00137524E-04,7.86433055E-04,7.81259907E-04,7.60250317E-04,7.31489272E-04,7.20400538E-04,6.95384457E-04,6.64161344E-04,6.55073381E-04,6.34704425E-04,6.29083253E-04,6.30595023E-04,6.32353942E-04,6.40658254E-04,6.59605255E-04,6.70487760E-04,6.81109843E-04,7.12607172E-04,7.49847444E-04,7.81801413E-04,8.12290353E-04,8.55028746E-04,9.01397201E-04,9.33272240E-04,9.91199980E-04,9.95342969E-04,9.64466890E-04,9.38124256E-04,9.22136998E-04,9.37503763E-04,9.55109193E-04,9.79990116E-04,9.78474040E-04,9.63189930E-04,9.38561803E-04,8.94732657E-04,8.63827299E-04,8.31758836E-04,7.89712940E-04,7.57868576E-04,7.22104160E-04,6.99429307E-04,6.64309773E-04,6.52274466E-04,6.38593279E-04,6.20405306E-04,6.23549742E-04,6.17165468E-04,6.18764374E-04,6.21613814E-04,6.27712754E-04,6.53271971E-04,6.72097260E-04,6.86039508E-04,7.12136331E-04,7.18975905E-04,7.36189832E-04,7.21562712E-04,7.21713004E-04,6.98611489E-04,6.74063864E-04,6.50536851E-04,6.15043333E-04,5.83366957E-04,5.50775090E-04,5.18107379E-04,4.81708936E-04,4.40891221E-04,3.87508626E-04,3.41474137E-04,3.01053311E-04,2.62618298E-04,2.23739044E-04,1.89569400E-04,1.56716473E-04,1.35016962E-04,1.11238682E-04,8.74683901E-05,7.58162787E-05,6.05661662E-05,4.99753878E-05,4.59019066E-05,4.30086111E-05,4.00250938E-05,3.75773525E-05,3.41068007E-05,3.26749869E-05,3.86235588E-05,3.38322498E-05,3.20432991E-05,3.43543979E-05,3.26742193E-05,3.35613549E-05,2.91155466E-05,2.88976044E-05,3.64580483E-05,2.99527819E-05,3.29065297E-05,3.62946739E-05,3.22156193E-05,2.90835687E-05,3.01956134E-05,2.98690575E-05,3.01373111E-05,2.92186887E-05,2.77069284E-05,2.54741535E-05,2.57023603E-05,2.86207251E-05,2.78563530E-05,2.79006381E-05,1.88281647E-05,2.38783105E-05,2.10926974E-05,1.65535967E-05,2.01759049E-05,2.41414618E-05,2.64260143E-05,1.83973407E-05,1.42689969E-05,1.73457538E-05,1.91826384E-05,1.83519551E-05,1.91725539E-05,2.10467570E-05,2.24441519E-05,1.93432843E-05,2.38342873E-05,2.38918110E-05,2.38872290E-05,2.72659017E-05,2.03290365E-05,2.24591786E-05,2.69432167E-05,2.46330692E-05,2.53255294E-05,2.50601679E-05,2.17057950E-05,3.06382899E-05,2.95504760E-05,2.82549117E-05,3.06013426E-05,3.17400954E-05,2.97644146E-05,3.24358152E-05,2.61250952E-05,2.70963137E-05,2.93002868E-05,2.89506843E-05,2.07478552E-05,1.47238725E-05,1.80408933E-05,1.49271127E-05,1.03725670E-05,1.44665546E-05,1.20305067E-05,8.59298780E-06,1.47740002E-05,1.60304535E-05,1.19013548E-05,6.46141461E-06,9.16248428E-06,5.69576059E-06,9.08767743E-06,1.26302966E-05,1.35040891E-05,1.92465650E-05,7.73034299E-06,6.79154800E-06,1.22590291E-05,1.13023061E-05,6.97371615E-06,1.26489713E-05,1.14788299E-05,1.22050801E-06,3.74098545E-06,1.04125074E-05,1.51806234E-05,7.41383201E-06,-1.95E-06,2.40664872E-06,1.12532289E-05,1.31629085E-05,1.02355862E-05,1.57393151E-06,9.65990785E-06,1.13274646E-05,1.08788099E-05,6.35275910E-06,4.46618469E-06,1.20268041E-05,3.63044910E-06,1.43756670E-05,8.32292153E-06,1.56924089E-05,2.13356307E-05,5.66287645E-06,2.31366594E-05,2.43286595E-05,1.66566933E-05,1.92052539E-05,1.12378093E-05,1.48909103E-05,1.55291837E-05,1.87971746E-05,3.00403326E-06,1.88545146E-05,4.86467707E-06,3.80176571E-05,2.82291785E-05,1.34226066E-05,1.50249980E-05,3.57711397E-05,4.19810785E-05,2.47981407E-05,2.44698222E-05,4.44870057E-05,3.75328855E-05,2.46201453E-05,2.98400337E-05,2.79042961E-05,1.64401754E-05,3.46280758E-05,3.72645336E-05,2.10750131E-05,1.07715305E-05,1.09033263E-05,3.09490679E-05,1.85270183E-05,1.65374913E-05,9.54765255E-06,7.35041112E-06,9.62359536E-06,8.31220916E-07,1.34495860E-06,-2.48E-06,7.05901084E-06,4.57608894E-06,1.39431140E-05,-4.75E-06,2.85294991E-05,6.16322677E-06,7.65807727E-06,-1.24E-06,-4.24E-07,1.63864279E-05,2.29741563E-05,8.29650980E-06,8.35890842E-06,1.95778084E-05,-9.89E-07,-8.65E-06,-1.32E-05,1.01889800E-05,2.79512133E-05,2.77570707E-05,1.45355953E-05,2.78319421E-05,4.20095021E-05,1.92777061E-05,4.45319201E-05,INT SYNC:059.94[Hz],DOUBLE FRAME,NORMAL,STANDARD DARK,ONE,CIE1931 (2°),1°,100,0.33333333,0.33333333,NONE,1,33367,763166,OFF,TRUE,2024/03/25,16:55:30,OK00,----,----,----,CS-3000HDR,3001075,1.00.0008